10 127 297 163
21 253
21 254
24 223
26 254
27 254
27 255
28 255
28 256
29 256
30 256
31 256
32 256
33 226
34 226
35 226
36 226
37 227
38 228
39 228
40 229
41 229
41 230
42 230
42 231
42 247
42 248
42 249
43 232
43 246
43 247
44 217
44 218
44 246
45 246
46 190
46 191
46 192
46 193
47 235
47 236
48 202
48 204
48 230
48 234
48 237
48 238
48 239
48 240
48 241
48 242
48 243
49 233
50 195
50 198
50 248
51 188
51 248
51 250
51 251
52 187
52 239
52 240
52 242
52 243
52 244
52 245
52 251
53 185
54 150
54 185
54 245
55 151
55 245
56 151
56 158
56 183
56 246
57 150
57 159
57 160
57 169
57 176
57 177
57 246
58 143
58 144
58 145
58 146
58 147
58 148
58 149
58 150
58 151
58 160
58 161
58 168
58 169
58 174
58 175
58 179
58 180
58 181
58 247
59 142
59 156
59 161
59 173
59 179
59 248
60 155
60 156
60 172
60 178
60 256
61 154
61 162
61 177
61 248
61 257
62 163
62 164
62 165
62 166
62 169
62 170
62 171
62 175
62 176
63 160
63 161
63 167
63 168
63 174
63 175
63 247
64 156
64 157
64 158
64 160
65 155
65 156
75 247
81 139
82 128
82 140
83 129
83 130
83 141
84 131
84 132
85 132
86 132
87 133
87 134
87 253
89 135
89 257
89 258
109 229
109 231
110 218
110 219
110 220
110 221
110 222
110 223
110 224
110 225
110 226
110 227
111 178
111 179
111 213
111 215
111 217
112 179
112 180
112 181
112 211
112 212
114 182
115 183
116 184
116 185
116 206
117 185
117 186
117 205
117 235
117 236
118 186
118 205
118 228
118 229
118 230
118 231
118 232
118 233
118 234
118 237
119 187
119 220
119 221
119 222
119 223
119 224
119 225
119 226
119 227
120 171
120 173
120 175
120 176
120 177
120 187
120 217
120 218
120 219
121 165
121 166
121 167
121 168
121 169
121 170
121 175
121 177
121 178
121 179
121 188
121 208
121 215
121 216
121 217
122 180
122 181
122 183
122 188
122 213
122 214
122 215
124 163
124 174
124 189
125 161
125 162
125 163
125 174
125 183
125 189
126 161
126 162
126 174
126 175
126 184
127 162
127 172
127 183
127 189
128 162
128 170
128 171
128 183
129 164
129 165
129 168
129 169
130 166
130 167
130 183
131 188
132 182
132 188
133 188
135 181
136 181
136 187
137 181
137 187
138 187
139 186
141 180
142 185
144 180
144 213
145 213
148 183
151 175
152 287
153 183
153 197
153 281
153 285
153 286
154 183
154 195
154 196
154 282
154 283
154 284
155 184
155 185
155 194
155 200
156 185
156 186
156 192
156 193
156 199
156 200
156 201
156 202
156 203
156 207
156 208
156 209
156 223
156 224
156 225
157 187
157 188
157 189
157 190
157 191
157 204
157 205
157 206
157 210
157 223
157 227
157 228
158 211
158 215
158 216
158 217
158 218
158 219
158 222
159 212
159 214
159 220
159 221
159 222
160 178
160 190
160 191
160 222
161 177
161 191
161 192
162 177
162 193
162 194
163 175
163 176
163 193
164 173
164 174
164 175
165 172
165 173
166 171
166 225
166 226
167 221
167 222
167 223
167 224
168 219
169 203
169 204
169 205
169 210
169 211
169 214
169 215
169 216
170 196
170 197
170 198
170 199
170 200
170 201
170 202
170 206
170 207
170 208
170 209
171 194
171 195
171 222
171 223
172 219
172 220
172 221
173 181
173 182
173 183
173 184
173 185
173 186
173 187
173 188
173 189
173 190
173 216
173 217
173 218
174 175
174 176
174 177
174 178
174 179
174 180
174 213
174 214
174 215
174 216
175 172
175 174
175 206
175 207
175 208
175 209
175 210
175 211
178 190
183 205
184 205
185 205
186 205
187 206
188 206
189 206
190 206
191 207
191 272
192 207
192 235
192 271
193 207
193 234
193 235
194 207
195 208
196 207
196 267
196 268
197 207
197 231
197 266
197 267
198 231
198 265
198 266
199 264
199 265
200 263
200 264
201 262
201 263
202 261
202 262
203 168
203 260
203 261
204 258
204 259
205 226
205 232
205 257
205 258
206 226
206 257
207 226
207 254
207 255
208 252
208 253
209 167
209 168
209 169
209 252
210 166
210 167
210 172
210 250
210 251
210 257
210 258
211 164
211 165
211 166
211 248
211 249
211 257
211 260
212 163
212 164
212 176
212 247
213 163
213 170
213 245
214 161
214 162
214 163
214 169
214 243
215 159
215 160
215 161
215 167
215 168
215 240
215 241
215 242
216 158
216 159
216 165
216 166
216 181
216 239
217 157
217 158
217 183
217 237
218 156
219 155
219 162
219 163
219 184
219 221
219 222
219 223
219 224
220 153
220 154
220 160
220 161
220 185
220 189
220 190
220 234
221 151
221 159
221 160
221 232
222 150
222 158
222 186
222 187
222 230
223 149
223 157
223 187
223 228
224 146
224 147
224 155
224 156
224 187
224 224
224 225
225 144
225 145
225 151
225 153
225 154
225 188
225 223
225 233
225 234
225 235
226 144
226 188
226 230
226 231
226 232
226 236
227 189
227 218
228 189
228 238
229 190
230 190
231 190
232 138
232 191
232 211
232 235
232 236
233 138
233 139
233 191
233 210
233 236
234 137
234 138
234 191
234 209
234 236
235 136
235 138
235 191
235 208
235 236
236 135
236 136
236 191
236 207
236 235
237 135
237 186
237 187
237 191
237 235
237 238
238 186
238 187
238 191
238 205
238 235
238 238
239 185
239 186
239 191
239 204
239 235
239 239
240 185
240 191
240 203
240 238
241 184
241 185
241 191
241 202
241 203
241 238
242 146
242 183
242 190
242 202
242 238
243 146
243 165
243 181
243 190
243 201
243 202
243 237
244 123
244 124
244 125
244 126
244 127
244 128
244 129
244 130
244 131
244 132
244 133
244 134
244 135
244 147
244 148
244 149
244 191
244 201
244 237
245 118
245 119
245 120
245 121
245 136
245 137
245 138
245 139
245 140
245 141
245 142
245 143
245 144
245 145
245 179
245 192
245 201
245 237
246 115
246 116
246 117
246 169
246 177
246 192
246 193
246 200
246 237
247 113
247 114
247 174
247 175
247 176
247 192
247 200
247 236
247 244
247 272
247 273
247 283
248 110
248 111
248 112
248 151
248 172
248 173
248 186
248 187
248 192
248 201
248 236
248 244
248 281
249 107
249 108
249 109
249 172
249 187
249 188
249 191
249 192
249 202
249 235
249 243
249 280
250 105
250 106
250 107
250 135
250 136
250 137
250 138
250 139
250 140
250 172
250 187
250 191
250 198
250 202
250 235
250 243
250 268
251 103
251 104
251 131
251 164
251 171
251 191
251 197
251 202
251 235
251 242
251 267
251 268
251 276
252 101
252 102
252 132
252 165
252 166
252 171
252 190
252 197
252 201
252 234
252 241
253 100
253 101
253 171
253 190
253 197
253 201
253 234
253 240
253 241
253 265
253 271
254 99
254 171
254 190
254 197
254 201
254 233
254 239
254 240
255 97
255 98
255 171
255 172
255 190
255 197
255 201
255 233
255 239
255 263
255 268
255 269
256 96
256 97
256 172
256 190
256 197
256 201
256 232
256 233
256 238
257 94
257 95
257 189
257 196
257 201
257 232
257 237
257 238
257 267
258 93
258 94
258 174
258 189
258 201
258 231
258 232
258 236
258 237
259 91
259 92
259 175
259 176
259 177
259 178
259 189
259 196
259 201
259 231
259 236
259 257
259 261
260 90
260 91
260 189
260 195
260 201
260 230
260 231
260 235
261 89
261 90
261 179
261 180
261 189
261 195
261 200
261 230
261 234
261 235
262 88
262 89
262 180
262 189
262 194
262 195
262 200
262 229
262 230
262 233
262 234
263 88
263 180
263 181
263 188
263 194
263 199
263 229
264 86
264 87
264 181
264 182
264 188
264 193
264 198
264 229
265 182
265 183
265 193
265 198
265 229
266 183
266 188
266 198
266 229
267 184
267 188
267 197
267 228
268 184
268 185
268 188
268 197
268 198
268 227
268 228
269 185
269 188
269 196
269 227
270 185
270 186
270 188
270 196
270 226
270 227
271 188
271 195
271 225
271 226
272 185
272 189
272 224
272 225
273 184
273 185
273 189
273 190
273 223
273 224
274 184
274 191
274 222
274 223
275 183
275 184
275 192
275 222
275 244
276 183
276 192
276 221
276 222
277 183
277 191
277 221
278 182
278 191
278 220
279 182
279 190
279 218
279 219
279 220
280 189
281 180
281 189
282 179
282 180
282 189
282 213
283 179
283 188
283 189
283 212
283 213
283 233
283 234
284 176
284 178
284 187
285 176
285 186
285 187
285 232
286 176
286 185
286 186
286 230
287 175
287 184
287 204
287 229
288 136
288 183
288 203
288 222
288 229
289 182
289 200
289 202
289 228
290 181
290 182
290 200
290 228
291 180
291 181
291 197
291 198
291 227
292 179
292 180
292 227
293 178
293 179
293 194
293 226
294 168
294 177
294 178
294 191
294 225
294 226
295 167
295 177
295 188
295 189
295 190
295 225
296 176
296 187
296 224
296 225
297 165
297 175
297 184
297 185
297 224
298 137
298 174
298 175
298 181
298 183
298 223
299 137
299 173
299 174
299 179
299 180
299 181
299 222
299 223
300 138
300 172
300 173
300 221
301 138
301 139
301 172
301 196
301 219
301 221
302 139
302 140
302 171
303 141
303 142
303 170
303 171
303 194
303 195
303 216
303 217
304 142
304 143
304 170
305 170
305 220
306 169
306 214
307 168
307 169
307 212
308 168
309 167
310 167
311 166
312 166
313 165
324 154
