445 75 43 48
431 73
431 74
432 75
433 76
434 76
434 77
434 78
434 79
435 80
435 81
436 81
436 82
437 83
438 84
438 85
439 85
439 86
440 87
440 88
441 88
441 90
442 91
443 92
444 92
445 93
445 94
445 95
446 92
446 93
446 96
447 92
447 96
447 97
447 100
447 101
448 98
448 99
448 102
449 103
450 104
450 105
450 106
450 107
451 107
451 108
452 103
452 108
452 109
452 110
453 109
453 110
454 102
454 109
454 110
455 109
455 110
456 108
457 108
458 108
462 65
463 116
464 116
465 88
465 116
468 110
469 71
471 114
472 75
472 82
472 114
473 78
473 114
474 82
474 108
477 85
477 101
477 107
478 89
478 101
478 102
478 107
478 112
479 90
479 91
479 101
479 102
480 91
480 102
481 100
481 112
483 106
485 108
