348 51 124 148
341 56
342 56
342 57
345 59
346 59
347 60
347 61
348 61
348 62
348 128
349 63
349 78
349 79
349 80
350 64
350 75
350 76
350 77
350 78
350 114
351 64
351 65
351 71
351 72
351 73
351 74
351 75
351 93
351 94
352 70
352 91
352 92
352 106
352 116
352 125
353 65
353 66
353 90
353 107
353 123
353 124
354 67
354 88
354 89
354 108
354 122
355 68
355 69
355 84
355 85
355 86
355 87
356 70
356 71
356 72
356 73
356 74
356 75
356 76
356 77
356 78
356 79
356 80
356 81
356 82
356 83
357 99
358 99
359 98
360 97
360 196
361 96
361 97
361 114
361 196
362 95
362 96
363 95
363 112
363 113
364 94
364 111
364 112
365 93
365 94
365 110
365 111
366 93
366 109
366 110
367 92
367 93
367 108
367 109
367 194
368 92
368 108
368 193
369 91
369 107
370 90
370 106
370 107
370 190
371 90
371 105
371 106
371 189
371 190
372 90
372 105
372 188
372 189
373 90
373 104
374 91
374 92
374 103
374 104
375 92
375 103
376 93
376 102
377 94
377 95
377 102
378 96
378 101
379 97
379 98
379 100
379 101
380 99
420 59
424 64
425 64
428 69
429 70
430 70
431 71
431 73
431 74
435 80
437 83
438 64
438 84
439 85
440 64
440 87
440 88
441 64
441 88
441 89
442 74
442 90
443 74
445 61
445 73
446 73
446 93
447 72
448 72
449 71
449 72
452 89
453 88
453 89
453 102
453 110
454 88
454 109
454 110
455 88
455 109
455 110
456 92
456 108
456 112
457 108
458 60
458 108
462 111
463 89
463 111
463 116
464 111
464 116
465 88
465 111
465 116
466 115
466 148
466 150
467 68
467 110
467 115
467 148
467 149
468 110
468 115
468 148
469 71
469 109
469 115
469 148
470 109
470 115
470 148
471 109
471 114
471 148
472 75
472 108
472 114
472 147
473 108
473 114
473 147
474 113
475 113
476 113
477 113
478 112
479 112
480 112
481 112
