265 48 141 219
253 132
254 133
255 133
256 133
257 133
258 133
259 133
259 178
260 132
260 179
261 132
261 180
262 132
262 180
263 133
264 133
264 182
265 85
265 86
265 133
265 198
266 85
266 134
267 84
267 134
267 197
268 134
268 197
268 246
268 259
268 260
269 135
269 196
269 244
269 245
269 256
269 257
269 258
270 135
270 196
270 243
270 244
270 254
270 255
271 135
271 241
271 242
271 253
271 254
272 135
272 240
272 251
272 252
273 135
273 238
273 249
273 250
273 251
274 135
274 236
274 237
274 246
274 247
274 248
274 249
275 135
275 234
275 235
275 243
275 245
276 135
276 221
276 234
276 240
276 241
276 242
276 243
277 135
277 182
277 240
278 90
278 135
278 220
278 240
279 135
279 181
279 220
279 234
279 235
279 236
279 237
279 239
279 240
280 136
280 181
280 216
280 217
280 218
280 234
280 238
280 239
281 136
281 180
281 214
281 215
281 234
282 136
282 213
282 214
282 228
282 234
283 225
283 226
283 228
283 234
284 176
284 211
284 212
284 225
284 226
284 227
284 232
284 233
285 76
285 176
285 210
285 211
285 231
286 76
286 185
286 206
286 207
286 208
286 209
287 75
287 176
287 184
287 205
287 219
287 220
287 221
287 222
287 223
288 96
288 104
288 136
288 173
288 174
288 175
288 183
288 202
288 219
289 105
289 172
289 173
289 182
289 200
289 201
289 218
289 219
290 171
290 181
290 182
290 199
290 218
290 228
291 170
291 180
291 181
291 217
291 218
292 42
292 43
292 44
292 45
292 46
292 47
292 48
292 49
292 50
292 169
292 179
292 180
292 195
292 196
292 227
293 34
293 35
293 36
293 37
293 38
293 39
293 40
293 41
293 72
293 168
293 169
293 178
293 179
293 193
293 226
294 26
294 27
294 28
294 29
294 30
294 31
294 32
294 33
294 34
294 73
294 167
294 177
294 178
294 192
294 225
295 23
295 24
295 25
295 73
295 166
295 177
295 225
296 22
296 74
296 165
296 166
296 176
296 186
296 224
296 225
297 74
297 175
297 224
298 75
298 101
298 137
298 164
298 165
298 182
298 204
298 206
298 223
299 75
299 76
299 137
299 163
299 164
299 198
299 199
299 202
299 203
299 205
299 222
300 76
300 100
300 138
300 160
300 161
300 162
300 163
300 178
300 197
300 198
300 199
300 200
300 201
300 217
300 222
301 98
301 99
301 138
301 139
301 153
301 154
301 155
301 156
301 157
301 158
301 159
301 197
301 200
301 218
301 220
302 88
302 89
302 93
302 94
302 95
302 96
302 97
302 98
302 139
302 140
302 152
302 153
302 201
302 217
303 141
303 142
303 151
303 170
303 216
303 217
304 142
304 143
304 144
304 145
304 146
304 147
304 148
304 149
304 150
304 194
304 215
304 216
304 220
305 194
305 214
305 215
305 219
305 220
306 169
306 194
306 205
306 206
306 213
306 214
307 168
307 194
307 206
307 212
307 213
308 75
308 168
308 193
308 194
308 205
308 223
309 74
309 75
309 167
309 192
309 193
309 215
309 222
310 73
310 74
310 167
310 190
310 191
310 214
310 215
310 221
310 222
311 72
311 73
311 166
311 213
311 214
311 220
311 221
312 71
312 72
312 166
312 187
312 188
312 206
312 208
312 209
312 210
312 211
312 212
312 221
313 70
313 71
313 165
313 186
313 187
313 221
314 70
314 164
314 165
314 208
314 220
315 69
315 163
315 164
315 207
315 208
315 220
316 67
316 68
316 162
316 163
316 204
316 205
316 206
316 207
316 220
317 66
317 67
317 161
317 162
317 179
317 205
317 206
317 220
318 65
318 160
318 161
318 167
318 220
319 64
319 159
319 167
319 220
320 63
320 158
320 159
320 167
320 179
320 220
320 221
321 62
321 158
321 175
321 177
321 221
322 61
322 156
322 157
322 162
322 221
323 60
323 61
323 155
323 156
323 162
323 163
324 59
324 60
324 153
324 169
324 172
325 58
325 66
325 171
326 56
326 57
327 54
327 55
327 221
328 150
328 221
329 150
329 154
329 220
330 154
330 167
331 154
331 160
332 147
332 148
332 154
332 155
332 156
332 157
332 158
332 217
332 218
333 146
333 147
333 217
334 145
334 146
334 217
335 144
335 145
335 216
336 143
336 144
336 162
336 215
336 216
337 142
337 214
337 215
338 142
338 156
338 213
338 214
339 53
339 141
339 154
339 155
339 212
339 213
340 54
340 55
340 152
340 153
340 154
340 211
340 212
341 72
341 138
341 150
341 151
341 152
341 204
341 205
341 206
341 207
341 208
341 209
341 210
341 211
342 72
342 91
342 137
342 148
342 149
342 150
342 201
342 202
342 203
343 63
343 73
343 88
343 90
343 91
343 92
343 120
343 121
343 122
343 123
343 135
343 136
343 137
343 138
343 147
343 148
343 199
343 200
344 74
344 85
344 86
344 87
344 91
344 117
344 118
344 119
344 124
344 127
344 128
344 129
344 130
344 131
344 132
344 133
344 134
344 146
344 198
344 199
345 67
345 68
345 75
345 81
345 82
345 83
345 91
345 92
345 113
345 114
345 115
345 116
345 125
345 139
345 140
345 142
345 143
345 197
345 207
346 59
346 76
346 77
346 78
346 79
346 80
346 92
346 110
346 111
346 112
346 126
346 196
346 197
346 206
347 61
347 106
347 107
347 108
347 109
347 127
347 195
347 196
347 204
347 205
348 61
348 62
348 102
348 103
348 104
348 105
348 194
348 203
349 78
349 79
349 80
349 97
349 98
349 99
349 100
349 101
349 102
349 129
349 193
349 200
349 201
350 64
350 75
350 76
350 77
350 78
350 95
350 96
350 114
350 130
351 71
351 72
351 73
351 74
351 75
351 93
351 94
351 115
352 70
352 91
352 92
352 106
352 125
352 191
353 66
353 90
353 107
353 123
353 124
353 125
354 88
354 89
354 108
355 84
355 85
355 86
355 87
355 109
355 120
355 121
355 190
356 70
356 71
356 72
356 73
356 74
356 75
356 76
356 77
356 78
356 79
356 80
356 81
356 82
356 83
356 120
356 190
357 99
357 119
358 99
358 118
358 119
359 98
359 117
359 118
360 97
360 115
360 116
360 196
361 96
361 97
361 114
361 196
362 95
362 96
362 113
362 114
363 95
363 112
363 113
364 94
364 112
365 93
365 94
365 110
365 111
366 93
366 110
367 92
367 93
367 108
367 109
367 194
368 92
368 108
368 193
369 91
369 107
370 90
370 107
371 90
371 105
371 106
372 90
372 105
373 90
373 104
374 91
374 92
374 104
374 232
375 92
375 244
378 263
379 263
379 264
380 260
380 261
381 256
384 53
384 54
385 52
385 53
386 51
386 52
387 50
