292 185 203 138
292 287
292 288
292 289
293 290
294 291
294 292
295 292
296 293
297 293
298 204
298 206
298 293
299 198
299 199
299 202
299 203
299 205
299 292
300 197
300 198
300 199
300 200
300 201
301 197
301 200
302 201
304 194
304 216
304 220
305 194
305 215
305 219
306 194
306 205
306 206
307 194
307 205
307 206
307 213
308 193
308 194
309 192
309 193
309 205
309 215
310 190
310 191
310 204
310 214
310 215
311 204
311 213
311 214
312 187
312 188
312 205
312 208
312 209
312 210
312 211
312 212
312 221
313 186
313 187
313 221
314 208
315 182
316 180
316 181
316 182
316 205
316 206
316 207
317 179
317 180
317 205
317 206
324 266
324 267
325 266
326 265
326 266
327 265
328 264
328 288
329 262
329 263
329 287
329 288
330 219
330 286
330 287
331 219
332 217
332 218
332 284
332 285
332 286
333 217
333 286
333 287
334 217
336 215
336 216
337 214
337 215
338 213
338 214
339 213
340 211
340 212
341 205
341 206
341 207
341 208
341 209
341 210
341 211
342 202
346 206
346 264
347 265
347 266
347 267
348 195
348 202
348 267
348 268
348 269
349 194
349 270
349 271
350 192
350 193
350 200
350 271
351 192
351 199
351 200
353 191
354 190
357 190
358 191
361 195
362 194
363 193
364 192
365 192
366 194
367 193
368 191
368 192
368 194
369 191
369 259
370 190
370 259
371 189
371 190
371 260
372 188
372 189
372 257
372 260
373 232
373 240
373 241
373 256
373 260
374 231
374 242
374 257
375 232
375 233
375 243
375 244
375 245
375 257
376 233
376 234
376 245
376 246
376 247
376 248
376 250
376 258
376 269
377 234
377 235
377 251
378 235
378 236
378 252
378 256
378 258
378 270
378 271
378 272
379 236
379 237
379 238
379 252
379 256
379 259
380 239
380 240
380 255
380 256
380 262
380 263
381 241
381 242
381 243
381 244
381 257
381 261
382 244
382 245
382 246
382 247
382 248
382 256
382 262
383 249
383 250
383 251
383 252
383 253
383 254
383 255
384 253
385 254
425 267
426 267
427 266
428 266
429 265
430 264
431 264
432 263
433 258
433 263
434 258
434 259
434 262
435 258
435 259
435 262
436 258
436 259
436 262
437 258
438 258
438 262
438 284
438 285
439 257
439 262
439 286
439 287
439 288
439 289
440 257
440 261
440 279
440 280
440 281
441 258
441 261
441 279
442 258
442 277
442 278
443 275
443 276
443 277
444 257
445 257
445 272
445 273
446 257
446 269
446 270
446 271
447 257
447 268
448 257
449 257
449 260
449 263
449 264
449 265
449 266
450 257
450 260
450 261
450 262
450 263
451 257
451 261
452 256
452 257
452 267
452 268
453 255
453 256
453 265
453 266
453 267
454 254
454 255
454 261
454 265
455 253
455 254
455 261
455 265
456 252
456 260
457 243
457 244
457 245
457 246
457 247
457 248
457 251
457 259
458 241
458 250
459 231
459 232
459 233
459 234
459 238
459 240
459 249
460 235
460 238
461 247
462 228
462 229
462 246
462 247
463 226
463 228
463 229
463 246
464 229
464 245
465 209
465 229
465 244
466 208
466 243
467 242
468 229
469 224
469 229
469 242
470 224
470 229
470 233
470 241
470 242
471 171
471 172
471 224
471 229
471 233
471 241
472 223
472 224
472 228
472 233
473 223
473 227
473 228
473 233
474 223
474 228
474 233
475 223
475 232
475 238
476 209
476 222
476 227
476 232
476 235
476 237
477 227
477 232
478 227
478 232
479 208
479 212
479 226
479 231
480 221
480 226
480 231
481 221
481 226
481 231
482 221
482 226
482 231
483 221
483 226
483 230
483 231
484 221
484 226
484 230
485 221
485 225
485 230
486 221
486 229
487 209
487 221
487 228
487 229
488 222
488 228
489 201
489 208
489 222
490 200
490 220
491 177
491 205
