326 167 170 67
327 221
328 221
329 220
330 219
331 167
331 219
332 166
332 217
332 218
333 165
333 166
333 217
334 164
334 217
335 162
335 163
336 160
336 161
336 215
336 216
337 157
337 158
337 159
337 160
337 214
337 215
338 157
338 213
338 214
339 213
340 152
340 154
340 211
340 212
341 152
341 205
341 206
341 207
341 208
341 209
341 210
341 211
342 148
342 150
342 202
343 148
344 144
344 145
344 146
345 141
345 144
346 206
348 195
348 202
349 194
350 192
350 193
350 200
351 192
351 199
351 200
352 191
353 191
354 190
356 190
357 190
358 191
360 196
361 195
361 196
362 194
363 193
364 192
365 192
366 194
367 193
367 194
368 191
368 192
368 193
368 194
369 191
370 190
371 189
371 190
372 188
372 189
463 226
464 229
465 209
466 207
466 208
468 207
468 229
469 207
469 224
469 229
470 208
470 224
470 229
470 233
471 170
471 171
471 172
471 224
471 229
471 233
472 223
472 224
472 228
472 233
473 173
473 204
473 223
473 227
473 228
473 233
474 204
474 223
474 228
474 233
475 204
475 223
475 232
476 172
476 203
476 209
476 222
476 227
476 232
477 172
477 203
477 209
477 212
477 227
477 232
478 172
478 203
478 208
478 212
478 227
478 232
479 171
479 202
479 208
479 212
479 226
479 231
480 171
480 202
480 207
480 211
480 221
480 226
480 231
481 202
481 207
481 211
481 221
481 226
481 231
482 202
482 207
482 221
482 226
482 231
483 170
483 201
483 221
483 226
483 230
483 231
484 169
484 201
484 221
484 226
484 230
485 201
485 221
485 225
485 230
486 200
486 209
486 221
486 229
487 201
487 209
487 221
487 228
487 229
488 201
488 202
488 222
488 228
489 143
489 148
489 149
489 163
489 164
489 165
489 200
489 201
489 208
489 222
490 149
490 150
490 162
490 173
490 200
490 220
491 161
491 171
491 172
491 176
491 177
491 205
