177 166 109 106
177 193
177 194
177 195
177 196
178 191
178 192
181 205
182 205
184 205
185 205
186 205
188 206
189 206
190 158
190 206
191 159
191 207
192 160
193 160
194 161
194 232
194 233
194 234
195 161
195 232
196 162
196 172
196 207
196 231
196 232
196 268
197 163
197 173
197 207
197 266
197 267
198 164
198 173
198 230
198 265
198 266
199 165
199 173
199 229
199 230
199 264
199 265
200 166
200 173
200 228
200 263
200 264
201 167
201 173
201 177
201 178
201 179
201 180
201 181
201 229
201 262
201 263
202 168
202 174
202 229
202 261
202 262
203 168
203 169
203 176
203 229
203 260
203 261
204 169
204 170
204 175
204 229
204 258
204 259
205 170
205 226
205 229
205 232
205 257
205 258
206 174
206 225
206 226
206 229
206 255
206 256
206 257
207 174
207 225
207 226
207 254
207 255
208 174
208 225
208 226
208 252
208 253
209 172
209 174
209 225
209 251
209 252
210 174
210 224
210 249
210 250
210 251
210 257
210 258
211 174
211 175
211 223
211 248
211 249
212 163
212 176
212 222
212 246
212 247
213 177
213 222
213 244
213 245
214 161
214 169
214 178
214 220
214 221
214 242
214 243
215 159
215 160
215 161
215 167
215 220
215 241
216 165
216 166
216 181
216 219
216 238
216 239
217 183
217 204
217 205
217 206
217 207
217 208
217 234
217 235
217 236
218 183
218 193
218 194
218 203
218 206
218 209
218 225
218 226
218 227
219 155
219 184
219 185
219 191
219 192
219 195
219 196
219 210
220 153
220 154
220 185
220 189
220 197
220 198
220 199
220 200
220 201
220 202
220 211
220 213
220 214
220 215
220 216
220 217
220 218
220 219
220 220
220 232
220 233
220 234
221 151
221 152
221 212
221 230
221 231
222 186
222 187
222 229
222 230
223 187
223 227
224 187
224 223
224 224
224 225
224 226
225 221
225 222
225 223
225 234
225 235
226 188
226 219
226 220
227 189
227 217
228 189
228 215
228 216
229 214
229 215
230 213
230 214
231 212
231 213
232 191
232 210
233 191
233 209
234 191
234 208
235 191
235 207
236 191
236 206
236 207
237 186
237 187
237 191
237 205
237 206
238 187
238 191
238 204
238 205
239 185
239 186
239 191
239 204
240 185
240 191
240 203
241 184
241 185
241 191
241 202
241 203
242 183
242 184
242 190
242 202
243 165
243 182
243 190
243 201
243 202
244 168
244 179
244 180
244 191
244 201
245 178
245 192
245 201
246 169
246 176
246 192
246 193
246 200
247 192
247 200
248 151
248 152
248 153
248 172
248 186
248 187
248 192
248 201
249 154
249 155
249 156
249 187
249 188
249 191
249 192
249 202
250 157
250 158
250 159
250 160
250 187
250 191
250 198
250 202
251 161
251 162
251 164
251 171
251 191
251 197
251 202
252 164
252 165
252 166
252 190
252 197
252 201
253 190
253 197
253 201
253 271
254 171
254 190
254 197
254 201
255 171
255 172
255 190
255 197
255 201
255 268
255 269
256 172
256 190
256 197
256 201
257 189
257 196
257 201
257 267
258 174
258 189
258 201
259 175
259 176
259 177
259 178
259 189
259 196
259 201
259 257
259 261
260 189
260 195
260 201
260 230
260 231
261 179
261 189
261 195
261 200
261 230
262 189
262 194
262 195
262 200
262 229
262 230
263 180
263 181
263 188
263 194
263 199
263 229
264 181
264 193
264 198
264 229
265 182
265 183
265 193
265 198
265 229
266 183
266 188
266 198
266 229
267 184
267 188
267 197
267 228
268 184
268 185
268 188
268 197
268 198
268 227
268 228
269 185
269 188
269 196
269 227
270 185
270 186
270 188
270 196
270 226
270 227
271 188
271 195
271 225
271 226
272 185
272 189
272 224
272 225
273 184
273 185
273 189
273 190
273 223
273 224
274 184
274 191
274 222
274 223
275 183
275 184
275 192
275 222
276 183
276 192
276 221
276 222
277 182
277 183
277 191
277 221
278 182
278 191
278 220
279 181
279 182
279 190
279 218
279 219
279 220
280 181
280 189
281 180
281 189
282 179
282 180
282 189
282 213
283 179
283 188
283 189
283 212
283 213
283 233
283 234
284 178
284 187
285 186
285 187
285 232
286 185
286 186
286 230
287 184
287 204
288 183
288 203
289 182
289 200
289 202
290 181
290 182
290 200
291 180
291 181
291 197
291 198
292 179
292 180
293 178
293 179
293 194
294 177
294 178
294 191
295 177
295 188
295 189
295 190
296 176
296 187
297 175
297 184
297 185
298 174
298 175
298 183
299 173
299 174
300 172
300 173
301 172
302 171
303 170
303 171
