116 148 90 28
117 153
117 154
118 153
119 153
120 153
120 171
120 173
121 153
121 165
121 166
121 167
121 168
121 169
121 170
122 153
123 153
124 153
124 163
124 174
125 153
125 154
125 161
125 162
125 163
125 174
126 149
126 153
126 154
126 161
126 162
126 174
126 175
127 149
127 153
127 162
127 172
128 149
128 162
128 170
128 171
129 149
129 168
129 169
130 166
130 167
132 150
132 160
132 161
133 159
133 160
134 159
136 142
137 142
138 143
139 143
140 143
140 144
141 144
142 145
143 145
144 146
145 146
146 147
147 148
170 169
171 168
172 168
172 169
173 169
173 170
174 170
174 171
175 172
178 155
179 155
180 155
181 155
182 155
183 156
184 156
185 156
186 157
187 157
188 157
189 158
192 159
197 172
203 168
