206 59 47 114
186 65
187 65
188 66
189 65
190 65
191 65
192 65
193 65
194 65
195 66
196 66
197 66
198 66
199 66
200 66
201 66
202 66
203 66
204 66
205 66
206 66
207 66
208 66
208 168
209 66
209 167
209 168
209 169
209 170
209 171
209 172
210 66
210 166
210 167
210 172
211 66
211 164
211 165
211 166
212 66
212 164
213 66
213 163
213 170
214 66
214 162
214 163
214 169
215 66
215 160
215 167
215 168
216 66
216 158
216 159
216 166
217 66
217 157
217 158
218 65
218 156
219 66
219 163
220 66
220 160
220 161
221 67
221 152
221 159
221 160
222 67
222 150
222 158
223 67
223 148
223 149
223 157
224 67
224 155
224 156
225 67
225 153
225 154
226 67
226 143
226 152
227 66
227 143
228 142
229 142
230 66
230 142
231 66
231 142
232 138
232 140
232 142
233 139
233 143
234 138
234 143
235 138
235 143
236 136
236 144
236 154
237 135
237 144
237 154
237 155
238 144
238 155
238 156
239 145
239 157
239 158
240 145
240 159
240 160
240 161
241 146
241 161
241 162
241 163
242 146
242 164
243 146
243 147
243 166
244 123
244 124
244 125
244 126
244 127
244 128
244 129
244 130
244 131
244 132
244 133
244 134
244 135
244 147
244 148
244 149
244 166
244 167
244 168
245 118
245 119
245 120
245 121
245 136
245 137
245 138
245 139
245 140
245 141
245 142
245 143
245 144
245 145
245 168
246 67
246 115
246 116
246 117
247 113
247 114
248 110
248 111
248 112
248 151
249 107
249 108
249 109
250 105
250 106
250 107
250 135
250 136
250 137
250 138
250 139
250 140
251 103
251 104
251 163
251 164
252 101
252 102
252 165
252 166
253 100
253 101
254 99
255 97
255 98
256 96
256 97
257 94
257 95
258 93
258 94
259 91
259 92
260 90
260 91
261 89
261 90
262 88
262 89
263 88
264 86
264 87
