10 174 44 61
20 170
20 171
20 172
21 167
21 168
21 169
22 165
22 166
22 179
23 163
23 164
24 162
24 223
25 161
26 160
27 158
27 159
28 153
28 154
28 155
28 156
28 157
28 158
33 226
34 226
35 226
36 226
37 227
38 228
39 228
40 229
41 229
41 230
42 230
42 231
43 232
46 207
46 208
47 208
47 209
47 210
48 203
48 205
48 211
48 212
48 213
48 214
48 215
48 216
49 200
49 201
49 202
50 196
50 197
50 199
51 189
51 190
51 191
51 192
51 193
51 194
52 187
53 185
53 186
54 185
55 184
56 183
57 181
57 182
63 176
