340 63 103 215
340 64
340 65
341 56
341 63
341 72
341 205
341 206
341 207
342 56
342 57
342 63
342 72
342 91
342 202
343 63
343 73
343 88
343 90
343 91
343 92
343 120
343 121
343 122
343 123
344 69
344 74
344 85
344 86
344 87
344 91
344 117
344 118
344 119
344 124
344 127
344 128
344 129
344 130
344 131
344 132
344 133
344 134
345 59
345 65
345 66
345 67
345 68
345 75
345 81
345 82
345 83
345 91
345 92
345 113
345 114
345 115
345 116
346 59
346 76
346 77
346 78
346 79
346 80
346 92
346 110
346 111
346 126
346 206
347 61
347 106
347 107
347 108
347 109
348 61
348 62
348 102
348 103
348 104
348 105
348 128
348 269
349 78
349 79
349 80
349 97
349 98
349 99
349 100
349 101
349 102
350 64
350 75
350 76
350 77
350 78
350 95
350 96
350 114
351 71
351 72
351 73
351 74
351 75
351 93
351 94
352 70
352 91
352 92
352 106
352 116
352 125
352 191
353 66
353 90
353 107
353 123
353 124
354 88
354 89
354 108
354 122
355 84
355 85
355 86
355 87
356 70
356 71
356 72
356 73
356 74
356 75
356 76
356 77
356 78
356 79
356 80
356 81
356 82
356 83
356 190
357 99
358 99
359 98
360 97
360 196
361 96
361 97
361 114
361 196
362 95
362 96
363 95
363 112
363 113
364 94
364 111
364 112
365 93
365 94
365 110
365 111
366 93
366 109
366 110
367 92
367 93
367 108
367 109
367 194
368 92
368 108
368 193
369 91
369 107
370 90
370 106
370 107
370 190
371 90
371 105
371 106
371 189
371 190
372 90
372 105
372 188
372 189
373 90
373 104
374 91
374 92
374 103
374 104
374 232
374 242
375 92
375 103
375 243
375 245
376 93
376 102
376 245
376 246
376 247
376 248
376 269
377 94
377 95
377 102
377 234
377 235
378 96
378 101
378 235
378 236
378 263
378 270
378 271
378 272
379 97
379 98
379 100
379 101
379 236
379 237
379 238
379 263
379 264
380 99
380 239
380 240
380 260
380 261
380 262
380 263
381 241
381 242
381 243
381 244
381 256
381 257
381 261
382 244
382 245
382 246
382 247
382 248
382 256
382 262
383 249
383 250
383 251
383 252
383 253
383 254
383 255
384 253
385 254
420 59
424 64
425 64
428 69
429 70
430 70
431 71
433 258
434 258
434 262
435 258
435 262
436 258
436 262
437 258
438 64
438 258
438 262
440 64
440 261
441 64
441 258
441 261
442 74
442 258
443 74
445 73
