102 47 393 166
79 128
80 128
81 128
82 128
83 129
83 130
84 131
84 132
85 132
86 132
87 133
87 134
88 135
88 145
89 135
89 145
90 135
90 144
91 135
91 144
92 136
92 145
93 136
93 145
94 136
94 144
95 136
95 144
96 136
96 144
97 136
97 144
98 136
98 144
99 136
99 144
100 137
100 144
101 137
101 145
102 137
102 145
103 97
103 137
103 145
104 97
104 138
104 145
105 138
105 145
106 138
106 145
107 138
107 146
108 52
108 138
108 146
109 51
109 73
109 76
109 77
109 78
109 79
109 81
109 82
109 83
109 84
109 85
109 86
109 87
109 89
109 90
109 91
109 92
109 138
109 146
109 151
110 51
110 62
110 67
110 68
110 70
110 71
110 72
110 75
110 119
110 138
110 146
110 150
111 51
111 60
111 61
111 62
111 120
111 138
111 146
111 149
111 178
111 179
112 138
112 148
112 149
113 62
113 138
113 147
113 148
113 182
114 62
114 139
114 147
114 149
114 208
115 51
115 62
115 139
115 145
115 207
116 62
116 139
116 145
116 154
116 155
116 206
117 62
117 139
117 145
117 153
117 154
117 185
117 205
118 62
118 139
118 145
118 153
118 205
119 62
119 139
119 145
119 153
120 62
120 139
120 145
120 153
120 171
120 173
120 175
121 62
121 140
121 146
121 153
121 165
121 166
121 167
121 168
121 169
121 170
121 178
121 187
121 208
122 51
122 63
122 140
122 146
122 153
122 183
123 51
123 63
123 140
123 146
123 153
123 183
123 188
124 63
124 140
124 146
124 153
124 163
124 174
124 183
125 51
125 62
125 140
125 153
125 154
125 161
125 162
125 163
125 174
125 183
126 51
126 62
126 140
126 149
126 153
126 154
126 161
126 162
126 174
126 175
126 183
126 184
126 189
127 51
127 62
127 141
127 149
127 153
127 162
127 172
127 189
128 62
128 141
128 149
128 162
128 170
128 171
128 189
129 63
129 141
129 149
129 168
129 169
129 183
129 189
130 51
130 63
130 141
130 149
130 166
130 167
130 189
131 51
131 62
131 141
131 149
131 182
131 188
132 51
132 62
132 140
132 150
132 160
132 161
132 188
133 51
133 62
133 140
133 150
133 159
133 160
133 182
133 188
134 51
134 63
134 141
134 150
134 159
134 182
134 187
135 51
135 63
135 141
135 150
135 182
136 63
136 142
136 151
136 187
137 63
137 142
137 151
137 187
138 63
138 143
138 151
138 180
138 187
139 52
139 63
139 143
139 151
139 180
139 186
140 52
140 63
140 143
140 144
140 151
140 180
140 186
141 52
141 63
141 144
141 180
141 185
142 52
142 63
142 145
142 181
142 185
143 52
143 63
143 145
143 151
143 185
144 63
144 146
144 151
144 152
144 185
145 63
145 146
145 152
145 179
145 184
146 52
146 63
146 147
146 152
146 177
146 178
147 52
147 63
147 148
147 152
147 183
148 52
148 63
148 151
148 176
148 183
149 52
149 63
149 151
149 176
149 182
150 52
150 63
150 151
150 175
150 182
151 52
151 63
151 151
151 175
151 182
152 52
152 64
152 151
152 175
152 183
153 52
153 64
153 151
153 176
153 197
154 52
154 64
154 151
154 176
154 184
154 195
154 196
155 53
155 63
155 151
155 177
155 194
155 200
156 53
156 63
156 151
156 177
156 185
156 186
156 192
156 193
156 199
156 200
156 201
156 202
156 203
156 207
156 208
156 209
157 53
157 64
157 152
157 178
157 187
157 188
157 189
157 190
157 191
157 204
157 205
157 206
157 210
158 53
158 64
158 152
158 178
158 211
159 53
159 64
159 152
159 178
159 212
160 53
160 64
160 152
160 190
160 191
161 53
161 64
161 152
161 191
161 192
162 53
162 64
162 152
162 193
162 194
163 53
163 64
163 152
164 53
164 64
164 152
165 53
165 64
165 153
166 53
166 64
166 153
167 53
167 64
167 149
167 153
167 170
168 53
168 63
168 131
168 149
168 153
168 170
168 212
169 53
169 63
169 131
169 148
169 153
169 169
169 202
170 53
170 63
170 132
170 148
170 154
170 169
171 53
171 63
171 132
171 148
171 154
171 168
172 53
172 64
172 133
172 148
172 149
172 154
172 168
172 169
172 191
172 192
172 193
173 53
173 64
173 133
173 149
173 154
173 169
173 170
174 53
174 64
174 133
174 134
174 150
174 154
174 170
174 171
175 53
175 64
175 134
175 149
175 154
176 53
176 64
176 134
176 154
176 201
176 202
176 203
176 204
176 205
176 206
176 207
177 54
177 64
177 134
177 154
177 193
177 194
177 195
177 196
178 54
178 64
178 134
178 154
178 155
178 191
178 192
179 54
179 64
179 155
180 54
180 64
180 155
181 54
181 64
181 155
181 205
182 54
182 64
182 155
182 205
183 54
183 64
183 156
184 54
184 65
184 156
184 205
185 53
185 65
185 156
186 53
186 65
186 157
187 53
187 65
187 157
188 53
188 66
188 157
188 206
189 53
189 65
189 158
190 53
190 65
190 158
191 53
191 65
191 159
191 207
192 53
192 65
192 159
192 160
193 54
193 65
193 160
194 54
194 65
194 161
195 54
195 66
195 161
195 162
196 54
196 66
196 162
196 163
196 172
196 207
197 54
197 66
197 163
197 164
197 172
197 173
198 54
198 66
198 164
198 173
199 54
199 66
199 165
199 173
200 54
200 66
200 166
200 173
201 54
201 66
201 167
201 173
201 177
201 178
201 179
201 180
201 181
202 54
202 66
202 168
202 174
202 177
203 55
203 66
203 169
203 175
203 176
203 177
204 55
204 66
204 169
204 170
204 175
205 55
205 66
205 170
206 55
206 66
206 174
207 55
207 66
207 174
208 55
208 66
208 168
208 174
209 55
209 66
209 167
209 168
209 169
209 170
209 171
209 172
209 174
210 55
210 66
210 167
210 174
211 55
211 66
211 174
211 175
212 55
212 66
212 163
213 55
213 66
213 170
213 177
214 56
214 66
214 161
214 177
214 178
215 56
215 66
215 159
215 161
215 168
215 179
215 180
216 56
216 66
216 180
217 56
217 66
217 182
218 56
218 65
218 183
218 184
218 193
218 194
219 56
219 66
219 155
219 162
219 185
219 191
219 192
219 195
219 196
220 66
220 153
220 154
220 186
220 190
220 197
220 198
220 199
220 200
220 201
220 202
221 67
221 151
221 152
221 186
222 67
223 67
223 148
224 67
224 146
224 147
225 67
225 144
225 145
225 188
226 67
226 143
226 144
226 152
227 66
227 143
228 142
229 142
229 190
230 66
230 142
230 190
231 66
231 142
231 190
232 56
232 140
232 142
233 138
233 143
234 137
234 143
235 56
235 136
235 143
236 56
236 135
236 144
236 154
237 144
237 154
237 155
238 56
238 144
238 155
238 156
238 186
239 56
239 145
239 157
239 158
240 145
240 159
240 160
240 161
241 146
241 161
241 162
241 163
242 56
242 164
242 184
243 56
243 147
243 166
243 181
243 182
244 122
244 146
244 166
244 167
244 168
244 179
244 180
245 168
245 178
245 179
246 67
246 176
246 177
247 57
247 170
247 171
247 174
247 175
247 176
248 152
248 153
248 173
249 154
249 155
249 156
249 172
250 157
250 158
250 159
250 160
250 172
251 161
251 162
251 163
252 101
252 102
252 164
252 171
253 100
253 101
253 132
253 171
254 99
254 133
255 97
255 98
255 133
256 96
256 97
256 133
256 173
257 133
257 173
258 93
258 94
258 133
259 91
259 92
259 133
260 90
260 91
260 132
260 179
261 89
261 90
261 132
261 180
262 88
262 89
262 132
262 180
263 87
263 88
263 133
264 86
264 87
264 133
264 182
264 188
265 85
265 86
265 133
265 198
266 85
266 134
267 84
267 134
267 197
268 134
268 197
269 135
269 196
270 135
270 196
271 135
272 135
273 135
274 135
275 135
276 135
277 135
278 90
278 135
279 135
280 136
281 88
281 136
281 180
282 136
283 135
284 135
284 178
285 76
285 91
285 135
285 210
285 211
286 76
286 92
286 93
286 94
286 95
286 101
286 135
286 176
286 185
286 206
286 207
286 208
286 209
287 75
287 96
287 102
287 103
287 135
287 175
287 184
287 204
287 205
288 96
288 97
288 104
288 173
288 183
288 202
288 203
289 97
289 105
289 136
289 172
289 182
289 200
289 201
289 202
290 53
290 97
290 136
290 171
290 181
290 182
290 199
290 200
291 51
291 52
291 53
291 136
291 170
291 180
291 181
291 197
291 198
292 42
292 43
292 44
292 45
292 46
292 47
292 48
292 49
292 50
292 136
292 169
292 179
292 180
292 195
292 196
293 34
293 35
293 36
293 37
293 38
293 39
293 40
293 41
293 136
293 168
293 169
293 178
293 179
293 193
293 194
294 26
294 27
294 28
294 29
294 30
294 31
294 32
294 33
294 34
294 136
294 167
294 168
294 177
294 178
294 191
294 192
295 23
295 24
295 25
295 73
295 136
295 166
295 167
295 177
295 188
295 189
295 190
296 22
296 136
296 165
296 166
296 176
296 186
296 187
297 74
297 136
297 165
297 175
297 184
297 185
298 75
298 101
298 164
298 165
298 181
298 182
298 183
298 204
298 206
299 75
299 163
299 164
299 179
299 180
299 181
299 198
299 199
299 202
299 203
299 205
300 76
300 100
300 160
300 161
300 162
300 163
300 178
300 197
300 198
300 199
300 200
300 201
301 98
301 99
301 153
301 154
301 155
301 156
301 157
301 158
301 159
301 196
301 197
301 200
302 88
302 89
302 90
302 91
302 92
302 93
302 94
302 95
302 96
302 97
302 98
302 139
302 152
302 153
302 201
303 141
303 142
303 151
303 194
303 195
304 142
304 143
304 145
304 146
304 147
304 148
304 149
304 150
304 194
305 194
306 194
306 205
306 206
307 194
307 206
308 75
308 193
308 194
308 205
309 74
309 75
309 192
309 193
310 73
310 74
310 190
310 191
311 72
311 73
311 188
311 189
312 71
312 72
312 187
312 188
312 206
313 70
313 71
313 186
313 187
314 70
314 183
314 184
314 185
314 208
315 69
315 183
315 203
315 207
315 208
316 67
316 68
316 204
316 205
316 206
316 207
317 66
317 67
317 179
317 205
317 206
318 65
319 64
320 63
321 62
322 61
323 60
323 61
324 59
324 60
324 154
325 58
325 66
325 153
326 56
326 57
326 152
326 153
327 54
327 55
327 151
327 152
329 149
329 154
330 149
331 148
331 154
331 160
332 155
332 159
336 162
337 143
338 142
338 156
339 53
339 141
339 154
339 155
340 54
340 55
340 153
341 138
341 150
341 151
341 204
342 137
342 149
342 201
342 203
343 89
343 135
343 136
343 137
343 138
343 147
343 199
343 200
344 198
344 199
345 84
345 125
345 139
345 140
345 142
345 143
345 197
345 207
346 59
346 112
346 196
346 197
347 61
347 127
347 195
347 196
347 204
347 205
348 61
348 62
348 194
348 203
349 129
349 193
349 200
349 201
350 64
350 130
351 115
352 92
352 106
352 125
352 191
353 66
353 91
353 107
353 123
353 124
353 125
354 108
355 109
355 120
355 121
355 190
356 120
356 190
357 99
357 119
358 99
358 118
358 119
359 98
359 117
359 118
360 97
360 115
360 116
360 196
361 96
361 97
361 114
361 196
362 95
362 96
362 113
362 114
363 95
363 112
363 113
364 94
365 93
365 94
365 110
365 111
366 93
366 110
367 92
367 93
367 194
368 92
368 193
369 91
369 107
370 90
371 90
372 90
373 90
374 91
374 92
375 92
384 53
384 54
385 52
385 53
386 51
386 52
387 50
407 39
409 37
410 37
411 37
412 36
413 35
414 35
416 32
417 31
418 30
420 59
435 80
437 83
438 64
438 84
439 85
440 64
440 87
440 88
441 64
441 75
441 88
441 89
442 42
442 90
444 74
445 61
445 93
445 94
446 73
446 92
447 92
447 96
448 72
449 72
449 91
450 50
450 71
450 90
451 90
452 70
452 89
452 103
453 70
453 88
453 89
453 102
453 110
454 69
454 88
454 102
454 109
454 110
455 69
455 87
455 88
455 109
455 110
456 68
456 87
456 92
456 108
456 112
457 68
457 87
457 92
457 108
458 60
458 68
458 86
458 91
458 92
458 108
459 68
459 86
459 91
460 67
460 85
460 86
460 91
461 85
461 90
462 64
462 85
462 90
462 111
463 84
463 89
463 94
463 111
463 116
464 66
464 84
464 89
464 94
464 111
464 116
465 84
465 88
465 89
465 94
465 111
465 116
465 209
466 83
466 93
466 115
466 148
466 150
466 207
467 68
467 83
467 88
467 93
467 110
467 115
467 148
467 149
468 83
468 88
468 110
468 115
468 148
468 207
469 71
469 83
469 87
469 109
469 115
469 148
469 207
470 82
470 87
470 109
470 115
470 148
470 208
471 82
471 109
471 114
471 148
471 170
471 171
471 172
472 75
472 108
472 114
472 147
473 82
473 108
473 114
473 147
473 173
473 174
473 204
474 108
474 113
474 204
475 108
475 113
475 146
475 204
476 86
476 107
476 113
476 146
476 172
476 203
477 85
477 89
477 101
477 107
477 113
477 146
477 172
477 203
477 209
477 212
478 89
478 101
478 102
478 107
478 112
478 145
478 150
478 172
478 203
478 208
478 212
479 90
479 91
479 101
479 102
479 112
479 145
479 149
479 171
479 202
480 91
480 102
480 112
480 144
480 149
480 171
480 202
480 207
480 211
481 100
481 112
481 144
481 148
481 170
481 202
481 207
481 211
482 143
482 170
482 202
482 207
483 106
483 112
483 143
483 170
483 201
484 111
484 142
484 169
484 201
485 108
485 142
485 201
486 142
486 200
486 209
487 142
487 201
488 201
488 202
489 143
489 148
489 149
489 164
489 165
489 200
489 201
490 149
490 150
490 173
490 200
491 161
491 171
491 172
491 176
491 177
