272 84 31 86
253 132
254 133
255 133
256 133
257 133
258 133
259 133
260 132
261 132
262 132
263 133
264 133
265 133
266 134
267 134
268 134
269 135
270 135
271 135
272 135
273 135
274 135
275 135
276 135
277 135
278 89
278 92
278 135
279 91
279 92
279 135
280 92
280 136
281 88
281 136
282 136
283 135
284 135
285 91
285 135
286 92
286 93
286 94
286 95
286 101
286 135
287 96
287 102
287 103
287 135
288 96
288 97
288 104
289 97
289 105
289 136
290 97
290 136
291 136
292 136
293 136
293 168
293 169
294 136
294 167
294 168
295 136
295 166
295 167
296 136
296 165
296 166
297 136
297 165
298 101
298 102
298 164
298 165
299 101
299 163
299 164
300 100
300 160
300 161
300 162
300 163
301 99
301 138
301 139
302 88
302 89
302 90
302 91
302 92
302 139
302 140
303 141
303 142
304 142
304 143
