45 238 87 36
44 217
44 218
47 235
47 236
48 230
48 234
48 237
48 238
48 239
48 240
48 241
48 242
48 243
49 233
50 248
51 248
51 250
51 251
52 239
52 240
52 241
52 242
52 243
52 244
52 245
52 251
52 252
53 253
53 254
54 245
54 253
55 245
56 246
56 253
57 246
57 253
58 247
59 248
59 254
59 255
60 256
61 248
61 257
62 248
63 247
64 247
64 249
64 250
65 249
65 250
66 250
68 249
69 249
70 249
71 246
72 247
73 247
74 247
76 247
77 247
78 248
79 248
79 249
80 249
81 249
82 250
83 250
84 249
84 250
85 247
85 250
86 247
86 251
87 247
87 251
87 252
87 253
88 248
88 253
88 254
89 249
89 254
90 249
91 249
92 249
96 259
97 238
97 239
98 239
98 240
98 260
99 240
99 241
100 241
101 261
102 261
103 261
104 261
105 261
106 261
107 262
108 262
109 262
110 262
111 262
112 262
113 262
114 262
115 262
116 262
117 262
118 262
119 238
119 239
119 262
120 263
121 263
122 263
122 264
123 264
123 265
124 265
125 266
125 267
126 267
126 268
127 269
127 272
128 269
130 273
132 274
