102 0 196 71
108 52
109 51
110 51
110 62
111 51
111 60
111 61
111 62
112 51
113 51
113 62
114 51
114 62
115 51
115 62
116 51
116 62
117 50
117 62
118 50
118 62
119 50
119 62
120 50
120 62
121 51
121 62
122 51
122 63
123 51
123 63
124 51
124 63
125 51
125 62
126 51
126 62
127 51
127 62
128 51
128 62
129 51
129 63
130 51
130 63
131 51
131 62
132 51
132 62
133 51
133 62
134 51
135 51
136 52
137 52
138 52
139 52
140 52
141 52
142 52
143 52
144 52
145 52
146 52
147 52
148 52
149 52
150 52
151 52
152 52
153 52
154 52
155 53
156 53
228 66
229 66
232 67
233 56
233 67
234 56
234 67
235 67
236 67
237 56
237 67
238 67
239 67
240 56
240 67
241 57
241 67
242 67
243 68
244 57
244 68
245 57
245 67
246 57
248 57
249 57
250 57
251 57
252 57
253 57
254 57
255 57
256 57
257 57
258 57
259 58
260 58
261 58
262 58
263 58
264 58
265 57
266 57
267 57
268 57
269 56
270 56
271 56
285 4
285 5
285 6
285 7
285 8
285 9
285 10
285 53
286 10
286 11
286 12
286 53
287 13
287 14
287 53
288 15
288 16
288 54
289 16
289 17
289 54
290 17
290 53
291 51
291 52
291 53
292 43
292 44
292 45
292 46
292 47
293 34
293 35
293 36
293 37
293 38
293 39
293 40
293 41
294 27
294 28
294 29
294 30
294 31
294 32
294 33
294 34
295 23
295 24
295 25
