359 185 134 73
360 196
361 195
361 196
362 194
363 193
364 192
365 192
366 194
367 193
368 191
368 192
368 194
369 191
370 190
371 189
371 190
372 188
372 189
373 232
373 240
373 241
374 231
374 232
374 242
375 232
375 233
375 243
375 245
376 233
376 234
376 245
376 246
376 247
376 248
377 234
377 235
378 235
378 236
379 236
379 237
379 238
380 239
380 240
381 241
381 242
381 243
381 244
381 257
382 244
382 245
382 246
382 247
382 248
382 256
383 249
383 250
383 251
383 252
383 253
383 254
383 255
384 253
385 254
444 257
445 257
446 257
448 257
449 257
452 256
453 255
453 256
454 254
454 255
455 253
455 254
456 252
457 243
457 244
457 245
457 246
457 247
457 248
457 251
458 241
458 250
459 231
459 232
459 233
459 234
459 238
459 240
459 249
460 235
460 238
461 247
462 228
462 229
462 246
462 247
463 226
463 228
463 229
463 246
464 229
464 245
465 209
465 229
465 244
466 207
466 208
466 243
467 242
468 207
468 229
469 207
469 224
469 229
469 242
470 208
470 224
470 229
470 233
470 241
470 242
471 171
471 172
471 224
471 229
471 233
471 241
472 223
472 224
472 228
472 233
473 204
473 223
473 227
473 228
473 233
474 204
474 223
474 228
474 233
475 204
475 223
475 232
475 238
476 203
476 209
476 222
476 227
476 232
476 235
476 237
477 203
477 209
477 212
477 227
477 232
478 203
478 208
478 212
478 227
478 232
479 202
479 208
479 212
479 226
479 231
480 202
480 207
480 211
480 221
480 226
480 231
481 202
481 207
481 211
481 221
481 226
481 231
482 202
482 207
482 221
482 226
482 231
483 201
483 221
483 226
483 230
483 231
484 201
484 221
484 226
484 230
485 201
485 221
485 225
485 230
486 200
486 209
486 221
486 229
487 201
487 209
487 221
487 228
487 229
488 201
488 202
488 222
488 228
489 200
489 201
489 208
489 222
490 200
490 220
491 177
491 205
