120 181 109 110
89 257
89 258
90 258
91 258
92 259
93 259
94 259
95 259
96 259
97 260
98 260
99 261
100 261
101 261
102 261
103 261
104 261
105 261
106 261
107 262
108 262
109 262
110 262
111 178
111 179
111 262
112 179
112 180
112 181
114 182
115 183
116 184
116 185
117 185
117 186
118 186
119 187
119 205
120 175
120 176
120 177
120 187
120 205
120 206
121 175
121 177
121 178
121 179
121 188
121 207
121 208
121 209
122 180
122 181
122 183
122 188
122 209
124 189
125 183
125 189
126 184
127 183
127 189
128 183
130 183
131 188
132 182
132 188
133 188
135 181
136 181
136 187
137 181
137 187
138 187
139 186
140 210
141 180
141 211
142 185
142 212
143 213
144 180
144 213
145 213
146 213
147 213
148 183
148 213
149 212
150 212
151 175
152 287
153 183
153 197
153 281
153 285
153 286
154 183
154 195
154 196
154 282
154 283
154 284
155 184
155 185
155 194
155 200
156 185
156 186
156 192
156 193
156 199
156 200
156 201
156 202
156 203
156 207
156 208
156 209
156 223
156 224
156 225
156 226
157 187
157 188
157 189
157 190
157 191
157 204
157 205
157 206
157 210
157 223
158 211
158 215
158 216
158 217
158 218
158 219
158 222
158 228
158 229
159 212
159 214
159 220
159 222
159 229
160 190
160 191
160 222
161 191
161 192
161 230
162 193
162 194
162 226
162 227
162 229
163 193
163 228
164 226
164 227
165 226
168 212
168 217
168 218
168 219
168 220
169 202
169 203
169 204
169 205
169 210
169 211
169 214
169 215
169 216
170 196
170 197
170 198
170 199
170 200
170 201
170 202
170 206
170 207
170 208
170 209
171 194
171 195
171 222
171 223
172 191
172 192
172 193
172 219
172 221
173 181
173 182
173 183
173 184
173 185
173 186
173 187
173 188
173 189
173 190
173 216
173 217
173 218
174 175
174 176
174 177
174 178
174 179
174 180
174 213
174 214
174 215
174 216
175 174
175 206
175 207
175 208
175 209
175 210
175 211
176 201
176 202
176 203
176 204
176 205
176 206
176 207
177 193
177 194
177 195
177 196
178 190
178 191
178 192
181 205
182 205
183 205
185 205
186 205
187 206
189 206
190 206
191 236
191 272
192 207
192 235
192 236
192 271
193 207
193 234
193 235
194 207
194 232
194 233
194 234
195 208
195 232
196 231
196 232
196 267
196 268
197 207
197 231
197 266
197 267
198 230
198 231
198 265
198 266
199 229
199 230
199 264
199 265
200 228
200 263
200 264
201 229
201 262
201 263
202 229
202 261
202 262
203 260
203 261
204 229
204 258
204 259
205 226
205 229
205 230
205 231
205 232
205 257
205 258
206 226
206 257
207 226
207 254
207 255
208 252
208 253
209 252
210 250
210 251
210 257
210 258
211 248
211 249
211 257
211 260
212 176
212 247
213 245
214 243
215 240
215 241
215 242
216 181
216 239
217 183
217 237
219 184
219 221
219 222
219 223
219 224
220 189
220 234
221 232
222 230
223 228
223 242
224 224
224 225
224 240
224 241
225 223
225 233
225 234
225 235
225 239
226 230
226 231
226 232
226 236
226 238
227 218
227 237
227 238
228 238
228 258
229 257
230 256
230 257
231 212
231 256
232 210
232 211
232 255
233 209
233 210
233 254
233 255
234 208
234 209
234 253
234 254
235 207
235 208
235 252
235 253
236 206
236 207
236 252
237 205
237 206
237 251
238 204
238 205
238 250
238 251
239 204
239 250
240 203
240 249
241 202
241 203
241 248
242 202
242 247
243 201
243 202
244 201
245 201
246 200
247 200
248 201
