334 52 117 48
326 66
327 66
328 67
329 52
329 67
330 52
330 68
331 51
331 68
332 68
333 68
334 68
335 69
336 69
337 52
337 70
338 53
338 70
339 53
339 70
340 54
340 64
340 65
341 55
341 56
341 63
341 72
342 56
342 57
342 63
342 72
342 91
343 58
343 63
343 73
343 88
343 90
343 91
343 92
344 58
344 59
344 69
344 74
344 85
344 86
344 87
344 91
345 59
345 65
345 66
345 67
345 68
345 75
345 81
345 82
345 83
345 91
345 92
346 76
346 77
346 78
346 79
346 80
346 92
347 60
349 63
349 78
349 79
349 80
350 75
350 76
350 77
350 78
351 64
351 65
351 71
351 72
351 73
351 74
351 75
351 93
351 94
352 65
352 70
352 91
352 92
353 65
353 90
354 64
354 67
354 88
354 89
355 64
355 68
355 69
355 84
355 85
355 86
355 87
356 63
356 70
356 71
356 72
356 73
356 74
356 75
356 76
356 77
356 78
356 79
356 80
356 81
356 82
356 83
357 63
358 62
362 96
365 93
365 94
368 92
376 93
377 94
377 95
378 96
379 97
420 59
426 65
426 66
426 67
427 67
428 64
428 68
429 64
429 69
430 71
433 62
434 62
434 66
435 61
435 65
435 80
436 61
436 65
437 61
437 64
437 71
437 83
438 60
438 64
438 71
438 84
439 60
439 64
439 85
440 59
440 64
440 70
440 87
440 88
441 58
441 70
441 75
441 88
441 89
442 58
442 70
442 90
443 58
443 62
443 69
444 57
444 62
444 69
444 74
445 57
445 61
445 68
445 69
445 93
446 56
446 57
446 61
446 68
446 73
446 92
447 56
447 60
447 67
447 92
448 55
448 56
448 67
448 72
449 55
449 66
449 72
449 91
450 55
450 66
450 71
450 90
451 65
451 90
452 65
452 89
453 88
453 89
454 88
455 87
455 88
456 87
457 87
458 86
459 86
460 85
460 86
461 85
462 85
463 84
464 84
465 84
466 83
467 83
468 83
469 83
470 82
