464 168 32 43
464 203
464 204
464 205
465 198
465 199
465 200
465 201
465 202
465 206
466 151
466 152
466 153
466 191
466 192
466 193
466 194
466 195
466 196
466 197
466 207
467 154
467 158
467 159
467 160
467 161
467 184
467 185
467 186
467 187
467 188
467 189
467 190
468 155
468 156
468 157
468 162
468 163
468 164
468 165
468 175
468 176
468 177
468 178
468 182
468 183
468 207
469 166
469 167
469 168
469 174
469 179
469 180
469 181
469 207
470 169
470 173
470 208
471 170
471 171
471 172
471 173
473 173
473 204
474 204
475 204
476 172
476 203
477 172
477 203
477 209
478 172
478 203
478 208
479 171
479 202
480 171
480 202
480 207
481 202
481 207
482 202
482 207
483 170
483 201
484 169
484 201
485 201
486 200
486 209
487 201
488 201
488 202
489 200
490 173
490 200
491 171
491 172
491 176
491 177
