12 152 53 92
24 162
24 223
25 161
26 160
27 158
27 159
28 152
28 153
28 154
28 155
28 156
28 157
28 158
29 151
30 150
31 149
31 150
32 148
32 149
33 147
33 148
33 226
34 226
35 145
35 226
36 226
37 227
38 228
39 228
40 229
41 229
41 230
42 230
42 231
43 232
44 216
44 217
44 218
45 218
45 219
45 220
45 221
46 207
46 208
46 222
46 223
47 208
47 209
47 210
47 223
47 224
47 225
47 226
47 227
47 228
47 235
47 236
48 203
48 205
48 211
48 212
48 213
48 214
48 215
48 216
48 228
48 229
48 230
48 234
48 237
48 238
48 239
48 240
48 241
48 242
49 200
49 201
49 202
49 231
49 232
49 233
50 196
50 197
50 199
50 233
51 189
51 190
51 191
51 192
51 193
51 194
52 187
53 185
53 186
54 185
55 184
56 183
57 181
57 182
61 155
63 176
64 159
66 154
67 153
