344 96 143 57
343 120
343 121
343 122
343 123
344 117
344 118
344 119
344 124
345 113
345 114
345 115
345 116
346 110
346 111
346 126
347 106
347 107
347 108
347 109
348 102
348 103
348 104
348 105
348 128
349 97
349 98
349 99
349 100
349 101
349 102
350 95
350 96
350 114
352 106
352 116
352 125
353 107
353 123
353 124
354 108
354 122
357 99
358 99
359 98
360 97
361 96
361 97
361 114
362 95
362 96
363 95
363 112
363 113
364 94
364 111
364 112
365 93
365 94
365 110
365 111
366 93
366 109
366 110
367 92
367 93
367 108
367 109
368 92
368 108
369 91
369 107
370 90
370 106
370 107
371 90
371 105
371 106
372 90
372 105
373 90
373 104
374 91
374 92
374 103
374 104
375 92
375 103
376 93
376 102
377 94
377 95
377 102
378 96
378 101
379 97
379 98
379 100
379 101
380 99
453 102
453 110
454 109
454 110
455 109
455 110
456 108
456 112
457 108
458 108
462 111
463 111
463 116
464 111
464 116
465 111
465 116
466 115
466 148
467 110
467 115
467 148
467 149
468 110
468 115
469 109
469 115
470 109
470 115
470 148
471 109
471 114
471 148
472 108
472 114
472 147
473 108
473 114
473 147
474 82
474 108
474 113
475 108
475 113
475 146
476 107
476 113
476 146
477 85
477 101
477 107
477 113
477 146
478 89
478 101
478 102
478 107
478 112
478 145
478 150
479 90
479 91
479 101
479 102
479 112
479 145
479 149
480 91
480 102
480 112
480 144
480 149
481 100
481 112
481 144
481 148
482 143
483 106
483 112
483 143
484 111
484 142
485 108
485 142
486 142
487 142
