264 3 94 109
232 56
233 56
234 56
235 56
236 56
237 56
238 56
239 56
240 56
241 57
242 56
243 56
244 57
245 57
246 57
247 57
248 57
249 57
250 57
251 57
252 57
253 57
254 57
255 57
256 57
257 57
258 57
259 58
260 58
261 58
262 58
263 58
264 58
265 57
265 85
265 86
266 57
266 85
267 57
267 84
268 57
268 84
269 56
269 83
270 56
270 83
271 56
271 82
272 82
273 81
274 81
275 80
276 80
277 79
278 79
278 88
278 90
279 79
280 78
281 78
281 87
282 78
282 87
282 88
283 77
283 88
284 77
284 89
285 53
285 76
285 77
285 89
285 90
286 53
286 76
286 88
286 89
287 53
287 75
287 88
288 14
288 54
288 74
288 88
288 96
289 54
289 74
289 88
290 73
290 87
290 98
290 105
291 73
291 87
291 98
291 105
292 42
292 48
292 49
292 50
292 73
292 87
292 99
292 104
292 105
293 72
293 87
293 99
293 100
293 104
294 26
294 73
294 86
294 99
294 100
294 103
294 104
295 86
295 103
296 22
296 74
296 86
296 103
297 87
297 102
298 87
298 102
299 76
299 87
299 101
300 87
301 76
301 86
301 87
301 88
301 98
302 77
302 90
302 91
302 92
302 93
302 94
302 95
302 96
302 97
302 98
303 77
304 77
305 77
306 77
307 76
308 76
315 69
319 64
320 63
321 62
321 63
322 61
322 62
323 60
323 61
324 59
324 60
325 58
325 66
326 56
326 57
326 66
327 54
327 55
327 66
328 53
328 54
328 67
329 52
329 53
329 67
330 52
330 68
331 51
331 68
332 51
332 68
333 51
333 68
334 51
334 68
335 51
335 69
336 51
336 69
337 70
338 52
338 70
339 53
339 54
339 70
340 54
340 55
343 58
343 89
344 58
344 59
345 84
346 59
347 61
348 61
348 62
350 64
352 65
353 66
353 91
354 64
355 64
355 109
356 63
357 63
358 62
