273 289 162 63
274 323
274 324
275 314
275 322
275 323
276 314
276 321
277 320
278 319
278 320
279 313
279 319
280 312
280 318
281 311
281 317
281 318
282 310
282 311
282 317
283 309
283 310
283 316
284 308
284 309
284 315
284 316
285 308
286 307
286 308
286 314
287 307
287 313
288 306
288 307
288 312
289 306
289 312
290 305
290 311
291 304
291 305
291 310
292 287
292 288
292 289
292 304
293 290
293 303
294 291
294 292
294 303
294 309
295 292
295 302
295 307
295 308
296 293
296 302
296 307
297 293
297 302
297 306
298 293
298 301
298 306
298 307
299 292
299 293
299 301
299 307
300 300
301 300
302 299
303 299
303 304
303 305
304 299
304 304
305 298
305 299
305 304
306 298
306 303
307 298
307 303
308 298
308 303
309 297
309 303
310 297
310 302
311 296
311 297
311 302
312 293
312 294
312 295
312 301
313 301
314 301
315 300
316 300
317 300
318 300
319 299
320 299
321 299
322 291
322 299
323 291
323 298
324 290
324 291
324 298
325 290
325 297
326 290
326 297
327 289
327 297
328 288
328 289
328 297
329 287
329 288
329 297
330 286
330 287
330 297
331 296
332 296
332 327
333 296
333 327
334 295
334 327
335 295
335 296
336 296
337 296
338 296
339 296
340 296
344 304
345 304
346 303
347 303
348 303
348 328
349 302
350 302
351 302
352 302
353 302
353 324
353 325
354 302
354 326
355 302
355 327
356 301
357 301
358 301
359 301
360 301
361 301
362 301
363 300
364 300
365 300
366 300
367 300
368 300
369 299
370 299
371 299
372 299
373 298
374 298
375 298
376 298
377 297
377 298
378 297
379 297
380 296
381 296
382 296
383 295
384 295
385 294
386 293
386 294
387 293
388 292
411 341
412 340
413 340
414 340
415 339
416 345
417 344
417 345
418 343
418 344
419 342
419 343
420 341
420 342
421 340
421 341
422 339
423 337
423 338
424 335
424 337
425 334
425 335
426 333
426 334
427 331
427 332
427 333
428 329
428 330
428 331
429 328
429 329
