40 243 92 37
32 256
41 266
41 267
42 247
42 248
42 249
42 267
43 246
43 247
44 246
44 269
44 270
45 246
45 271
48 241
48 242
48 243
50 248
51 248
51 250
51 251
52 239
52 240
52 241
52 243
52 244
52 251
52 252
53 253
53 254
54 253
56 253
57 253
58 247
59 248
59 254
59 255
60 248
60 256
61 248
61 257
62 248
63 247
64 247
64 249
64 250
65 249
65 250
66 250
68 249
69 249
70 249
71 246
72 247
73 247
74 247
76 247
77 247
78 248
79 248
79 249
80 249
81 249
82 250
83 250
84 249
84 250
85 247
85 250
86 247
86 251
87 247
87 251
87 252
87 253
88 248
88 253
88 254
89 249
89 254
90 249
90 258
91 249
91 258
92 249
92 259
93 259
94 259
95 259
96 259
97 260
98 260
99 261
100 261
100 266
101 261
101 266
102 261
102 266
103 261
103 266
104 261
104 266
105 261
105 266
106 261
106 266
107 262
107 266
108 262
108 266
109 262
109 266
110 262
110 266
111 262
112 262
113 262
113 272
114 262
114 272
115 262
115 272
116 262
116 272
117 262
117 272
118 262
118 272
119 262
119 272
120 263
120 272
121 263
121 272
122 263
122 264
122 272
122 273
123 264
123 265
123 273
124 265
124 273
125 266
125 267
125 273
126 267
126 268
126 272
127 269
127 272
128 269
128 273
129 273
130 273
130 274
131 274
132 274
