35 111 171 108
43 140
44 141
45 140
46 140
46 190
46 191
46 192
46 193
47 140
48 140
48 202
48 204
49 140
50 139
50 195
50 198
51 138
51 188
52 138
52 187
53 185
54 150
54 151
54 185
55 151
56 151
56 158
56 183
57 150
57 159
57 160
57 169
57 176
57 177
58 143
58 144
58 145
58 146
58 147
58 148
58 149
58 150
58 151
58 160
58 161
58 168
58 169
58 174
58 175
58 179
58 180
58 181
59 142
59 156
59 161
59 173
59 179
60 155
60 156
60 172
60 178
61 154
61 162
61 177
62 163
62 164
62 165
62 166
62 169
62 170
62 171
62 175
62 176
63 160
63 161
63 167
63 168
63 174
63 175
64 156
64 157
64 158
64 160
65 155
65 156
68 152
69 151
69 152
70 151
71 150
72 150
73 149
73 150
74 149
75 148
76 148
77 148
81 139
82 128
82 140
83 129
83 130
83 141
84 131
84 132
85 132
86 132
87 133
87 134
89 135
106 199
107 200
107 201
107 202
107 203
107 204
107 205
107 206
109 112
109 113
109 114
109 115
109 116
109 117
109 118
110 110
110 111
113 182
114 208
114 209
115 207
116 206
117 205
118 205
120 171
120 172
120 173
120 175
121 168
121 169
121 170
121 178
121 187
121 208
123 183
123 188
124 183
126 183
126 189
127 161
127 173
128 183
128 189
129 162
129 164
129 165
129 183
129 189
130 183
130 189
131 161
131 162
131 163
131 182
132 161
132 182
133 160
133 182
134 182
134 187
135 181
135 182
136 181
137 181
138 180
139 180
139 209
140 180
140 186
140 210
141 185
141 211
142 181
142 212
143 180
143 185
143 213
144 180
144 185
145 179
145 184
146 177
146 178
146 184
147 177
147 183
148 176
149 176
149 182
150 175
150 182
151 175
151 182
152 175
152 183
153 176
153 183
154 151
154 176
154 183
154 184
155 151
155 177
155 184
155 185
156 151
156 177
157 152
157 178
158 152
158 178
159 152
159 178
160 152
160 178
161 152
161 177
162 152
162 177
163 152
163 175
163 176
163 193
164 152
164 173
164 174
164 175
165 153
165 172
165 173
166 153
166 171
167 149
167 153
167 170
168 149
168 153
168 170
169 148
169 153
169 169
169 203
169 204
169 205
169 210
169 211
170 148
170 154
170 169
170 196
170 197
170 198
170 199
170 200
170 201
170 202
170 206
170 207
170 208
170 209
171 148
171 154
171 168
171 194
171 195
172 148
172 149
172 154
172 168
172 169
173 149
173 154
173 169
173 170
173 181
173 182
173 183
173 184
173 185
173 186
173 187
173 188
173 189
173 190
174 150
174 154
174 170
174 171
174 175
174 176
174 177
174 178
174 179
174 180
175 149
175 154
175 172
175 174
175 206
175 207
175 208
175 209
175 210
175 211
176 154
177 154
178 154
178 155
178 190
179 155
180 155
181 155
182 155
183 156
183 205
184 156
184 205
185 156
186 157
187 157
187 206
188 157
188 206
189 158
191 207
192 159
192 207
193 207
194 207
195 208
196 207
197 172
202 177
203 168
203 175
203 177
