108 174 58 44
111 178
111 179
112 179
112 180
112 181
114 182
114 208
115 183
115 207
116 184
116 185
116 206
117 185
117 186
117 205
118 186
118 205
119 187
120 175
120 176
120 177
120 187
121 175
121 177
121 178
121 179
121 188
121 208
122 180
122 181
122 183
122 188
124 174
124 189
125 174
125 183
125 189
126 174
126 175
126 184
127 183
127 189
128 183
130 183
131 188
132 182
132 188
133 188
135 181
136 181
136 187
137 181
137 187
138 187
139 186
139 209
141 180
142 185
143 180
144 180
146 184
147 177
148 183
151 175
153 183
154 183
155 184
155 185
160 178
161 177
162 177
163 175
163 176
163 193
164 173
164 174
164 175
165 172
165 173
166 171
