280 85 102 33
278 88
278 90
281 87
282 87
282 88
283 88
284 89
285 89
285 90
286 88
286 89
287 88
288 88
288 96
289 88
290 87
290 98
290 105
291 87
291 98
291 105
292 87
292 99
292 104
292 105
293 87
293 99
293 100
293 104
294 86
294 99
294 100
294 103
294 104
295 103
297 87
298 101
300 100
301 98
301 99
302 88
302 93
302 94
302 95
302 96
302 97
302 98
343 89
345 84
351 115
352 92
352 106
353 91
353 107
354 108
355 109
357 99
358 99
359 98
360 97
361 96
361 97
362 95
362 113
362 114
363 95
363 112
363 113
364 94
365 110
365 111
366 93
366 110
367 92
367 93
369 91
369 107
370 90
371 90
372 90
373 90
374 91
374 92
375 92
