208 136 39 39
208 168
209 167
209 168
209 169
209 170
209 171
209 172
210 166
210 167
211 164
211 165
211 166
212 163
212 164
213 163
213 170
214 161
214 162
214 163
215 159
215 161
215 168
219 155
219 162
220 153
220 154
220 160
220 161
221 151
221 152
221 159
221 160
223 148
223 157
224 146
224 147
225 144
225 145
225 151
226 144
226 152
233 138
234 137
235 136
235 138
236 135
236 136
237 135
240 161
241 161
241 162
241 163
242 146
242 164
243 146
243 165
243 166
244 123
244 124
244 125
244 126
244 127
244 128
244 129
244 130
244 131
244 132
244 133
244 134
244 135
244 147
244 148
244 149
244 166
244 167
245 118
245 119
245 120
245 121
245 136
245 137
245 138
245 139
245 140
245 141
245 142
245 143
245 144
245 145
245 168
246 115
246 116
246 117
247 113
247 114
248 110
248 111
248 112
249 107
249 108
249 109
250 105
250 106
250 107
251 103
251 104
252 101
252 102
253 100
253 101
254 99
255 97
255 98
256 96
256 97
257 94
257 95
258 93
258 94
259 91
259 92
260 90
260 91
261 89
261 90
262 88
262 89
263 88
264 86
264 87
