105 83 237 115
88 145
89 145
90 144
91 144
92 145
93 145
94 144
95 144
96 144
97 144
98 144
99 144
100 144
101 145
102 145
103 97
103 145
104 97
104 145
105 138
105 145
106 138
106 145
107 138
107 146
108 138
108 146
109 76
109 77
109 78
109 79
109 81
109 82
109 83
109 84
109 85
109 86
109 87
109 89
109 90
109 91
109 92
109 138
109 146
109 151
110 75
110 119
110 138
110 146
110 150
111 120
111 138
111 146
111 149
111 178
111 179
112 138
112 148
112 149
113 138
113 147
113 148
113 182
114 139
114 147
114 149
115 139
115 145
116 139
116 145
116 154
116 155
117 139
117 145
117 153
117 154
118 139
118 145
118 153
119 139
119 145
119 153
120 139
120 145
120 153
120 171
120 173
120 175
121 140
121 146
121 153
121 165
121 166
121 167
121 168
121 169
121 170
121 178
121 187
122 140
122 146
122 153
123 140
123 146
123 153
123 183
123 188
124 140
124 146
124 153
124 163
124 174
124 183
125 140
125 153
125 154
125 161
125 162
125 163
125 174
126 140
126 149
126 153
126 154
126 161
126 162
126 174
126 175
126 183
126 189
127 141
127 149
127 153
127 162
127 172
128 141
128 149
128 162
128 170
128 171
128 189
129 141
129 149
129 168
129 169
129 183
129 189
130 141
130 149
130 166
130 167
130 189
131 141
131 149
131 182
132 140
132 150
132 160
132 161
133 140
133 150
133 159
133 160
133 182
134 141
134 150
134 159
134 182
134 187
135 141
135 150
135 182
136 142
136 151
137 142
137 151
138 143
138 151
138 180
139 143
139 151
139 180
140 143
140 144
140 151
140 180
140 186
141 144
141 185
142 145
142 181
143 145
143 151
143 185
144 146
144 151
144 152
144 185
145 146
145 152
145 179
145 184
146 147
146 152
146 177
146 178
146 184
147 148
147 152
147 177
147 183
148 151
148 176
149 151
149 176
149 182
150 151
150 175
150 182
151 151
151 182
152 151
152 175
152 183
153 151
153 176
153 197
154 151
154 176
154 184
154 195
154 196
155 151
155 177
155 194
156 151
156 177
156 185
156 186
156 192
156 193
157 152
157 178
157 187
157 188
157 189
157 190
157 191
158 152
158 178
159 152
159 178
160 152
160 190
160 191
161 152
161 191
161 192
162 152
162 193
162 194
163 152
164 152
165 153
166 153
167 149
167 153
167 170
168 131
168 149
168 153
168 170
169 131
169 148
169 153
169 169
170 132
170 148
170 154
170 169
171 132
171 148
171 154
171 168
172 133
172 148
172 149
172 154
172 168
172 169
173 133
173 149
173 154
173 169
173 170
174 133
174 134
174 150
174 154
174 170
174 171
175 134
175 149
175 154
176 134
176 154
177 134
177 154
177 193
177 194
177 195
177 196
178 134
178 154
178 155
178 191
178 192
179 155
180 155
181 155
182 155
183 156
184 156
185 156
186 157
187 157
188 157
189 158
190 158
191 159
192 159
192 160
193 160
194 161
195 161
195 162
196 162
196 163
196 172
197 163
197 164
197 172
197 173
198 164
198 173
199 165
199 173
200 166
200 173
201 167
201 173
201 177
201 178
201 179
201 180
201 181
202 168
202 174
202 177
203 169
203 175
203 176
203 177
204 169
204 170
204 175
205 170
206 174
207 174
208 168
208 174
209 167
209 168
209 169
209 170
209 171
209 172
209 174
210 166
210 167
210 172
210 174
211 164
211 165
211 166
211 174
211 175
212 163
212 164
213 163
213 170
213 177
214 161
214 162
214 163
214 169
214 177
214 178
215 159
215 160
215 167
215 168
215 179
215 180
216 158
216 159
216 166
216 180
217 157
217 158
217 182
218 156
218 183
218 184
219 163
219 185
220 160
220 161
220 186
221 152
221 159
221 160
221 186
222 150
222 158
223 148
223 149
223 157
224 155
224 156
225 153
225 154
225 188
226 143
226 152
227 143
228 142
229 142
229 190
230 142
230 190
231 142
231 190
232 138
232 140
232 142
233 139
233 143
234 138
234 143
235 138
235 143
236 136
236 144
236 154
237 135
237 154
237 155
238 155
238 156
238 186
239 145
239 157
239 158
240 145
240 159
240 160
240 161
241 161
241 162
241 163
242 146
242 164
242 183
243 146
243 147
243 165
243 166
243 181
244 123
244 124
244 125
244 126
244 127
244 128
244 129
244 130
244 131
244 132
244 133
244 134
244 135
244 147
244 148
244 149
244 166
244 167
245 118
245 119
245 120
245 121
245 136
245 137
245 138
245 139
245 140
245 141
245 142
245 143
245 144
245 145
245 168
245 179
246 115
246 116
246 117
246 169
246 177
247 113
247 114
247 170
247 171
247 174
247 175
247 176
248 110
248 111
248 112
248 151
248 172
248 173
249 107
249 108
249 109
249 172
250 105
250 106
250 107
250 135
250 136
250 137
250 138
250 139
250 140
250 172
250 198
251 103
251 104
251 131
251 163
251 164
251 197
252 101
252 102
252 132
252 165
252 166
252 171
252 197
253 100
253 101
253 132
253 171
253 197
254 99
254 133
254 171
254 197
255 97
255 98
255 133
255 171
255 172
256 96
256 97
256 133
256 172
257 94
257 95
257 133
257 173
258 93
258 94
258 133
258 174
259 91
259 92
259 133
259 175
259 176
259 177
260 90
260 91
260 132
260 195
261 89
261 90
261 132
261 179
261 180
261 195
262 88
262 89
262 132
262 180
262 194
263 87
263 88
263 133
263 180
263 181
264 86
264 87
264 133
264 181
264 182
264 188
264 193
265 85
265 86
265 133
265 182
265 183
265 193
265 198
266 85
266 134
266 183
267 84
267 134
267 184
267 197
268 134
268 184
268 185
268 197
269 135
269 196
270 135
270 196
271 135
272 135
273 135
273 189
274 135
275 135
276 135
277 135
277 191
278 89
278 92
278 135
279 91
279 92
279 135
280 92
280 136
281 88
281 136
281 180
282 136
283 135
284 135
284 178
285 76
285 91
285 135
286 76
286 92
286 93
286 94
286 95
286 101
286 135
286 176
286 185
287 75
287 96
287 102
287 103
287 135
287 175
287 184
288 97
288 104
288 136
288 183
289 97
289 105
289 136
289 182
290 97
290 136
290 181
290 182
291 136
291 180
291 181
292 136
292 179
292 180
293 136
293 178
293 179
294 136
294 168
294 177
294 178
295 73
295 136
295 167
295 177
296 103
296 136
296 176
297 74
297 102
297 136
297 165
297 175
298 75
298 101
298 102
298 137
298 181
299 75
299 101
299 137
299 179
299 180
299 181
300 100
300 138
301 99
301 138
301 139
301 172
302 88
302 89
302 90
302 91
302 92
302 139
302 140
302 171
303 141
303 142
303 170
303 171
303 194
303 195
304 142
304 143
304 170
305 170
306 169
307 168
307 169
308 168
309 167
310 167
311 166
311 188
311 189
312 166
313 165
314 183
314 184
314 185
315 183
319 179
320 172
320 173
320 178
321 174
321 176
321 178
323 173
324 154
324 163
324 173
325 153
325 163
325 170
325 172
326 152
326 153
326 163
326 169
326 170
327 151
327 152
327 169
328 168
329 149
329 154
329 167
329 168
330 149
330 154
330 161
331 148
331 154
331 160
332 155
332 159
336 162
337 143
338 142
338 156
339 141
339 154
339 155
340 153
341 150
341 151
342 149
343 147
345 139
345 140
345 142
345 143
