416 12 79 49
417 40
417 50
418 40
418 41
418 50
419 40
419 41
419 50
420 29
420 40
420 49
421 28
421 40
421 49
422 28
422 44
422 49
423 27
423 44
423 48
424 27
424 38
424 39
424 44
424 48
424 51
425 27
425 39
425 44
425 48
425 51
426 26
426 27
426 40
426 41
426 44
426 47
426 51
427 25
427 26
427 40
427 44
427 47
428 28
428 39
428 40
428 46
428 47
428 50
429 29
429 39
429 47
429 50
430 29
430 38
430 46
430 50
431 38
431 50
432 30
432 31
432 38
433 31
433 32
433 37
434 32
434 33
435 34
436 34
436 35
436 41
437 35
437 36
437 41
438 36
438 37
438 38
439 38
439 39
439 40
440 40
440 41
441 41
442 41
443 43
443 49
443 50
444 8
444 43
444 44
444 50
444 51
444 57
445 44
445 45
445 52
445 57
446 45
446 46
446 56
446 57
447 47
447 56
448 47
448 48
448 55
448 56
449 48
449 49
449 55
450 49
450 51
450 55
451 52
452 52
452 53
453 53
453 54
454 54
455 55
456 55
456 56
456 57
457 57
457 58
458 58
458 59
492 22
493 23
