108 196 53 76
89 257
89 258
109 229
109 231
110 218
110 219
110 220
110 221
110 222
110 223
110 224
110 225
110 226
110 227
111 213
111 215
111 217
112 211
112 212
117 235
117 236
118 228
118 229
118 230
118 231
118 232
118 233
118 234
118 237
119 205
119 220
119 221
119 222
119 223
119 224
119 225
119 226
119 227
120 205
120 206
120 217
120 218
120 219
121 207
121 208
121 209
121 215
121 216
121 217
122 209
122 213
122 214
122 215
139 209
140 210
141 211
142 212
143 213
144 213
145 213
146 213
147 213
148 213
149 212
150 212
154 183
155 184
155 185
156 226
157 227
157 228
158 228
158 229
159 221
159 229
161 230
162 226
162 227
162 229
163 228
