286 188 81 121
287 219
287 220
287 221
287 222
287 223
287 229
288 219
288 222
288 229
289 218
289 219
289 228
290 218
291 217
291 218
291 227
294 226
298 204
298 206
299 198
299 199
299 202
299 203
299 205
300 197
300 198
300 199
300 200
300 201
300 217
300 221
300 222
301 197
301 200
301 218
301 220
302 201
302 217
304 194
304 215
304 216
304 220
305 194
305 214
305 215
305 219
306 194
306 205
306 206
306 213
307 194
307 205
307 206
307 213
308 193
308 194
309 192
309 193
309 205
309 215
310 190
310 191
310 204
310 214
310 215
311 188
311 189
311 204
311 213
311 214
312 187
312 188
312 205
312 208
312 209
312 210
312 211
312 212
313 186
313 187
314 183
314 184
314 185
314 208
315 182
315 183
315 203
315 207
315 208
316 180
316 181
316 182
316 204
316 205
316 206
316 207
317 179
317 180
317 205
317 206
328 288
329 287
329 288
330 219
330 286
330 287
331 219
332 217
332 218
332 284
332 285
332 286
333 217
333 286
333 287
334 217
335 216
336 215
336 216
337 214
337 215
338 213
338 214
339 212
339 213
340 211
340 212
341 204
341 205
341 206
341 207
341 208
341 209
341 210
341 211
342 201
342 202
342 203
343 199
343 200
344 198
344 199
345 197
345 207
346 196
346 197
347 195
347 196
347 204
347 205
348 194
348 195
348 202
348 203
349 193
349 194
349 200
349 201
350 192
350 193
350 200
351 192
351 199
351 200
353 191
354 190
355 190
357 190
358 191
361 195
362 194
363 193
364 192
365 192
