108 185 17 55
109 176
109 177
109 229
109 231
110 177
110 218
110 219
110 220
110 221
110 222
110 223
110 224
110 225
110 226
110 227
110 228
111 178
111 179
111 213
111 215
111 217
112 179
112 180
112 181
112 211
112 212
114 182
115 183
116 184
116 185
117 185
117 186
117 235
117 236
118 186
118 228
118 229
118 230
118 231
118 232
118 233
118 234
118 237
119 187
119 205
119 220
119 221
119 222
119 223
119 224
119 225
119 226
119 227
120 187
120 205
120 206
121 188
121 207
121 209
122 188
122 209
