135 71 75 167
105 138
106 138
107 138
108 138
109 138
110 138
111 138
112 138
113 138
114 139
115 139
116 139
117 139
118 139
119 139
120 139
121 140
122 140
123 140
124 140
125 140
126 140
126 149
127 141
127 149
128 141
128 149
129 141
129 149
130 141
130 149
131 141
131 149
132 140
132 150
133 140
133 150
134 141
134 150
135 141
135 150
136 142
136 151
137 142
137 151
138 143
138 151
139 143
139 151
140 143
140 144
140 151
140 186
141 144
141 185
142 145
143 145
143 151
143 185
144 146
144 151
144 152
144 185
145 146
145 152
145 184
146 147
146 152
146 184
147 148
147 152
147 183
148 151
149 151
149 182
150 151
150 182
151 151
151 182
152 151
152 175
152 183
153 151
153 176
153 197
154 151
154 176
154 184
154 195
154 196
155 151
155 177
155 194
155 200
156 151
156 177
156 185
156 186
156 192
156 193
156 199
156 200
156 201
156 202
156 203
156 207
156 208
156 209
156 223
156 224
156 225
157 152
157 178
157 187
157 188
157 189
157 190
157 191
157 204
157 205
157 206
157 210
157 223
157 227
157 228
158 152
158 178
158 211
158 215
158 216
158 217
158 218
158 219
158 222
159 152
159 178
159 212
159 214
159 220
159 221
159 222
160 152
160 190
160 191
160 222
161 152
161 191
161 192
162 152
162 193
162 194
163 152
163 176
163 193
164 152
164 174
164 175
165 153
165 172
165 173
166 153
166 171
166 225
166 226
167 153
167 170
167 221
167 222
167 223
167 224
168 153
168 170
168 212
168 217
168 218
168 219
168 220
169 153
169 169
169 202
169 203
169 204
169 205
169 210
169 211
169 214
169 215
169 216
170 154
170 169
170 196
170 197
170 198
170 199
170 200
170 201
170 202
170 206
170 207
170 208
170 209
171 154
171 168
171 194
171 195
171 222
171 223
172 154
172 168
172 169
172 191
172 192
172 193
172 219
172 220
172 221
173 154
173 169
173 170
173 181
173 182
173 183
173 184
173 185
173 186
173 187
173 188
173 189
173 190
173 216
173 217
173 218
174 154
174 170
174 171
174 175
174 176
174 177
174 178
174 179
174 180
174 213
174 214
174 215
174 216
175 154
175 172
175 174
175 206
175 207
175 208
175 209
175 210
175 211
176 154
176 201
176 202
176 203
176 204
176 205
176 206
176 207
177 154
177 193
177 194
177 195
177 196
178 154
178 155
178 190
178 191
178 192
179 155
180 155
181 155
181 205
182 155
182 205
183 156
183 205
184 156
184 205
185 156
186 157
187 157
188 157
188 206
189 158
191 207
192 159
194 207
195 208
196 172
196 207
197 172
197 173
198 173
199 173
200 166
200 173
201 167
201 173
201 177
201 178
201 179
201 180
201 181
202 168
202 174
202 177
203 168
203 169
203 175
203 176
203 177
203 229
204 169
204 170
205 170
205 232
208 168
209 167
209 168
209 169
209 170
209 171
209 172
210 166
210 167
210 172
211 164
211 165
211 166
212 164
213 163
214 162
214 163
215 160
216 158
216 159
217 157
217 158
218 156
