341 228 49 105
346 264
347 265
347 266
347 267
348 267
348 268
348 269
348 327
348 328
349 270
349 271
349 325
349 326
349 327
350 271
350 272
351 272
352 273
352 323
352 324
353 273
353 274
353 324
353 325
354 274
354 326
355 274
355 327
356 275
357 275
358 275
358 276
359 276
360 276
361 276
362 276
363 275
364 275
365 275
366 275
369 259
370 259
370 265
371 260
371 265
372 257
372 260
372 266
373 232
373 240
373 241
373 256
373 260
373 267
374 231
374 242
374 257
374 267
375 232
375 233
375 243
375 244
375 245
375 257
375 267
375 268
376 233
376 234
376 245
376 246
376 247
376 248
376 250
376 258
377 234
377 235
377 251
377 263
377 270
377 272
378 235
378 236
378 252
378 256
378 258
378 263
379 236
379 237
379 238
379 252
379 256
379 259
379 263
379 264
380 239
380 240
380 255
380 256
380 260
380 261
381 241
381 256
