204 96 49 93
203 169
204 169
204 170
205 170
206 174
207 174
208 168
208 174
209 167
209 168
209 169
209 170
209 171
209 172
209 174
210 166
210 167
210 174
211 164
211 165
211 166
211 174
211 175
212 163
212 164
213 163
213 170
213 177
214 161
214 162
214 163
214 177
214 178
215 159
215 161
215 168
215 179
215 180
216 158
216 159
216 180
217 157
217 158
217 182
218 156
218 183
218 184
219 155
219 162
220 153
220 154
220 160
220 161
221 151
221 152
221 159
221 160
222 150
222 158
223 148
223 149
223 157
224 146
224 147
224 155
224 156
225 144
225 145
225 153
225 154
226 143
226 144
226 152
227 143
228 142
229 142
230 142
231 142
232 138
232 142
233 138
233 139
233 143
234 137
234 138
234 143
235 136
235 138
235 143
236 135
236 136
236 144
236 154
237 135
237 154
237 155
238 155
238 156
238 186
239 145
239 157
239 158
240 145
240 159
240 160
240 161
241 161
241 162
241 163
242 146
242 164
242 183
242 184
243 146
243 147
243 165
243 166
243 181
243 182
244 123
244 124
244 125
244 126
244 127
244 128
244 129
244 130
244 131
244 132
244 133
244 134
244 135
244 147
244 148
244 149
244 166
244 167
245 118
245 119
245 120
245 121
245 136
245 137
245 138
245 139
245 140
245 141
245 142
245 143
245 144
245 145
245 168
245 179
246 115
246 116
246 117
246 169
246 177
247 113
247 114
247 170
247 171
247 174
247 175
247 176
248 110
248 111
248 112
248 151
248 172
248 173
249 107
249 108
249 109
249 172
250 105
250 106
250 107
250 135
250 136
250 137
250 138
250 139
250 140
251 103
251 104
251 163
251 164
252 101
252 102
252 165
252 166
253 100
253 101
254 99
255 97
255 98
256 96
256 97
257 94
257 95
258 93
258 94
259 91
259 92
260 90
260 91
261 89
261 90
262 88
262 89
263 88
264 86
264 87
