100 185 53 58
109 229
109 231
110 218
110 219
110 220
110 221
110 222
110 223
110 224
110 225
110 226
110 227
111 178
111 179
111 213
111 215
111 217
112 179
112 180
112 181
112 211
112 212
114 182
115 183
116 184
116 185
117 185
117 186
117 235
117 236
118 186
118 228
118 229
118 230
118 231
118 232
118 233
118 234
118 237
119 187
119 205
119 220
119 221
119 222
119 223
119 224
119 225
119 226
119 227
120 187
120 205
120 206
120 217
120 218
120 219
121 188
121 207
121 208
121 209
121 215
121 216
121 217
122 188
122 209
122 213
122 214
122 215
124 189
125 189
127 189
131 188
132 188
133 188
136 187
137 187
138 187
139 186
139 209
140 210
141 211
142 185
142 212
143 213
144 213
145 213
146 184
146 213
147 213
148 213
149 212
150 212
154 183
155 184
155 185
