115 207 49 33
117 235
117 236
118 228
118 229
118 230
118 231
118 232
118 233
118 234
118 237
119 205
119 220
119 221
119 222
119 223
119 224
119 225
119 226
119 227
120 205
120 206
120 217
120 218
120 219
121 207
121 208
121 209
121 215
121 216
121 217
122 209
122 213
122 214
122 215
139 209
140 210
141 211
142 212
143 213
144 213
145 213
146 213
147 213
148 213
149 212
150 212
156 226
157 227
157 228
158 228
158 229
159 221
159 229
161 230
162 226
162 227
162 229
163 228
164 226
164 227
165 226
166 225
166 226
167 221
167 222
167 223
167 224
168 219
169 214
169 215
169 216
