257 230 205 122
258 258
258 259
258 260
258 261
260 256
260 262
261 255
262 253
262 254
263 253
264 252
265 250
265 251
266 249
266 250
266 251
267 248
268 246
268 247
268 248
268 259
268 260
269 244
269 245
269 256
269 257
269 258
270 243
270 244
270 254
270 255
271 241
271 242
271 253
271 254
271 327
272 240
272 251
272 252
272 326
272 327
273 238
273 249
273 250
273 251
274 236
274 237
274 246
274 247
274 248
274 249
274 323
274 324
275 234
275 235
275 243
275 244
275 245
275 314
275 322
275 323
276 234
276 240
276 241
276 242
276 243
276 314
276 321
277 240
277 320
278 240
278 319
278 320
279 234
279 235
279 236
279 237
279 239
279 240
279 313
279 319
280 234
280 238
280 239
280 312
280 318
281 234
281 311
281 317
281 318
282 234
282 310
282 311
282 317
283 309
283 310
283 316
284 232
284 233
284 308
284 309
284 315
284 316
285 231
285 232
285 308
286 230
286 307
286 308
286 314
287 307
287 313
288 306
288 307
288 312
289 306
289 312
290 305
290 311
291 304
291 305
291 310
292 287
292 288
292 289
292 304
293 290
293 303
294 291
294 292
294 303
294 309
295 292
295 302
295 307
295 308
296 293
296 302
296 307
297 293
297 302
297 306
298 293
298 301
298 306
298 307
299 292
299 293
299 301
299 307
300 300
301 300
302 299
303 299
303 304
303 305
304 299
304 304
305 298
305 299
305 304
306 298
306 303
307 298
307 303
308 298
308 303
309 297
309 303
310 297
310 302
311 296
311 297
311 302
312 293
312 294
312 295
312 301
313 301
314 301
315 300
316 300
317 300
318 300
319 299
320 299
321 299
322 291
322 299
323 291
323 298
324 266
324 267
324 290
324 291
324 298
325 266
325 290
325 297
326 265
326 266
326 290
326 297
327 265
327 289
327 297
328 264
328 288
328 289
328 297
329 262
329 263
329 287
329 288
329 297
330 286
330 287
330 297
331 296
332 284
332 285
332 286
332 296
333 286
333 287
333 296
334 295
335 295
335 296
336 296
337 296
338 296
339 296
340 296
346 264
347 265
347 266
347 267
348 267
348 268
348 269
348 327
348 328
349 270
349 271
349 325
349 326
349 327
350 271
350 272
351 272
352 273
352 323
352 324
353 273
353 274
353 324
353 325
354 274
354 326
355 274
355 327
356 275
357 275
358 275
358 276
359 276
360 276
361 276
362 276
363 275
364 275
365 275
366 275
369 259
370 259
370 265
371 260
371 265
372 257
372 260
372 266
373 232
373 240
373 241
373 256
373 260
373 267
374 231
374 242
374 257
374 267
375 232
375 233
375 243
375 244
375 245
375 257
375 267
375 268
376 233
376 234
376 245
376 246
376 247
376 248
376 250
376 258
376 298
377 234
377 235
377 251
377 263
377 270
377 272
377 297
377 298
378 235
378 236
378 252
378 256
378 258
378 263
378 297
379 236
379 237
379 238
379 252
379 256
379 259
379 263
379 264
379 297
380 239
380 240
380 255
380 256
380 260
380 261
380 296
381 256
381 296
382 296
383 295
384 295
385 294
386 293
386 294
387 293
388 292
415 339
417 344
418 343
418 344
419 342
419 343
420 341
420 342
421 340
421 341
422 339
423 337
423 338
424 268
424 335
424 337
425 267
425 268
425 334
425 335
426 267
426 333
426 334
427 266
427 331
427 332
427 333
428 266
428 329
428 330
428 331
429 265
429 328
429 329
430 264
431 264
432 263
433 258
433 263
434 258
434 259
434 262
435 258
435 259
435 262
436 259
436 262
438 262
438 284
438 285
439 257
439 262
439 286
439 287
439 288
439 289
440 257
440 261
440 279
440 280
440 281
441 258
441 261
441 279
442 258
442 277
442 278
443 275
443 276
443 277
444 257
445 257
445 272
445 273
446 257
446 269
446 270
446 271
447 257
447 268
448 257
449 257
449 260
449 263
449 264
449 265
449 266
450 257
450 260
450 261
450 262
450 263
451 257
451 261
452 256
452 257
452 267
452 268
453 255
453 256
453 265
453 266
453 267
454 254
454 255
454 261
454 265
455 253
455 254
455 261
455 265
456 252
456 260
457 243
457 244
457 245
457 246
457 247
457 248
457 251
457 259
458 241
458 250
459 231
459 232
459 233
459 234
459 238
459 240
459 249
460 235
460 238
461 247
472 241
