257 215 110 101
258 258
258 259
258 260
258 261
260 256
260 262
261 255
262 253
262 254
263 253
264 252
265 250
265 251
266 249
266 250
266 251
267 248
268 246
268 247
268 248
268 259
268 260
269 244
269 245
269 256
269 257
269 258
270 243
270 244
270 254
270 255
271 241
271 242
271 253
271 254
272 240
272 251
272 252
273 238
273 249
273 250
273 251
274 222
274 236
274 237
274 246
274 247
274 248
274 249
275 222
275 234
275 235
275 243
275 244
275 245
276 222
276 234
276 240
276 241
276 242
276 243
277 221
277 240
278 240
279 218
279 219
279 234
279 235
279 236
279 237
279 239
279 240
280 216
280 217
280 218
280 234
280 238
280 239
281 214
281 215
281 234
282 214
282 228
282 234
283 225
283 226
283 228
284 211
284 212
284 225
284 226
284 227
284 232
284 233
285 231
285 232
286 230
287 219
287 220
287 221
287 222
287 223
287 229
288 219
288 222
288 229
289 218
289 219
289 228
290 218
291 217
291 218
291 227
294 226
299 223
300 217
300 221
300 222
301 218
301 219
301 220
301 221
302 217
304 215
304 216
304 220
305 214
305 215
305 219
306 213
307 213
308 223
309 215
309 222
310 214
310 215
310 221
310 222
311 213
311 214
311 220
311 221
312 208
312 209
312 210
312 211
312 212
324 266
324 267
325 266
326 265
326 266
327 265
328 264
329 262
329 263
330 219
331 219
335 216
339 212
346 264
347 265
347 266
347 267
348 267
348 268
349 270
349 271
350 271
350 272
351 272
352 273
353 273
353 274
354 274
355 274
356 275
357 275
358 275
358 276
359 276
360 276
361 276
362 276
363 275
364 275
365 275
366 275
385 294
386 293
386 294
387 293
388 292
