313 152 47 72
314 165
314 208
315 164
316 205
316 206
316 207
317 205
317 206
318 167
319 167
319 179
320 167
320 172
320 173
320 178
320 179
321 174
321 175
321 176
321 177
321 178
322 162
323 162
323 163
323 173
324 163
324 169
324 172
324 173
325 163
325 170
325 171
325 172
326 163
326 169
326 170
327 169
327 221
328 150
328 168
328 221
329 150
329 154
329 167
329 168
329 220
330 154
330 161
330 167
331 148
331 154
331 167
332 147
332 148
332 154
332 155
332 156
332 157
332 158
332 159
332 166
332 217
332 218
333 146
333 147
333 165
333 166
333 217
334 145
334 146
334 164
334 217
335 144
335 145
335 162
335 163
335 216
336 144
336 160
336 161
336 215
336 216
337 157
337 158
337 159
337 160
337 214
337 215
338 142
338 157
338 213
338 214
339 141
339 212
339 213
340 152
340 154
340 211
340 212
341 152
341 204
341 205
341 206
341 207
341 208
341 209
341 210
341 211
342 148
342 150
342 201
342 203
343 148
343 199
343 200
344 144
344 145
344 146
344 198
344 199
345 139
345 140
345 141
345 142
345 143
345 144
345 197
345 207
346 196
346 197
347 195
347 196
347 204
347 205
348 194
348 203
349 193
349 200
349 201
350 192
350 193
351 192
352 191
353 191
354 190
355 190
356 190
357 190
358 191
