290 262 99 45
292 287
292 288
292 289
293 290
294 291
294 292
295 292
296 293
297 293
298 293
299 292
299 293
312 293
312 294
312 295
322 291
324 266
324 267
324 290
325 266
326 265
326 266
327 265
328 264
328 288
329 262
329 263
329 287
329 288
330 286
330 287
332 284
332 285
332 286
333 286
333 287
346 264
347 265
347 266
347 267
348 267
348 268
349 270
349 271
350 271
350 272
351 272
352 273
353 273
353 274
354 274
355 274
356 275
357 275
358 275
358 276
359 276
360 276
361 276
362 276
363 275
364 275
365 275
366 275
370 265
371 265
372 266
373 267
373 298
374 267
374 298
375 267
375 268
375 298
376 298
377 263
377 270
377 272
377 297
377 298
378 258
378 263
378 297
379 259
379 263
379 264
379 297
380 260
380 261
380 296
381 296
382 296
383 295
384 295
385 294
386 293
386 294
387 293
388 292
