129 225 89 55
121 272
122 272
122 273
156 223
156 224
156 225
156 226
157 223
158 215
158 216
158 217
158 218
158 219
158 222
158 228
158 229
159 214
159 220
159 222
159 229
160 222
161 230
162 226
162 227
162 229
163 228
164 226
164 227
165 226
166 225
166 226
167 221
167 222
167 223
167 224
168 217
168 218
168 219
168 220
169 214
169 215
169 216
191 236
191 272
192 235
192 236
192 271
193 234
193 235
194 232
194 233
194 234
195 232
196 231
196 232
196 267
196 268
197 231
197 266
197 267
198 230
198 231
198 265
198 266
199 229
199 230
199 264
199 265
200 228
200 263
200 264
201 229
201 262
201 263
202 229
202 261
202 262
203 260
203 261
204 229
204 258
204 259
205 226
205 229
205 230
205 231
205 232
205 257
205 258
206 226
206 257
207 226
207 254
207 255
208 252
208 253
209 252
210 250
210 251
210 257
210 258
210 259
210 260
210 261
210 262
211 248
211 249
211 257
211 260
211 261
212 247
213 245
214 243
215 240
215 241
215 242
216 239
217 237
219 221
219 222
219 223
219 224
