76 237 70 33
71 246
72 247
74 247
75 247
76 247
77 247
78 248
79 248
79 249
80 249
81 249
82 250
83 250
84 249
84 250
85 250
86 251
87 251
87 252
87 253
88 253
88 254
89 249
89 254
89 257
89 258
90 249
90 258
91 249
91 258
92 249
92 259
93 259
94 259
95 214
95 259
96 212
96 213
96 214
96 259
97 210
97 211
98 206
98 207
98 208
98 209
99 204
99 205
100 203
100 241
101 201
101 202
117 235
117 236
118 228
118 229
118 230
118 231
118 232
118 233
118 234
119 221
119 222
119 223
119 224
119 225
119 226
119 227
119 238
119 239
