26 0 86 157
34 146
34 147
36 144
37 143
38 142
38 143
39 142
40 141
41 141
42 140
43 140
44 141
45 140
46 140
47 140
48 140
49 140
50 139
51 138
52 138
53 46
53 137
54 137
54 150
54 151
55 42
55 136
55 137
55 151
56 41
56 136
56 151
57 7
57 8
57 9
57 10
57 11
57 12
57 13
57 14
57 18
57 40
57 136
57 150
58 15
58 16
58 17
58 19
58 39
58 40
58 136
58 143
58 144
58 145
58 146
58 147
58 148
58 149
58 150
58 151
59 16
59 19
59 32
59 136
59 142
59 156
60 20
60 30
60 31
60 33
60 34
60 35
60 36
60 40
60 41
60 42
60 136
60 155
60 156
61 22
61 23
61 24
61 25
61 26
61 27
61 28
61 29
61 37
61 39
61 40
61 41
61 136
61 154
61 155
62 21
62 38
62 39
62 136
63 19
63 20
63 38
63 135
64 6
64 7
64 8
64 9
64 10
64 11
64 12
64 13
64 14
64 15
64 16
64 17
64 18
64 135
65 134
66 134
67 133
67 134
68 133
69 84
69 90
69 91
69 93
69 94
69 95
69 96
69 132
69 151
69 152
70 85
70 86
70 87
70 88
70 89
70 92
70 131
70 151
71 130
71 131
71 150
72 130
72 150
73 129
73 149
73 150
74 129
74 149
75 129
75 148
76 128
76 129
76 148
77 128
77 148
78 128
78 147
79 128
79 147
80 128
80 146
80 147
81 128
81 139
81 146
82 128
82 140
82 141
82 146
83 103
83 129
83 130
83 141
83 145
84 131
84 132
84 141
84 145
85 98
85 132
85 141
85 145
86 97
86 98
86 132
86 140
86 145
87 97
87 133
87 134
87 139
87 140
87 145
88 97
88 135
88 137
88 138
88 139
88 145
89 97
89 135
89 140
89 145
90 97
90 135
90 140
90 144
91 97
91 135
91 144
92 97
92 136
92 145
93 97
93 136
93 145
94 97
94 136
94 144
95 97
95 136
95 144
96 97
96 136
96 144
97 97
97 136
97 144
98 97
98 136
98 144
99 97
99 136
99 144
100 98
100 137
100 144
101 98
101 137
101 145
102 98
102 137
102 145
103 97
103 137
103 145
104 53
104 97
104 138
104 145
105 53
105 97
105 145
106 53
106 97
106 145
107 53
107 98
107 146
108 52
108 146
109 51
109 64
109 65
109 80
109 88
109 98
109 99
109 100
109 101
109 102
109 103
109 104
109 105
109 107
109 108
109 112
109 113
109 114
109 115
109 116
109 117
109 118
109 146
110 51
110 62
110 63
110 66
110 69
110 93
110 94
110 95
110 96
110 97
110 98
110 106
110 109
110 110
110 111
110 119
110 146
110 150
111 60
111 61
111 62
111 120
111 146
111 149
112 148
112 149
113 147
113 148
114 147
114 149
