122 180 42 52
111 178
111 179
112 179
112 180
112 181
114 182
115 183
116 184
116 185
116 206
117 185
117 186
117 205
118 186
118 205
119 187
120 175
120 176
120 177
120 187
121 175
121 177
121 178
121 179
121 188
121 208
122 180
122 181
122 183
122 188
124 189
125 183
125 189
126 184
127 183
127 189
128 183
130 183
131 188
132 182
132 188
133 188
135 181
136 181
136 187
137 181
137 187
138 187
139 186
141 180
142 185
143 180
144 180
148 183
151 175
153 183
154 183
155 184
155 185
156 226
157 227
157 228
158 229
159 221
159 229
163 193
166 225
166 226
167 221
167 222
167 223
167 224
168 219
169 214
169 215
169 216
