12 200 39 99
12 202
14 202
15 202
16 201
17 200
18 198
18 199
18 200
20 206
20 207
20 208
20 209
20 210
20 211
20 212
20 213
20 214
20 215
20 216
20 217
20 218
20 219
21 203
21 204
21 205
21 219
21 220
21 253
22 221
22 222
22 226
22 227
23 222
23 223
24 223
36 261
37 263
38 228
38 264
39 228
39 265
40 265
40 266
42 268
43 268
43 269
44 216
44 217
45 218
45 219
45 220
45 221
46 207
46 208
46 222
46 223
46 272
47 208
47 209
47 210
47 223
47 224
47 225
47 226
47 227
47 228
47 273
47 274
48 202
48 203
48 204
48 205
48 211
48 212
48 213
48 214
48 215
48 216
48 228
48 229
48 243
48 274
48 275
48 276
49 200
49 201
49 202
49 231
49 232
49 276
50 195
50 196
50 197
50 198
50 199
50 233
51 191
51 192
51 193
51 194
