320 185 175 167
322 291
323 291
324 266
324 267
324 290
324 291
325 266
325 290
326 265
326 266
326 290
327 265
327 289
328 264
328 288
328 289
329 262
329 263
329 287
329 288
330 219
330 286
330 287
331 219
332 217
332 218
332 284
332 285
332 286
333 217
333 286
333 287
334 217
335 296
336 215
336 216
336 296
337 214
337 215
337 296
338 213
338 214
338 296
339 213
339 296
340 211
340 212
341 205
341 206
341 207
341 208
341 209
341 210
341 211
342 202
346 206
346 264
347 265
347 266
347 267
348 195
348 202
348 267
348 268
348 269
348 328
349 194
349 270
349 271
350 192
350 193
350 200
350 271
350 272
351 192
351 199
351 200
351 272
352 273
353 191
353 273
353 274
354 190
354 274
355 274
356 275
357 190
357 275
358 191
358 275
358 276
359 276
360 276
361 195
361 276
362 194
362 276
363 193
363 275
364 192
364 275
365 192
365 275
366 194
366 275
367 193
368 191
368 192
368 194
369 191
369 259
370 190
370 259
370 265
371 189
371 190
371 260
371 265
372 188
372 189
372 257
372 260
372 266
373 232
373 240
373 241
373 256
373 260
373 267
374 231
374 242
374 257
374 267
375 232
375 233
375 243
375 244
375 245
375 257
375 267
375 268
376 233
376 234
376 245
376 246
376 247
376 248
376 250
376 258
376 269
377 234
377 235
377 251
377 263
377 270
377 272
378 235
378 236
378 252
378 256
378 258
378 270
378 271
378 272
379 236
379 237
379 238
379 252
379 256
379 259
380 239
380 240
380 255
380 256
380 262
380 263
381 241
381 242
381 243
381 244
381 257
381 261
382 244
382 245
382 246
382 247
382 248
382 256
382 262
383 249
383 250
383 251
383 252
383 253
383 254
383 255
384 253
385 254
415 339
416 337
416 338
417 336
417 344
418 335
418 343
418 344
419 334
419 335
419 342
419 343
420 332
420 333
420 334
420 341
420 342
421 330
421 331
421 332
421 340
421 341
422 328
422 329
422 339
423 326
423 327
423 328
423 337
423 338
424 268
424 325
424 326
424 335
424 336
424 337
425 267
425 268
425 322
425 323
425 324
425 334
425 335
426 267
426 320
426 321
426 333
426 334
427 266
427 318
427 319
427 331
427 332
427 333
428 266
428 329
428 330
428 331
429 265
429 328
429 329
430 264
431 264
432 263
433 258
433 263
434 258
434 259
434 262
435 258
435 259
435 262
436 258
436 259
436 262
437 258
438 258
438 262
438 284
438 285
439 257
439 262
439 286
439 287
439 288
439 289
440 257
440 261
440 279
440 280
440 281
441 258
441 261
441 279
442 258
442 277
442 278
443 275
443 276
443 277
444 257
445 257
445 272
445 273
446 257
446 269
446 270
446 271
447 257
447 268
448 257
449 257
449 260
449 263
449 264
449 265
449 266
450 257
450 260
450 261
450 262
450 263
451 257
451 261
452 256
452 257
452 267
452 268
453 255
453 256
453 265
453 266
453 267
454 254
454 255
454 261
454 265
455 253
455 254
455 261
455 265
456 252
456 260
457 243
457 244
457 245
457 246
457 247
457 248
457 251
457 259
458 241
458 250
459 231
459 232
459 233
459 234
459 238
459 240
459 249
460 235
460 238
461 247
462 246
462 247
463 229
463 246
464 245
465 209
465 229
465 244
466 208
470 242
471 171
471 172
472 241
473 239
473 240
474 239
475 238
476 209
476 235
476 236
476 237
479 208
479 212
485 230
487 209
487 221
487 228
489 201
489 208
490 200
491 177
491 205
493 222
