302 161 195 83
304 170
304 194
304 216
304 220
305 170
305 194
305 215
305 219
306 169
306 194
306 205
306 206
307 168
307 169
307 194
307 205
307 206
307 213
308 168
308 193
308 194
308 205
309 167
309 192
309 193
309 205
309 215
310 167
310 190
310 191
310 204
310 214
310 215
311 166
311 204
311 213
311 214
312 166
312 187
312 188
312 206
312 208
312 209
312 210
312 211
312 212
312 221
313 165
313 186
313 187
313 221
314 164
314 165
314 208
314 220
315 163
315 164
315 182
315 220
316 162
316 163
316 180
316 181
316 182
316 205
316 206
316 207
316 220
317 161
317 162
317 179
317 180
317 205
317 206
317 220
318 160
318 161
318 167
318 220
319 159
319 167
319 179
319 220
320 158
320 159
320 167
320 172
320 173
320 178
320 179
320 220
320 221
321 158
321 174
321 175
321 176
321 177
321 178
321 221
322 156
322 157
322 162
322 221
323 155
323 156
323 162
323 163
323 173
324 153
324 163
324 169
324 172
324 173
325 163
325 170
325 171
325 172
326 163
326 169
326 170
327 169
327 221
328 168
328 221
329 154
329 167
329 168
329 220
330 154
330 161
330 167
330 219
331 154
331 167
331 219
332 154
332 155
332 156
332 157
332 158
332 159
332 166
332 217
332 218
333 165
333 166
333 217
334 164
334 217
335 162
335 163
336 160
336 161
336 215
336 216
337 157
337 158
337 159
337 160
337 214
337 215
338 157
338 213
338 214
339 213
340 152
340 154
340 211
340 212
341 152
341 205
341 206
341 207
341 208
341 209
341 210
341 211
342 148
342 150
342 202
343 148
344 144
344 145
344 146
345 141
345 144
346 206
348 195
348 202
349 194
350 192
350 193
350 200
351 192
351 199
351 200
352 191
353 191
354 190
356 190
357 190
358 191
360 196
361 195
361 196
362 194
363 193
364 192
365 192
366 194
367 193
367 194
368 191
368 192
368 193
368 194
369 191
370 190
371 189
371 190
372 188
372 189
459 231
459 232
459 233
459 234
460 235
460 238
462 228
462 229
463 226
463 228
464 229
465 209
465 229
466 207
466 208
468 207
468 229
469 207
469 224
469 229
470 208
470 224
470 229
470 233
471 170
471 171
471 172
471 224
471 229
471 233
472 223
472 224
472 228
472 233
473 173
473 174
473 204
473 223
473 227
473 228
473 233
474 204
474 223
474 228
474 233
475 204
475 223
475 232
475 238
476 172
476 203
476 209
476 222
476 227
476 232
476 235
476 237
477 172
477 203
477 209
477 212
477 227
477 232
478 172
478 203
478 208
478 212
478 227
478 232
479 171
479 202
479 208
479 212
479 226
479 231
480 171
480 202
480 207
480 211
480 221
480 226
480 231
481 170
481 202
481 207
481 211
481 221
481 226
481 231
482 170
482 202
482 207
482 221
482 226
482 231
483 170
483 201
483 221
483 226
483 230
483 231
484 169
484 201
484 221
484 226
484 230
485 201
485 221
485 225
485 230
486 200
486 209
486 221
486 229
487 201
487 209
487 221
487 228
487 229
488 201
488 202
488 222
488 228
489 143
489 148
489 149
489 163
489 164
489 165
489 200
489 201
489 208
489 222
490 149
490 150
490 162
490 173
490 200
490 220
491 161
491 171
491 172
491 176
491 177
491 205
