228 50 153 112
186 65
187 65
188 66
189 65
190 65
191 65
192 65
193 65
194 65
195 66
196 66
197 66
198 66
199 66
200 66
201 66
202 66
203 66
204 66
205 66
206 66
207 66
208 66
209 66
210 66
211 66
212 66
213 66
214 66
215 66
216 66
217 66
218 65
219 66
220 66
221 67
222 67
223 67
224 67
225 67
226 67
227 66
230 66
231 66
232 56
232 138
232 140
232 142
233 138
233 139
233 143
234 137
234 138
234 143
235 56
235 136
235 138
235 143
236 56
236 135
236 136
236 144
237 135
237 144
238 56
238 144
239 56
239 145
240 145
241 146
242 56
243 56
243 147
244 122
244 146
244 149
246 67
247 57
252 101
252 102
253 100
253 101
253 132
254 99
254 133
255 97
255 98
255 133
256 96
256 97
256 133
257 133
258 93
258 94
258 133
259 91
259 92
259 133
260 90
260 91
260 132
261 89
261 90
261 132
262 88
262 89
262 132
263 87
263 88
263 133
264 86
264 87
264 133
265 85
265 86
265 133
266 85
266 134
267 84
267 134
268 134
269 135
270 135
271 135
272 135
273 135
274 135
275 135
276 135
277 135
278 90
278 135
279 135
280 136
281 136
282 136
283 135
284 135
285 76
285 135
286 76
286 135
287 75
287 135
288 96
289 136
290 53
290 105
290 136
291 51
291 52
291 53
291 105
291 136
292 49
292 50
292 104
292 105
292 136
293 104
293 136
294 103
294 104
294 136
295 73
295 103
295 136
296 136
297 74
297 136
298 75
298 101
299 75
300 76
300 100
301 98
301 99
301 153
301 154
301 155
301 156
301 157
301 158
302 88
302 89
302 90
302 91
302 92
302 93
302 94
302 95
302 96
302 97
302 98
302 152
302 153
303 151
304 144
304 145
304 146
304 147
304 148
304 149
304 150
308 75
309 74
309 75
310 73
310 74
311 72
311 73
312 71
312 72
313 70
313 71
314 70
315 69
316 67
316 68
317 66
317 67
318 65
319 64
320 63
321 62
322 61
323 60
323 61
324 59
324 60
325 58
325 66
325 153
326 56
326 57
326 152
326 153
327 54
327 55
327 151
327 152
329 149
329 154
330 149
331 148
331 154
331 160
332 155
332 159
337 143
339 53
340 54
340 55
341 138
342 137
343 89
343 135
343 136
343 137
343 138
345 84
345 125
346 59
346 112
347 61
347 127
348 61
348 62
349 129
350 64
350 130
351 115
352 106
352 125
353 66
353 91
353 107
353 123
353 124
353 125
354 108
355 109
355 120
355 121
356 120
357 99
357 119
358 99
358 118
358 119
359 98
359 117
359 118
360 97
360 115
360 116
361 96
361 97
361 114
362 95
362 113
362 114
363 95
363 112
363 113
364 94
365 110
365 111
366 93
366 110
367 92
367 93
369 91
369 107
370 90
371 90
372 90
373 90
374 91
374 92
375 92
384 53
384 54
385 52
385 53
386 51
386 52
387 50
