45 225 111 73
32 256
41 266
41 267
42 267
44 217
44 218
44 269
44 270
45 271
47 235
47 236
48 230
48 234
48 237
48 238
48 239
48 240
48 241
48 242
48 243
49 233
50 248
50 277
50 278
51 248
51 250
51 251
51 278
51 279
52 239
52 240
52 241
52 242
52 243
52 244
52 245
52 251
52 252
52 279
53 253
53 254
53 279
54 245
54 253
54 280
55 245
56 246
56 253
57 246
57 253
58 247
59 248
59 254
59 255
60 256
61 248
61 257
62 248
63 247
64 247
64 249
64 250
65 249
65 250
66 250
68 249
69 249
70 249
71 246
72 247
72 292
73 247
74 247
74 292
74 293
74 294
76 247
77 247
78 248
79 248
79 249
80 249
81 249
82 250
83 250
84 249
84 250
85 247
85 250
86 247
86 251
87 247
87 251
87 252
87 253
88 248
88 253
88 254
89 249
89 254
89 257
89 258
90 249
90 258
91 249
91 258
92 225
92 226
92 227
92 228
92 249
92 259
93 221
93 222
93 223
93 224
93 229
93 230
93 259
94 217
94 218
94 219
94 220
94 231
94 232
94 233
94 234
94 259
95 214
95 215
95 216
95 234
95 235
95 236
95 259
96 212
96 213
96 214
96 236
96 237
96 259
97 210
97 211
97 238
97 239
97 260
98 206
98 207
98 208
98 209
98 239
98 240
98 260
99 204
99 205
99 240
99 241
99 261
100 203
100 241
100 261
101 201
101 202
101 224
101 225
101 261
102 219
102 220
102 221
102 222
102 223
102 226
102 227
102 228
102 229
102 261
103 217
103 218
103 230
103 231
103 232
103 233
103 234
103 235
103 236
103 261
104 214
104 215
104 216
104 261
105 212
105 213
105 261
106 210
106 211
106 261
107 207
107 208
107 209
107 262
108 262
109 229
109 230
109 231
109 262
110 218
110 219
110 220
110 221
110 222
110 223
110 224
110 225
110 226
110 227
110 228
110 232
110 233
110 235
110 262
111 213
111 214
111 215
111 216
111 217
111 233
111 234
111 262
112 210
112 211
112 212
112 234
112 262
113 235
113 262
114 262
115 262
116 262
117 262
118 262
119 238
119 239
119 262
120 263
121 263
122 263
122 264
123 264
123 265
124 265
125 266
125 267
126 267
126 268
127 269
127 272
128 269
129 273
130 273
132 274
133 274
134 275
135 275
135 276
137 276
138 276
139 276
140 276
140 288
141 276
142 276
143 276
144 276
145 277
146 277
147 277
148 277
149 277
150 277
151 278
152 279
153 279
153 280
154 278
155 278
156 226
156 278
157 278
158 278
159 221
159 278
160 278
161 278
162 278
163 278
164 278
165 278
166 278
167 278
168 278
169 278
170 278
171 278
172 278
173 277
173 278
174 277
