342 256 101 96
344 304
345 304
346 264
346 303
347 265
347 266
347 267
347 303
348 267
348 268
348 269
348 303
348 328
349 270
349 271
349 302
350 271
350 272
350 302
351 272
351 302
352 273
352 302
353 273
353 274
353 302
354 274
354 302
355 274
355 302
356 275
356 301
357 275
357 301
358 275
358 276
358 301
359 276
359 301
360 276
360 301
361 276
361 301
362 276
362 301
363 275
363 300
364 275
364 300
365 275
365 300
366 275
366 300
367 300
368 300
369 259
369 299
370 259
370 265
370 299
371 260
371 265
371 299
372 257
372 260
372 266
372 299
373 256
373 260
373 267
373 298
374 257
374 267
374 298
375 257
375 267
375 268
375 298
376 258
376 269
376 298
377 263
377 270
377 272
377 297
377 298
378 256
378 258
378 263
378 270
378 271
378 272
378 297
379 256
379 259
379 263
379 264
379 297
380 255
380 256
380 260
380 261
380 262
380 263
380 296
381 256
381 257
381 261
381 296
382 256
382 262
382 296
383 252
383 253
383 254
383 255
383 295
384 253
384 295
385 254
385 294
386 293
386 294
387 293
388 292
415 339
417 344
418 343
418 344
419 342
419 343
420 341
420 342
421 340
421 341
422 339
423 337
423 338
424 268
424 335
424 337
425 267
425 268
425 334
425 335
426 267
426 333
426 334
427 266
427 331
427 332
427 333
428 266
428 329
428 330
428 331
429 265
429 328
429 329
430 264
431 264
432 263
433 258
433 263
434 258
434 259
435 258
435 259
436 259
438 284
438 285
439 257
439 262
439 286
439 287
439 288
439 289
440 257
440 279
440 280
440 281
441 279
442 277
442 278
443 275
443 276
443 277
445 272
445 273
446 269
446 270
446 271
447 268
