230 135 48 53
233 138
234 137
235 136
236 135
236 154
237 144
237 154
237 155
238 144
238 155
238 156
238 186
239 157
239 158
240 159
240 160
240 161
241 146
241 161
241 162
241 163
242 146
242 164
242 184
243 166
243 181
243 182
244 122
244 123
244 124
244 125
244 126
244 127
244 128
244 129
244 130
244 131
244 132
244 133
244 134
244 135
244 146
244 166
244 167
244 168
244 179
244 180
245 118
245 119
245 120
245 121
245 136
245 137
245 138
245 139
245 168
245 178
245 179
246 115
246 116
246 117
246 176
246 177
247 113
247 114
247 170
247 171
247 174
247 175
247 176
248 110
248 111
248 112
248 152
248 153
248 173
249 107
249 108
249 109
249 154
249 155
249 156
249 172
250 105
250 106
250 107
250 135
250 136
250 137
250 138
250 139
250 140
250 157
250 158
250 159
250 160
250 172
251 103
251 104
251 161
251 162
251 163
252 101
252 102
252 164
252 171
253 100
253 101
253 171
254 99
255 97
255 98
256 96
256 97
256 173
257 94
257 95
257 173
258 93
258 94
259 91
259 92
260 90
260 91
260 179
261 89
261 90
261 180
262 88
262 89
262 180
263 88
263 180
263 181
264 86
264 87
264 181
264 182
265 182
265 183
266 183
267 184
268 184
268 185
281 180
284 178
