472 185 21 45
469 224
470 224
471 224
472 223
472 224
473 204
473 223
474 204
474 223
475 223
476 209
476 222
476 227
477 209
477 212
477 227
478 208
478 212
478 227
479 208
479 226
480 207
480 211
480 221
480 226
481 207
481 211
481 221
481 226
482 207
482 221
482 226
483 221
483 226
484 221
484 226
485 221
485 225
486 209
486 221
486 225
487 209
488 222
488 224
488 225
489 201
489 208
489 222
489 226
490 200
490 220
491 177
491 178
491 181
491 182
491 183
491 184
491 185
491 205
492 179
492 180
