215 272 99 47
222 314
223 313
224 312
225 311
226 310
226 317
227 316
228 315
229 309
229 310
230 308
231 309
232 300
232 301
232 302
232 308
233 297
233 298
233 299
233 303
233 306
233 308
234 296
234 303
235 294
236 294
236 302
237 292
237 302
238 291
238 292
244 290
245 285
245 286
245 287
245 288
245 289
246 283
246 284
247 282
248 271
248 272
248 280
249 269
249 270
249 279
250 269
250 277
250 278
250 279
251 275
251 277
252 266
252 267
252 273
252 274
253 265
254 264
255 263
256 262
260 302
261 301
263 300
264 298
264 299
265 298
266 298
268 296
268 297
269 295
269 296
270 295
271 294
272 293
272 294
273 293
274 292
275 292
275 315
276 291
276 313
277 291
277 313
278 290
278 313
279 290
279 312
280 289
280 290
281 289
290 305
291 286
291 287
291 304
291 305
292 287
292 288
292 289
292 304
293 289
293 290
293 303
294 291
294 292
294 303
295 292
295 302
295 307
296 293
296 302
296 307
297 293
297 302
297 306
298 293
298 301
298 306
298 307
299 292
299 293
299 301
299 307
300 300
301 300
302 299
303 299
303 304
303 305
304 299
304 304
305 298
305 299
305 304
306 298
306 303
307 298
307 303
308 298
308 303
309 297
309 303
310 297
310 302
311 296
311 297
311 302
312 293
312 294
312 295
312 301
313 301
314 301
315 300
316 300
317 300
318 300
319 299
320 299
321 299
322 299
323 298
324 298
325 297
326 297
327 297
328 297
329 297
330 297
331 296
332 296
333 296
334 295
335 295
