209 251 181 101
210 259
210 260
210 261
210 262
211 261
212 332
212 333
212 334
212 335
212 336
212 337
212 338
212 339
212 340
213 329
213 330
213 331
213 341
213 342
213 343
213 344
213 345
213 346
213 347
213 348
214 327
215 323
216 321
216 322
216 334
216 335
216 336
216 337
216 338
216 343
216 344
217 319
217 320
217 330
217 332
217 333
217 339
217 340
217 341
217 347
217 348
219 326
220 324
221 321
221 322
222 314
223 320
224 312
224 319
225 311
225 319
226 310
226 317
226 318
227 316
228 315
229 309
229 310
230 308
231 309
232 300
232 301
232 302
232 308
233 297
233 298
233 299
233 303
233 306
233 308
234 296
234 303
235 294
236 294
236 302
237 292
237 302
238 291
238 292
244 290
245 285
245 286
245 287
245 288
245 289
246 283
246 284
247 282
248 271
248 272
248 280
249 269
249 270
249 279
250 269
250 277
250 278
250 279
251 275
251 277
252 266
252 267
252 273
252 274
252 308
252 309
253 307
253 308
254 264
254 270
254 307
255 306
256 262
256 268
256 305
257 268
258 258
258 259
258 260
258 261
258 267
259 266
260 256
260 262
260 265
260 302
261 255
261 264
261 301
262 253
262 254
262 263
262 300
262 301
263 253
263 263
263 299
264 252
264 263
264 298
264 299
265 250
265 251
265 263
265 298
266 249
266 250
266 251
266 262
266 298
267 248
267 261
267 262
267 297
268 247
268 248
268 259
268 260
268 296
268 297
269 256
269 257
269 258
269 295
269 296
270 254
270 255
270 295
271 253
271 254
271 294
272 251
272 252
272 293
272 294
273 249
273 250
273 251
273 293
274 246
274 247
274 248
274 249
274 292
275 243
275 244
275 245
275 292
276 240
276 241
276 242
276 243
276 291
277 240
277 291
278 240
279 240
280 289
291 304
292 287
292 288
292 289
293 290
293 303
294 291
294 292
294 303
295 292
295 302
296 293
296 302
297 293
298 293
298 301
299 292
299 293
299 301
300 300
301 300
302 299
303 299
304 299
305 298
305 299
306 298
306 303
307 298
307 303
308 298
308 303
309 297
309 303
310 297
310 302
311 296
311 297
311 302
312 293
312 294
312 295
312 301
313 301
314 301
315 300
316 300
317 300
318 300
319 299
320 299
321 299
322 291
322 299
323 291
323 298
324 266
324 267
324 290
324 291
324 298
325 266
325 290
325 297
326 265
326 266
326 290
326 297
327 265
327 289
327 297
328 264
328 289
328 297
329 262
329 263
329 297
330 297
331 296
332 296
333 296
334 295
335 295
335 296
336 296
337 296
338 296
339 296
340 296
344 304
345 304
346 264
346 303
347 265
347 266
347 267
347 303
348 267
348 268
348 303
348 327
349 270
349 271
349 302
349 325
349 326
349 327
350 271
350 272
350 302
351 272
351 302
352 273
352 302
352 323
352 324
353 273
353 274
353 302
353 324
353 325
354 274
354 302
354 326
355 274
355 302
355 327
356 275
356 301
357 275
357 301
358 275
358 276
358 301
359 276
359 301
360 276
360 301
361 276
361 301
362 276
362 301
363 275
363 300
364 275
364 300
365 275
365 300
366 275
366 300
367 300
368 300
369 259
369 299
370 259
370 265
370 299
371 260
371 265
371 299
372 257
372 260
372 266
372 299
373 232
373 256
373 260
373 267
373 298
374 231
374 257
374 267
374 298
375 232
375 233
375 257
375 267
375 268
375 298
376 233
376 234
376 250
376 258
376 298
377 251
377 263
377 270
377 272
377 297
377 298
378 252
378 256
378 258
378 263
378 297
379 252
379 256
379 259
379 263
379 264
379 297
380 255
380 256
380 260
380 261
380 296
381 256
381 296
382 296
383 295
384 295
385 294
386 293
386 294
387 293
388 292
