370 228 40 52
369 259
370 259
371 260
372 257
372 260
373 232
373 240
373 241
373 256
373 260
374 231
374 242
374 257
375 232
375 233
375 243
375 244
375 245
375 257
376 233
376 234
376 245
376 246
376 247
376 248
376 250
376 258
376 269
377 234
377 235
377 251
378 235
378 236
378 252
378 256
378 258
378 270
378 271
378 272
379 236
379 237
379 238
379 252
379 256
380 239
380 240
380 255
380 256
380 262
380 263
381 241
381 242
381 243
381 244
381 257
381 261
382 244
382 245
382 246
382 247
382 248
382 256
382 262
383 249
383 250
383 251
383 252
383 253
383 254
383 255
384 253
385 254
