67 200 37 97
68 249
69 249
70 249
70 291
71 246
71 291
71 292
72 247
72 292
73 293
74 247
74 291
74 292
74 293
74 294
75 247
75 295
75 296
76 247
77 247
78 248
79 248
79 249
80 249
81 249
85 247
86 247
87 247
87 253
88 248
89 249
90 249
91 249
92 225
92 226
92 227
92 228
92 249
93 221
93 222
93 223
93 224
93 229
93 230
94 217
94 218
94 219
94 220
94 231
94 232
94 233
94 234
95 214
95 215
95 216
95 234
95 235
95 236
96 212
96 213
96 214
96 236
96 237
97 210
97 211
97 238
97 239
98 206
98 207
98 208
98 209
98 239
98 240
99 204
99 205
99 240
99 241
100 203
100 241
101 201
101 202
101 224
101 225
102 219
102 220
102 221
102 222
102 223
102 226
102 227
102 228
102 229
103 217
103 218
103 230
103 231
103 232
103 233
103 234
103 235
103 236
104 214
104 215
104 216
105 212
105 213
106 210
106 211
107 207
107 208
107 209
