209 253 83 99
210 259
210 260
210 261
210 262
211 261
212 332
212 333
212 334
212 335
212 336
212 337
212 338
212 339
212 340
213 329
213 330
213 331
213 341
213 342
213 343
213 344
213 345
213 346
213 347
213 348
214 327
215 323
216 321
216 322
216 334
216 335
216 336
216 337
216 338
216 343
216 344
217 319
217 320
217 330
217 332
217 333
217 339
217 340
217 341
217 347
217 348
220 324
221 321
222 314
224 312
225 311
225 319
226 310
226 317
226 318
227 316
228 315
229 309
229 310
230 308
231 309
232 300
232 301
232 302
232 308
233 297
233 298
233 299
233 303
233 306
233 308
234 296
234 303
235 294
236 294
236 302
237 292
237 302
238 291
238 292
244 290
245 285
245 286
245 287
245 288
245 289
246 283
246 284
247 272
247 273
247 282
248 271
248 272
248 280
249 269
249 270
249 279
250 268
250 269
250 277
250 278
250 279
251 267
251 268
251 275
251 276
251 277
251 309
252 266
252 267
252 273
252 274
253 265
253 271
254 264
254 270
255 263
255 268
255 269
256 262
256 268
257 267
257 268
257 304
257 305
258 258
258 259
258 260
258 261
258 267
258 304
259 257
259 261
259 266
259 303
260 256
260 262
260 265
260 302
261 255
261 264
261 301
262 253
262 254
262 263
262 300
262 301
263 253
263 263
263 299
263 300
263 346
263 347
264 252
264 263
264 298
264 299
264 344
264 345
265 250
265 251
265 263
265 298
265 343
265 344
266 249
266 250
266 251
266 262
266 298
267 248
267 261
267 262
267 297
268 247
268 248
268 296
268 297
269 256
269 295
269 296
270 295
271 294
271 328
272 293
272 294
273 293
275 244
275 292
275 315
276 291
276 313
277 291
277 313
278 313
279 290
279 312
279 313
280 289
280 290
280 312
281 311
282 310
282 311
283 309
283 310
284 308
284 309
284 315
284 316
285 308
286 307
286 308
286 314
287 307
287 313
288 306
288 307
288 312
289 306
289 312
290 305
290 311
291 304
291 305
291 310
292 304
293 303
294 303
295 302
296 302
297 302
298 301
299 301
300 300
301 300
302 299
303 299
304 299
305 298
305 299
306 298
307 298
308 298
