115 185 53 58
111 178
111 179
112 179
112 180
112 181
114 182
115 183
116 184
116 185
116 206
117 185
117 186
117 205
117 235
117 236
118 186
118 205
118 228
118 229
118 230
118 231
118 232
118 233
118 234
118 237
119 187
119 220
119 221
119 222
119 223
119 224
119 225
119 226
119 227
120 187
120 205
120 217
120 218
120 219
121 188
121 208
121 215
121 216
121 217
122 188
122 213
122 214
122 215
124 189
125 189
127 189
131 188
132 188
133 188
136 187
137 187
138 187
139 186
139 209
140 210
141 211
142 185
142 212
143 213
144 213
145 213
146 213
147 213
148 213
149 212
150 212
154 183
155 184
155 185
156 226
157 227
157 228
158 229
159 221
159 229
163 193
166 225
166 226
167 221
167 222
167 223
167 224
168 219
169 203
169 204
169 205
169 210
169 211
169 214
169 215
169 216
170 206
170 207
170 208
170 209
