444 60 30 54
431 73
431 74
432 75
433 76
434 76
434 77
434 78
434 79
435 81
436 81
436 82
438 85
439 86
441 90
442 91
443 92
444 92
445 93
445 94
445 95
446 92
446 93
446 96
447 72
447 92
447 96
447 97
447 100
447 101
448 72
448 98
448 99
448 102
449 71
449 91
449 103
450 90
450 104
450 105
450 106
450 107
451 90
451 107
451 108
452 103
452 108
452 109
452 110
453 102
453 109
453 110
454 102
454 109
454 110
455 87
455 109
455 110
456 57
456 87
456 92
456 108
457 57
457 58
457 87
457 92
457 108
458 58
458 60
458 91
458 92
458 108
459 91
460 91
461 90
462 65
462 90
463 89
463 94
464 89
464 94
465 88
465 89
465 94
466 93
467 68
467 88
467 93
468 88
468 110
469 71
469 83
469 87
470 87
472 75
473 82
