324 186 142 91
327 221
328 221
329 220
330 219
331 219
332 217
332 218
333 217
334 217
336 215
336 216
337 214
337 215
338 213
338 214
339 213
340 211
340 212
341 205
341 206
341 207
341 208
341 209
341 210
341 211
342 202
346 206
348 195
348 202
348 269
349 194
350 192
350 193
350 200
351 192
351 199
351 200
353 191
354 190
357 190
358 191
361 195
362 194
363 193
364 192
365 192
366 194
367 193
368 191
368 192
368 194
369 191
370 190
371 189
371 190
372 188
372 189
373 232
373 240
374 231
374 232
374 242
375 232
375 233
375 243
375 245
376 233
376 234
376 245
376 246
376 247
376 248
376 269
377 234
377 235
378 235
378 236
378 270
378 271
378 272
379 236
379 237
379 238
380 239
380 240
380 262
380 263
381 241
381 242
381 243
381 244
381 257
381 261
382 244
382 245
382 246
382 247
382 248
382 256
382 262
383 249
383 250
383 251
383 252
383 253
383 254
383 255
384 253
385 254
433 258
434 258
434 262
435 258
435 262
436 258
436 262
437 258
438 258
438 262
440 261
441 258
441 261
442 258
444 257
445 257
446 257
448 257
449 257
449 260
449 263
449 264
449 265
449 266
450 260
450 261
450 262
450 263
452 256
452 267
452 268
453 255
453 256
453 265
453 266
453 267
454 254
454 255
454 261
454 265
455 253
455 254
455 261
455 265
456 252
456 260
457 243
457 244
457 245
457 246
457 247
457 248
457 251
457 259
458 241
458 250
459 231
459 232
459 233
459 234
459 238
459 240
459 249
460 235
460 238
461 247
462 228
462 229
462 246
462 247
463 226
463 228
463 229
463 246
464 229
464 245
465 209
465 229
465 244
466 207
466 208
466 243
467 242
469 242
470 241
470 242
471 171
471 172
471 241
