143 167 67 181
133 274
140 210
141 211
142 185
142 212
143 213
144 213
145 213
146 213
147 213
148 183
148 213
149 212
150 212
152 287
153 183
153 197
153 281
153 285
153 286
154 183
154 195
154 196
154 282
154 283
154 284
155 184
155 185
155 194
155 200
156 185
156 186
156 192
156 193
156 199
156 200
156 201
156 202
156 203
156 207
156 208
156 209
156 223
156 224
156 225
156 226
157 187
157 188
157 189
157 190
157 191
157 204
157 205
157 206
157 210
157 223
158 211
158 215
158 216
158 217
158 218
158 219
158 222
158 228
158 229
159 212
159 214
159 220
159 222
159 229
160 178
160 190
160 191
160 222
161 177
161 191
161 192
161 230
162 177
162 193
162 194
162 226
162 227
162 229
163 175
163 176
163 193
163 228
164 173
164 174
164 175
164 226
164 227
165 172
165 173
165 226
166 171
166 225
166 226
167 221
167 222
167 223
167 224
168 212
168 217
168 218
168 219
168 220
169 202
169 203
169 204
169 205
169 210
169 211
169 214
169 215
169 216
169 286
169 287
170 196
170 197
170 198
170 199
170 200
170 201
170 202
170 206
170 207
170 208
170 209
170 288
170 289
170 290
170 291
171 194
171 195
171 222
171 223
171 292
171 293
171 294
171 295
172 191
172 192
172 193
172 219
172 221
172 296
172 297
173 181
173 182
173 183
173 184
173 185
173 186
173 187
173 188
173 189
173 190
173 216
173 217
173 218
173 298
173 299
174 175
174 176
174 177
174 178
174 179
174 180
174 213
174 214
174 215
174 216
174 299
174 300
174 301
174 302
175 172
175 174
175 206
175 207
175 208
175 209
175 210
175 211
175 303
175 304
176 201
176 202
176 203
176 204
176 205
176 206
176 207
176 304
177 193
177 194
177 195
177 196
178 190
178 191
178 192
178 309
179 311
179 312
179 313
180 314
180 315
180 316
180 317
181 205
181 318
181 319
181 320
181 321
181 322
181 323
181 324
181 325
181 326
182 205
182 326
182 327
182 328
182 329
182 330
182 331
183 205
183 332
183 333
183 334
183 335
183 336
184 337
184 338
185 205
185 338
185 339
186 205
186 339
186 340
186 341
186 342
187 206
187 343
187 344
187 345
188 345
188 346
189 206
189 347
190 206
191 236
191 272
192 207
192 235
192 236
192 271
193 207
193 234
193 235
194 207
194 232
194 233
194 234
195 208
195 232
196 231
196 232
196 267
196 268
197 207
197 231
197 266
197 267
198 230
198 231
198 265
198 266
199 229
199 230
199 264
199 265
200 228
200 263
200 264
201 229
201 262
201 263
202 229
202 261
202 262
203 168
203 260
203 261
204 175
204 229
204 258
204 259
205 226
205 229
205 230
205 231
205 232
205 257
205 258
206 226
206 257
207 226
207 254
207 255
208 252
208 253
209 252
210 172
210 250
210 251
210 257
210 258
210 259
210 260
210 261
210 262
210 271
211 248
211 249
211 257
211 260
211 261
211 270
212 163
212 247
212 269
213 245
213 268
213 269
214 161
214 243
214 267
215 159
215 160
215 161
215 240
215 241
215 242
216 239
216 266
217 237
217 265
217 266
218 156
218 265
219 155
219 264
220 153
220 154
220 263
221 151
221 263
222 262
223 261
223 262
224 261
225 260
226 259
226 260
227 258
227 259
228 258
229 257
230 256
230 257
231 256
232 255
233 254
233 255
234 253
234 254
235 252
235 253
236 252
237 251
238 250
238 251
239 250
240 249
241 248
242 247
