150 165 55 123
148 183
152 287
153 183
153 197
153 281
153 285
153 286
154 183
154 184
154 195
154 196
154 282
154 283
154 284
155 184
155 185
155 194
155 200
156 185
156 186
156 192
156 193
156 199
156 200
156 201
156 202
156 203
156 207
156 208
156 209
156 223
156 224
156 225
157 187
157 188
157 189
157 190
157 191
157 204
157 205
157 206
157 210
157 223
158 211
158 215
158 216
158 217
158 218
158 219
158 222
158 228
159 212
159 214
159 220
159 222
160 178
160 190
160 191
160 222
161 177
161 191
161 192
161 230
162 177
162 193
162 194
162 226
162 227
162 229
163 175
163 176
163 228
164 173
164 174
164 175
164 226
164 227
165 172
165 173
165 226
166 171
168 212
168 217
168 218
168 220
169 202
169 203
169 204
169 205
170 196
170 197
170 198
170 199
170 200
170 201
170 202
170 206
170 207
170 208
170 209
171 194
171 195
172 191
172 192
172 193
173 181
173 182
173 183
173 184
173 185
173 186
173 187
173 188
173 189
173 190
173 216
174 175
174 176
174 177
174 178
174 179
174 180
174 213
174 214
174 215
174 216
175 172
175 174
175 206
175 207
175 208
175 209
175 210
175 211
176 201
176 202
176 203
176 204
176 205
176 206
176 207
177 193
177 194
177 195
177 196
178 190
178 191
178 192
181 205
182 205
183 205
185 205
186 205
187 206
189 206
190 206
192 207
192 235
192 271
193 207
193 234
193 235
194 207
194 232
194 233
195 208
195 232
196 231
196 232
196 267
196 268
197 207
197 231
197 266
197 267
198 230
198 231
198 265
198 266
199 229
199 230
199 264
199 265
200 228
200 263
200 264
201 229
201 262
201 263
202 229
202 261
202 262
203 168
203 260
203 261
204 229
204 258
204 259
205 229
205 230
205 231
205 232
205 257
205 258
206 257
207 254
207 255
208 252
208 253
209 252
210 250
210 251
211 248
211 249
212 247
213 245
214 243
215 240
215 241
215 242
216 239
217 237
238 250
238 251
239 250
240 249
241 248
242 247
