244 132 31 35
232 142
233 143
234 143
235 143
236 144
237 144
238 144
239 145
240 145
241 146
243 147
244 122
244 146
246 115
246 116
246 117
247 113
247 114
248 110
248 111
248 112
248 152
248 153
249 107
249 108
249 109
249 154
249 155
249 156
250 105
250 106
250 107
250 157
250 158
250 159
250 160
251 103
251 104
251 161
251 162
251 163
252 101
252 102
252 164
253 100
253 101
254 99
255 97
255 98
256 96
256 97
257 94
257 95
258 93
258 94
259 91
259 92
260 90
260 91
261 89
261 90
262 88
262 89
263 88
264 86
264 87
