246 211 88 121
248 271
248 272
249 269
249 270
250 269
252 266
252 267
254 264
254 270
256 233
256 262
256 268
257 232
257 268
258 231
258 232
258 258
258 259
258 260
258 261
258 267
259 231
259 266
260 230
260 256
260 262
260 265
260 302
261 255
261 264
261 301
262 230
262 253
262 254
262 263
263 253
263 263
264 229
264 252
264 263
264 298
264 299
265 229
265 250
265 251
265 263
265 298
266 229
266 249
266 250
266 251
266 262
266 298
267 228
267 248
267 261
267 262
268 227
268 228
268 246
268 247
268 248
268 259
268 260
268 297
269 227
269 244
269 245
269 256
269 257
269 258
270 226
270 227
270 243
270 244
270 254
270 255
271 225
271 226
271 241
271 242
271 253
271 254
271 328
272 224
272 225
272 240
272 251
272 252
272 293
272 294
273 223
273 224
273 238
273 249
273 250
273 251
274 222
274 223
274 236
274 237
274 246
274 247
274 248
274 249
274 292
275 222
275 234
275 235
275 243
275 244
275 245
275 315
276 222
276 234
276 240
276 241
276 242
276 243
276 313
277 221
277 240
277 313
278 240
278 290
278 313
279 218
279 219
279 234
279 235
279 236
279 237
279 239
279 240
279 290
279 312
280 216
280 217
280 218
280 234
280 238
280 239
280 290
281 214
281 215
281 234
281 289
282 214
282 228
282 234
283 212
283 213
283 225
283 226
283 228
283 233
284 211
284 212
284 225
284 226
284 227
284 232
284 233
285 210
285 211
285 231
285 232
286 206
286 207
286 208
286 209
286 230
287 204
287 205
287 219
287 220
287 221
287 222
287 223
287 229
288 202
288 203
288 219
288 222
288 229
289 201
289 202
289 218
289 219
289 228
290 199
290 200
290 218
291 197
291 198
291 217
291 218
291 227
291 286
291 287
292 195
292 196
293 193
293 194
293 289
294 191
294 192
294 226
295 188
295 189
295 190
296 186
296 187
297 184
297 185
298 182
298 183
299 223
300 217
300 221
300 222
301 218
301 219
301 220
301 221
302 217
304 215
304 216
304 220
305 214
305 215
305 219
306 213
307 213
308 223
309 215
309 222
310 214
310 215
310 221
310 222
311 213
311 214
311 220
311 221
312 208
312 209
312 210
312 211
312 212
324 266
324 267
325 266
326 265
326 266
327 265
328 264
329 262
329 263
330 219
331 219
335 216
339 212
