8 80 269 164
24 223
33 226
34 226
35 226
36 226
37 227
38 142
38 143
38 228
39 142
39 228
40 141
40 229
41 141
41 229
41 230
42 140
42 230
42 231
43 140
43 232
44 141
44 217
44 218
45 140
46 140
46 190
46 191
46 192
46 193
47 140
47 235
47 236
48 140
48 202
48 204
48 230
48 234
48 237
48 238
48 239
48 240
48 241
48 242
49 140
49 233
50 139
50 195
50 198
51 138
51 188
52 138
52 187
53 137
53 185
54 137
54 150
54 151
54 185
55 136
55 137
55 151
56 136
56 151
56 158
56 183
57 136
57 150
57 159
57 160
57 169
57 176
57 177
58 136
58 143
58 144
58 145
58 146
58 147
58 148
58 149
58 150
58 151
58 160
58 161
58 168
58 169
58 174
58 175
58 179
58 180
58 181
59 136
59 142
59 156
59 161
59 173
59 179
60 136
60 155
60 156
60 172
60 178
61 136
61 154
61 162
61 177
62 136
62 163
62 164
62 165
62 166
62 169
62 170
62 171
62 175
62 176
63 135
63 160
63 161
63 167
63 168
63 174
63 175
64 135
64 156
64 157
64 158
64 160
65 134
65 155
65 156
66 134
67 133
67 134
68 133
68 152
69 132
69 151
69 152
70 151
71 150
72 150
73 149
73 150
74 149
75 148
76 148
77 148
78 147
79 147
80 146
80 147
81 139
81 146
82 104
82 128
82 140
82 141
82 146
83 102
83 105
83 129
83 130
83 141
83 145
84 99
84 100
84 101
84 131
84 132
84 141
84 145
85 132
85 141
85 145
86 132
86 140
86 145
87 133
87 134
87 140
87 145
88 145
89 135
89 145
90 144
91 144
92 145
93 145
94 144
95 144
96 144
97 144
98 144
109 76
109 77
109 78
109 79
109 80
109 81
109 82
109 83
109 84
109 85
109 86
109 87
109 89
109 90
109 91
109 92
109 151
109 229
109 231
110 75
110 150
110 218
110 219
110 220
110 221
110 222
110 223
110 224
110 225
110 226
110 227
111 213
111 215
111 217
112 211
112 212
113 182
114 208
115 207
116 154
116 155
116 206
117 153
117 154
117 205
117 235
117 236
118 153
118 205
118 228
118 229
118 230
118 231
118 232
118 233
118 234
118 237
119 153
119 220
119 221
119 222
119 223
119 224
119 225
119 226
119 227
120 153
120 171
120 173
120 175
120 217
120 218
120 219
121 165
121 166
121 167
121 168
121 169
121 170
121 178
121 187
121 208
121 215
121 216
121 217
122 213
122 214
122 215
123 183
123 188
124 163
124 174
124 183
125 161
125 162
125 163
125 174
126 161
126 162
126 174
126 175
126 183
126 189
127 162
127 172
127 173
128 162
128 170
128 171
128 189
129 168
129 169
129 183
129 189
130 166
130 167
130 189
131 182
132 160
132 161
133 159
133 160
133 182
134 159
134 182
134 187
135 182
138 180
139 180
139 209
140 180
140 186
141 185
142 181
143 180
143 185
144 185
145 179
145 184
146 177
146 178
146 184
147 177
147 183
148 176
149 176
149 182
150 175
150 182
151 182
152 175
152 183
153 176
153 183
153 197
154 176
154 183
154 184
154 195
154 196
155 177
155 184
155 185
155 194
155 200
156 177
156 199
156 200
156 201
156 202
156 203
156 207
156 208
156 209
156 223
156 224
156 225
157 178
157 204
157 205
157 206
157 210
157 223
157 227
157 228
158 178
158 211
158 215
158 216
158 217
158 218
158 219
158 222
159 178
159 212
159 214
159 220
159 221
159 222
160 178
160 222
161 177
162 177
163 175
163 176
163 193
164 173
164 174
164 175
165 153
165 172
165 173
166 153
166 171
166 225
166 226
167 153
167 170
167 221
167 222
167 223
167 224
168 153
168 170
168 219
169 153
169 169
169 203
169 204
169 205
169 210
169 211
169 214
169 215
169 216
170 154
170 169
170 196
170 197
170 198
170 199
170 200
170 201
170 202
170 206
170 207
170 208
170 209
171 154
171 168
171 194
171 195
171 222
171 223
172 154
172 168
172 169
172 219
172 220
172 221
173 154
173 169
173 170
173 181
173 182
173 183
173 184
173 185
173 186
173 187
173 188
173 189
173 190
173 216
173 217
173 218
174 150
174 154
174 170
174 171
174 175
174 176
174 177
174 178
174 179
174 180
174 213
174 214
174 215
174 216
175 149
175 154
175 172
175 174
175 206
175 207
175 208
175 209
175 210
175 211
176 154
177 154
178 154
178 155
178 190
179 155
180 155
181 155
182 155
183 156
183 205
184 156
184 205
185 156
186 157
187 157
187 206
188 157
188 206
189 158
191 207
192 159
192 207
192 235
193 207
193 234
193 235
194 207
195 208
196 207
197 172
197 231
198 231
202 177
203 168
203 175
203 177
205 232
208 168
209 167
209 168
209 169
209 170
209 171
210 166
210 167
210 172
211 164
211 165
211 166
212 164
212 176
213 163
213 170
214 162
214 163
214 169
215 160
215 167
215 168
216 158
216 159
216 165
216 166
216 181
217 157
217 158
217 183
218 156
219 163
219 184
219 221
219 222
219 223
219 224
220 160
220 161
220 185
220 189
220 190
220 234
221 159
221 160
221 232
222 150
222 158
222 186
222 187
222 230
223 149
223 157
223 187
223 228
224 155
224 156
224 187
224 224
224 225
225 151
225 153
225 154
225 188
225 223
225 233
225 234
225 235
226 143
226 188
226 230
226 231
226 232
227 143
227 189
227 218
228 142
228 189
228 238
229 142
229 190
230 142
230 190
231 142
231 190
232 138
232 140
232 142
232 191
232 211
232 235
233 139
233 143
233 191
233 210
234 138
234 143
234 191
234 209
234 236
235 138
235 143
235 191
235 208
236 136
236 144
236 191
236 207
236 235
237 135
237 186
237 187
237 191
238 186
238 187
238 191
238 205
239 145
239 185
239 186
239 191
239 204
240 145
240 185
240 191
240 203
241 184
241 185
241 191
241 202
241 203
242 146
242 183
242 190
242 202
243 146
243 147
243 165
243 181
243 190
243 201
243 202
244 123
244 124
244 125
244 126
244 127
244 128
244 129
244 130
244 131
244 132
244 133
244 134
244 135
244 147
244 148
244 149
244 191
244 201
245 118
245 119
245 120
245 121
245 136
245 137
245 138
245 139
245 140
245 141
245 142
245 143
245 144
245 145
245 179
245 192
245 201
246 115
246 116
246 117
246 169
246 177
246 192
246 193
246 200
247 113
247 114
247 174
247 175
247 176
247 192
247 200
248 110
248 111
248 112
248 151
248 172
248 173
248 186
248 187
248 192
248 201
249 107
249 108
249 109
249 172
249 187
249 188
249 191
249 192
249 202
250 105
250 106
250 107
250 135
250 136
250 137
250 138
250 139
250 140
250 172
250 187
250 191
250 198
250 202
251 103
251 104
251 164
251 171
251 191
251 197
251 202
252 101
252 102
252 165
252 166
252 171
252 190
252 197
252 201
253 100
253 101
253 171
253 190
253 197
253 201
254 99
254 171
254 190
254 197
254 201
255 97
255 98
255 171
255 172
255 190
255 197
255 201
256 96
256 97
256 172
256 190
256 197
256 201
257 94
257 95
257 189
257 196
257 201
258 93
258 94
258 174
258 189
258 201
259 91
259 92
259 175
259 176
259 177
259 178
259 189
259 196
259 201
260 90
260 91
260 189
260 195
260 201
260 230
260 231
261 89
261 90
261 179
261 180
261 189
261 195
261 200
261 230
262 88
262 89
262 180
262 189
262 194
262 195
262 200
262 229
263 87
263 88
263 180
263 181
263 188
263 194
263 199
263 229
264 86
264 87
264 181
264 182
264 188
264 193
264 198
265 85
265 86
265 182
265 183
265 193
265 198
266 85
266 183
266 188
266 198
267 84
267 184
267 188
267 197
268 184
268 185
268 188
268 197
268 198
269 185
269 188
269 196
270 185
270 186
270 188
270 196
271 188
271 195
272 185
272 189
273 184
273 185
273 189
273 190
274 184
274 191
275 183
275 184
275 192
276 183
276 192
276 221
277 183
277 191
278 182
278 191
278 220
279 182
279 190
279 218
279 219
279 220
280 189
281 180
282 179
282 180
282 213
283 179
283 212
283 213
284 178
285 76
286 76
287 75
295 73
297 74
298 75
299 75
