120 147 54 33
117 153
117 154
118 153
119 153
120 153
120 171
120 173
121 153
121 165
121 166
121 167
121 168
121 169
121 170
122 153
124 163
124 174
125 154
125 161
125 162
125 163
125 174
126 161
126 162
126 174
126 175
127 162
127 172
127 173
128 162
128 170
128 171
129 168
129 169
130 166
130 167
132 160
132 161
133 159
133 160
134 159
136 142
137 142
138 143
152 175
153 176
154 176
155 177
156 177
157 178
158 178
159 178
160 178
161 177
162 177
163 175
163 176
164 173
164 174
164 175
165 172
165 173
166 171
167 170
168 170
169 169
