317 0 182 72
318 65
326 66
327 66
328 53
328 54
328 67
329 52
329 53
329 67
330 52
330 68
331 51
331 68
332 51
332 68
333 51
333 68
334 51
334 68
335 51
335 69
336 51
336 69
337 52
337 70
338 52
338 53
338 70
339 54
339 70
340 64
340 65
341 55
341 56
341 63
342 56
342 57
342 63
343 58
343 63
344 58
344 59
344 69
345 59
345 65
345 66
345 67
345 68
347 60
349 63
351 64
351 65
352 65
353 65
354 64
355 64
356 63
357 63
358 62
359 62
360 61
360 62
361 61
362 61
363 60
364 60
365 59
366 59
367 58
367 59
368 58
369 58
370 57
371 57
372 57
373 57
374 57
375 56
376 56
377 56
378 56
379 56
380 55
380 56
381 55
382 55
383 54
383 55
384 53
384 54
385 52
385 53
386 51
386 52
387 50
388 49
389 49
390 48
390 49
391 48
392 47
393 46
393 47
394 46
395 45
396 45
397 44
398 44
399 43
400 43
401 42
402 42
403 42
404 41
404 42
405 40
405 41
405 45
405 46
406 39
406 40
406 46
407 38
407 39
407 43
407 44
407 45
407 46
407 47
408 38
408 43
408 47
408 48
409 37
409 48
409 49
410 37
410 49
410 50
411 36
411 37
411 50
412 36
412 50
412 51
413 35
413 51
414 35
414 53
414 54
415 54
415 55
416 32
416 55
416 56
417 31
417 40
417 50
417 56
417 57
418 30
418 40
418 41
418 50
418 57
418 58
419 40
419 41
419 50
419 58
419 59
420 40
420 49
420 59
420 60
421 40
421 49
421 60
421 61
422 44
422 49
422 62
423 44
423 48
423 63
424 38
424 39
424 44
424 48
424 51
425 39
425 44
425 48
425 51
425 65
426 40
426 41
426 44
426 47
426 51
426 65
426 66
426 67
427 40
427 44
427 47
427 67
427 68
428 24
428 25
428 28
428 39
428 40
428 46
428 47
428 50
428 64
428 68
429 23
429 39
429 47
429 50
429 64
429 69
430 21
430 22
430 29
430 38
430 46
430 50
430 71
431 21
431 30
431 50
432 20
432 38
433 19
433 20
433 32
433 62
434 18
434 19
434 33
434 62
434 66
435 17
435 34
435 61
435 65
436 16
436 17
436 34
436 41
436 61
436 65
437 15
437 16
437 35
437 36
437 41
437 61
437 64
437 71
438 14
438 15
438 36
438 38
438 60
438 64
438 71
439 13
439 14
439 40
439 60
439 64
440 12
440 13
440 59
440 64
440 70
441 11
441 12
441 58
441 70
442 10
442 11
442 42
442 58
442 70
443 9
443 10
443 58
443 62
443 69
444 8
444 9
444 50
444 51
444 57
444 62
444 69
445 8
445 44
445 52
445 57
445 61
445 68
445 69
446 46
446 56
446 57
446 61
446 68
447 56
447 60
447 67
448 55
448 56
448 67
449 55
449 66
450 49
450 50
450 51
450 55
450 66
451 52
451 65
452 52
452 53
452 65
452 70
453 53
453 70
454 54
454 64
454 69
455 64
455 69
456 56
456 63
456 68
457 63
457 68
458 59
458 68
459 68
460 67
467 68
491 21
492 22
493 22
493 23
494 23
495 24
