105 143 74 88
110 218
110 219
110 220
110 221
110 222
110 223
110 224
110 225
110 226
111 178
111 179
111 213
111 215
111 217
112 211
112 212
113 182
114 208
115 207
116 206
117 185
117 205
118 205
119 220
120 171
120 173
120 175
120 176
120 177
120 217
120 218
120 219
121 165
121 166
121 167
121 168
121 169
121 170
121 175
121 177
121 178
121 187
121 208
121 215
121 216
121 217
122 183
122 213
122 214
122 215
123 183
123 188
124 163
124 174
124 183
125 161
125 162
125 163
125 174
125 183
126 161
126 162
126 174
126 175
126 183
126 184
126 189
127 162
127 172
127 189
128 162
128 170
128 171
128 189
129 164
129 165
129 168
129 169
129 183
129 189
130 166
130 167
130 189
131 188
132 182
132 188
133 188
134 187
135 181
136 181
136 187
137 181
137 187
138 187
139 186
139 209
141 180
142 185
143 180
144 180
146 184
147 177
148 183
151 175
152 183
153 183
154 183
155 184
155 185
156 223
156 224
156 225
157 227
157 228
159 221
160 178
161 177
162 177
163 175
163 176
163 193
164 173
164 174
164 175
165 172
165 173
166 171
166 225
166 226
167 221
167 222
167 223
167 224
168 219
169 203
169 204
169 205
169 210
169 211
169 214
169 215
169 216
170 196
170 197
170 198
170 199
170 200
170 201
170 202
170 206
170 207
170 208
170 209
171 194
171 195
171 222
171 223
172 219
172 220
172 221
173 181
173 182
173 183
173 184
173 185
173 186
173 187
173 188
173 189
173 190
173 216
173 217
173 218
174 175
174 176
174 177
174 178
174 179
174 180
174 213
174 214
174 215
174 216
175 172
175 174
175 206
175 207
175 208
175 209
175 210
175 211
178 190
