67 35 49 120
69 151
69 152
70 151
71 150
72 150
73 149
73 150
74 149
75 148
76 148
77 148
78 147
79 128
79 147
80 128
80 146
80 147
81 128
81 139
81 146
82 104
82 128
82 140
82 141
82 146
83 102
83 105
83 129
83 130
83 141
83 145
84 99
84 100
84 101
84 131
84 132
84 141
84 145
85 98
85 132
85 141
85 145
86 97
86 98
86 132
86 140
86 145
87 97
87 133
87 134
87 139
87 140
87 145
88 97
88 135
88 137
88 138
88 139
88 145
89 97
89 135
89 140
89 145
90 97
90 135
90 140
90 144
91 97
91 135
91 144
92 97
92 136
92 145
93 97
93 136
93 145
94 97
94 136
94 144
95 97
95 136
95 144
96 97
96 136
96 144
97 97
97 136
97 144
98 97
98 136
98 144
99 97
99 136
99 144
100 98
100 137
100 144
101 98
101 137
101 145
102 98
102 137
102 145
103 97
103 137
103 145
104 53
104 97
104 138
104 145
105 53
105 97
105 145
106 53
106 97
106 145
107 53
107 98
107 146
108 52
108 146
109 51
109 64
109 65
109 80
109 88
109 98
109 99
109 100
109 101
109 102
109 103
109 104
109 105
109 107
109 108
109 112
109 113
109 114
109 115
109 116
109 117
109 118
109 146
110 51
110 62
110 63
110 66
110 69
110 93
110 94
110 95
110 96
110 97
110 98
110 106
110 109
110 110
110 111
110 119
110 146
110 150
111 60
111 61
111 62
111 120
111 146
111 149
112 148
112 149
113 147
113 148
114 147
114 149
