344 88 41 173
342 91
343 90
343 91
343 92
343 120
343 121
343 122
343 123
344 91
344 117
344 118
344 119
344 124
345 91
345 92
345 113
345 114
345 115
345 116
345 125
346 92
346 110
346 111
346 112
346 126
346 206
347 106
347 107
347 108
347 109
347 127
348 102
348 103
348 104
348 105
348 128
349 97
349 98
349 99
349 100
349 101
349 102
349 129
350 95
350 96
350 114
350 130
351 93
351 94
351 115
352 91
352 92
352 106
352 116
352 125
353 90
353 107
353 123
353 124
353 125
354 88
354 89
354 108
354 122
355 84
355 85
355 86
355 87
355 109
355 120
355 121
356 70
356 71
356 72
356 73
356 74
356 75
356 76
356 77
356 78
356 79
356 80
356 81
356 82
356 83
356 120
357 99
357 119
358 99
358 118
358 119
359 98
359 117
359 118
360 97
360 115
360 116
360 196
361 96
361 97
361 114
361 196
362 95
362 96
362 113
362 114
363 95
363 112
363 113
364 94
364 111
364 112
365 93
365 94
365 110
365 111
366 93
366 109
366 110
367 92
367 93
367 108
367 109
367 194
368 92
368 108
368 193
369 91
369 107
370 90
370 106
370 107
370 190
371 90
371 105
371 106
372 90
372 105
373 90
373 104
374 91
374 92
374 103
374 104
374 232
374 242
375 92
375 103
375 243
375 245
376 93
376 102
376 245
376 246
376 247
376 248
377 94
377 95
377 102
377 234
377 235
378 96
378 101
378 235
378 236
379 97
379 98
379 100
379 101
379 236
379 237
379 238
380 99
380 239
380 240
381 241
381 242
381 243
381 244
381 256
381 257
382 244
382 245
382 246
382 247
382 248
382 256
383 249
383 250
383 251
383 252
383 253
383 254
383 255
384 253
385 254
