208 141 72 35
208 168
209 170
209 171
209 172
212 163
214 161
215 159
215 161
219 155
219 162
220 153
220 154
221 151
221 152
223 148
224 146
224 147
225 144
225 145
226 144
226 152
236 154
237 144
237 154
237 155
238 144
238 155
238 156
239 157
239 158
240 159
240 160
240 161
241 161
241 162
241 163
242 146
242 164
243 146
243 166
244 122
244 123
244 124
244 125
244 126
244 127
244 128
244 129
244 130
244 131
244 132
244 133
244 134
244 135
244 146
244 147
244 148
244 166
244 167
244 168
245 118
245 119
245 120
245 121
245 136
245 137
245 138
245 139
245 140
245 141
245 142
245 143
245 144
245 145
245 168
246 115
246 116
246 117
247 113
247 114
248 110
248 111
248 112
248 151
249 107
249 108
249 109
250 105
250 106
250 107
250 172
251 103
251 104
251 163
251 164
252 101
252 102
252 165
252 166
252 171
253 100
253 101
253 171
254 99
254 171
255 97
255 98
255 171
255 172
256 96
256 97
256 172
257 94
257 95
257 173
258 93
258 94
259 91
259 92
260 90
260 91
261 89
261 90
262 88
262 89
263 88
264 86
264 87
