193 85 303 225
152 151
153 151
154 151
155 151
156 151
157 152
158 152
159 152
160 152
161 152
162 152
163 152
164 152
165 153
166 153
167 153
168 153
169 153
170 154
171 154
172 154
173 154
174 154
175 154
176 154
177 154
178 154
178 155
179 155
180 155
181 155
181 205
182 155
182 205
183 156
184 156
184 205
185 156
185 205
186 157
186 205
187 157
188 157
188 206
189 158
189 206
190 158
190 206
191 159
191 207
192 159
192 160
193 160
194 161
195 161
195 162
196 162
196 163
196 172
196 207
196 268
197 163
197 164
197 172
197 173
197 207
197 266
197 267
198 164
198 173
198 265
198 266
199 165
199 173
199 264
199 265
200 166
200 173
200 263
200 264
201 167
201 173
201 177
201 178
201 179
201 180
201 181
201 229
201 262
201 263
202 168
202 174
202 177
202 229
202 261
202 262
203 169
203 175
203 176
203 177
203 229
203 260
203 261
204 169
204 170
204 175
204 229
204 258
204 259
205 170
205 226
205 229
205 230
205 231
205 257
205 258
206 174
206 225
206 226
206 229
206 255
206 256
206 257
207 174
207 225
207 226
207 254
207 255
208 168
208 174
208 225
208 226
209 170
209 171
209 172
209 174
209 225
209 251
210 174
210 224
210 249
210 257
210 258
211 174
211 175
211 223
212 163
212 222
212 246
213 177
213 222
213 244
214 161
214 177
214 178
214 220
214 221
214 242
215 159
215 161
215 179
215 180
215 220
216 180
216 219
216 238
217 182
217 204
217 205
217 206
217 207
217 208
217 234
217 235
217 236
218 183
218 184
218 193
218 194
218 203
218 206
218 209
218 225
218 226
218 227
219 155
219 162
219 185
219 191
219 192
219 195
219 196
219 210
220 153
220 154
220 186
220 190
220 197
220 198
220 199
220 200
220 201
220 202
220 211
220 213
220 214
220 215
220 216
220 217
220 218
220 219
220 220
220 232
220 233
221 151
221 152
221 186
221 212
221 230
221 231
222 229
223 148
223 227
223 242
224 146
224 147
224 223
224 226
224 240
224 241
225 144
225 145
225 188
225 221
225 222
225 239
226 144
226 152
226 219
226 220
226 236
226 238
227 217
227 237
227 238
228 215
228 216
229 190
229 214
229 215
229 309
229 310
230 190
230 213
230 214
230 308
231 190
231 212
231 213
231 309
232 191
232 210
232 236
232 300
232 301
232 302
232 308
233 138
233 191
233 209
233 236
233 297
233 298
233 299
233 303
233 306
233 308
234 137
234 191
234 208
234 296
234 303
235 136
235 191
235 207
235 236
235 294
236 135
236 154
236 191
236 206
236 294
236 302
237 144
237 154
237 155
237 186
237 187
237 205
237 206
237 235
237 238
237 292
237 302
238 144
238 155
238 156
238 187
238 204
238 235
238 238
238 291
238 292
239 157
239 158
239 185
239 186
239 191
239 235
239 239
240 159
240 160
240 161
240 185
240 191
240 238
241 146
241 161
241 162
241 163
241 184
241 202
241 238
242 146
242 164
242 184
242 190
242 202
242 238
243 166
243 182
243 190
243 201
243 202
243 237
244 122
244 146
244 166
244 167
244 168
244 179
244 180
244 191
244 201
244 237
244 290
245 168
245 178
245 192
245 201
245 237
245 285
245 286
245 287
245 288
245 289
246 176
246 192
246 193
246 200
246 237
246 283
246 284
247 170
247 171
247 192
247 200
247 236
247 282
247 283
248 152
248 153
248 173
248 186
248 187
248 192
248 201
248 236
248 271
248 272
248 280
248 281
249 154
249 155
249 156
249 172
249 187
249 188
249 191
249 192
249 202
249 235
249 269
249 270
249 279
249 280
250 157
250 158
250 159
250 160
250 172
250 187
250 191
250 202
250 235
250 269
250 277
250 278
250 279
251 161
251 162
251 163
251 171
251 191
251 202
251 235
251 275
251 277
252 101
252 102
252 164
252 171
252 190
252 201
252 234
252 266
252 267
252 273
252 274
253 100
253 101
253 171
253 190
253 201
253 234
254 99
254 190
254 201
254 233
254 264
254 270
255 97
255 98
255 190
255 197
255 201
255 233
256 96
256 97
256 173
256 190
256 197
256 201
256 232
256 233
256 262
257 173
257 189
257 196
257 201
257 232
258 93
258 94
258 189
258 201
258 231
258 232
258 258
258 259
258 260
258 261
259 91
259 92
259 178
259 189
259 196
259 201
259 231
260 90
260 91
260 179
260 189
260 201
260 256
260 262
260 302
261 89
261 90
261 180
261 189
261 200
261 255
261 301
262 88
262 89
262 180
262 189
262 195
262 200
262 230
262 253
262 254
262 263
263 87
263 88
263 188
263 194
263 199
263 253
264 86
264 87
264 182
264 188
264 198
264 229
264 252
264 263
264 298
264 299
265 85
265 86
265 229
265 250
265 251
265 263
265 298
266 85
266 188
266 198
266 229
266 249
266 250
266 251
266 262
266 298
267 84
267 188
267 228
267 248
267 261
267 262
268 188
268 198
268 227
268 228
268 246
268 247
268 248
268 259
268 260
268 297
269 185
269 188
269 227
269 244
269 245
269 256
269 257
269 258
270 185
270 186
270 188
270 226
270 227
270 243
270 244
270 254
270 255
271 188
271 195
271 225
271 226
271 241
271 242
271 253
271 254
272 185
272 189
272 224
272 225
272 240
272 251
272 252
272 293
272 294
273 184
273 185
273 190
273 223
273 224
273 238
273 249
273 250
273 251
274 184
274 191
274 222
274 223
274 236
274 237
274 246
274 247
274 248
274 249
274 292
275 183
275 184
275 192
275 222
275 234
275 235
275 243
275 245
276 183
276 192
276 222
276 234
276 240
276 241
276 242
276 243
277 182
277 183
277 221
277 240
278 90
278 182
278 191
278 240
278 290
279 181
279 182
279 190
279 218
279 234
279 235
279 236
279 237
279 239
279 240
279 290
280 181
280 189
280 216
280 217
280 218
280 234
280 238
280 239
280 290
281 189
281 214
281 215
281 234
281 289
282 179
282 180
282 189
282 214
282 228
282 234
283 179
283 188
283 189
283 225
283 226
283 228
283 234
284 176
284 187
284 211
284 212
284 225
284 226
284 227
284 232
284 233
285 76
285 176
285 186
285 187
285 210
285 211
285 231
286 76
286 186
286 206
286 207
286 208
286 209
287 75
287 176
287 205
287 219
287 220
287 221
287 222
287 223
288 96
288 104
288 136
288 173
288 174
288 175
288 202
288 219
289 105
289 172
289 173
289 201
289 218
289 219
290 171
290 199
290 218
290 228
291 170
291 217
291 218
292 169
292 195
292 196
292 227
293 168
293 169
293 193
293 226
294 167
294 192
294 225
295 73
295 166
295 225
296 165
296 166
296 186
296 224
296 225
297 74
297 224
298 75
298 101
298 137
298 164
298 165
298 174
298 175
298 182
298 204
298 206
298 223
299 75
299 137
299 163
299 164
299 173
299 174
299 198
299 199
299 202
299 203
299 205
299 222
300 100
300 138
300 160
300 161
300 162
300 163
300 172
300 173
300 178
300 197
300 198
300 199
300 200
300 201
300 217
300 222
301 98
301 99
301 138
301 139
301 153
301 154
301 155
301 156
301 157
301 158
301 159
301 172
301 197
301 200
301 218
301 220
302 88
302 89
302 90
302 91
302 92
302 93
302 94
302 95
302 96
302 97
302 98
302 139
302 140
302 152
302 153
302 171
302 201
302 217
303 141
303 142
303 151
303 170
303 171
303 216
303 217
304 142
304 143
304 144
304 145
304 146
304 147
304 148
304 149
304 150
304 170
304 194
304 215
304 216
304 220
305 170
305 194
305 214
305 215
305 219
305 220
306 169
306 194
306 205
306 206
306 213
306 214
307 168
307 169
307 194
307 205
307 206
307 213
308 168
308 193
308 194
308 205
309 167
309 192
309 193
309 205
309 215
310 167
310 190
310 191
310 204
310 214
310 215
311 166
311 204
311 213
311 214
312 166
312 187
312 188
312 206
312 208
312 209
312 210
312 211
312 212
312 221
313 165
313 186
313 187
313 221
314 164
314 165
314 208
314 220
315 163
315 164
315 182
315 220
316 162
316 163
316 180
316 181
316 182
316 205
316 206
316 207
316 220
317 161
317 162
317 179
317 180
317 205
317 206
317 220
318 160
318 161
318 167
318 220
319 159
319 167
319 179
319 220
320 158
320 159
320 167
320 172
320 173
320 178
320 179
320 220
320 221
321 158
321 174
321 175
321 176
321 177
321 178
321 221
322 156
322 157
322 162
322 221
323 155
323 156
323 162
323 163
323 173
324 153
324 163
324 169
324 172
324 173
325 163
325 170
325 171
325 172
326 163
326 169
326 170
327 169
327 221
328 150
328 168
328 221
328 288
329 150
329 154
329 167
329 168
329 220
329 287
329 288
330 154
330 161
330 167
330 286
330 287
331 148
331 154
331 167
332 147
332 148
332 154
332 155
332 156
332 157
332 158
332 159
332 166
332 217
332 218
332 284
332 285
332 286
333 146
333 147
333 165
333 166
333 217
333 286
333 287
334 145
334 146
334 164
334 217
335 144
335 145
335 162
335 163
336 143
336 144
336 160
336 161
336 215
336 216
337 142
337 157
337 158
337 159
337 160
337 214
337 215
338 142
338 157
338 213
338 214
339 141
339 212
339 213
340 152
340 154
340 211
340 212
341 138
341 152
341 205
341 206
341 207
341 208
341 209
341 210
341 211
342 91
342 137
342 148
342 150
342 202
342 203
343 88
343 90
343 91
343 92
343 120
343 121
343 122
343 123
343 135
343 136
343 137
343 138
343 148
343 200
344 85
344 86
344 87
344 91
344 117
344 118
344 119
344 124
344 127
344 128
344 129
344 130
344 131
344 132
344 133
344 134
344 144
344 145
344 146
344 198
344 199
345 81
345 82
345 83
345 91
345 92
345 113
345 114
345 115
345 116
345 125
345 139
345 140
345 141
345 142
345 143
345 144
345 197
345 207
346 76
346 77
346 78
346 79
346 80
346 92
346 110
346 111
346 112
346 126
346 196
346 197
346 206
347 106
347 107
347 108
347 109
347 127
347 195
347 196
347 204
347 205
348 102
348 103
348 104
348 105
348 128
348 194
348 195
348 203
348 269
349 97
349 98
349 99
349 100
349 101
349 102
349 129
349 193
349 194
349 200
349 201
350 95
350 96
350 114
350 130
350 192
350 193
351 93
351 94
351 115
351 192
351 199
352 91
352 92
352 106
352 116
352 125
353 90
353 107
353 123
353 124
353 125
353 191
354 88
354 89
354 108
354 122
354 190
355 84
355 85
355 86
355 87
355 109
355 120
355 121
355 190
356 70
356 71
356 72
356 73
356 74
356 75
356 76
356 77
356 78
356 79
356 80
356 81
356 82
356 83
356 120
357 99
357 119
357 190
358 99
358 118
358 119
358 191
359 98
359 117
359 118
360 97
360 115
360 116
360 196
361 96
361 97
361 114
361 195
361 196
362 95
362 96
362 113
362 114
362 194
363 95
363 112
363 113
363 193
364 94
364 111
364 112
364 192
365 93
365 94
365 110
365 111
365 192
366 93
366 109
366 110
366 194
367 92
367 93
367 108
367 109
367 193
367 194
368 92
368 108
368 191
368 192
368 193
368 194
369 91
369 107
369 191
370 90
370 106
370 107
371 90
371 105
371 106
372 90
372 105
373 90
373 104
374 91
374 92
374 103
374 104
374 232
375 92
375 103
375 244
376 93
376 102
377 94
377 95
377 102
378 96
378 101
378 263
379 97
379 98
379 100
379 101
379 263
379 264
380 99
380 260
380 261
381 256
433 258
434 258
434 262
435 80
435 258
435 262
436 258
436 262
437 83
437 258
438 84
438 258
438 262
438 284
438 285
439 85
439 286
439 287
439 288
439 289
440 87
440 88
440 261
440 279
440 280
440 281
441 88
441 89
441 258
441 261
441 279
442 90
442 258
442 277
442 278
443 275
443 276
443 277
444 257
445 257
445 272
445 273
446 93
446 257
446 269
446 270
446 271
447 268
448 257
449 257
449 260
449 263
449 264
449 265
449 266
450 260
450 261
450 262
450 263
452 89
452 256
452 267
452 268
453 88
453 89
453 102
453 255
453 256
453 265
453 266
453 267
454 88
454 254
454 255
454 261
454 265
455 88
455 253
455 254
455 261
455 265
456 92
456 252
456 260
457 243
457 244
457 245
457 246
457 247
457 248
457 251
457 259
458 241
458 250
459 231
459 232
459 233
459 234
459 238
459 240
459 249
460 235
460 238
461 247
462 111
462 228
462 229
462 246
462 247
463 89
463 111
463 226
463 228
463 229
463 246
464 111
464 229
464 245
465 88
465 111
465 209
465 229
465 244
466 115
466 148
466 150
466 207
466 208
466 243
467 110
467 115
467 148
467 149
467 242
468 115
468 148
468 207
468 229
469 109
469 115
469 148
469 207
469 224
469 229
469 242
470 109
470 115
470 148
470 208
470 224
470 229
470 233
470 241
470 242
471 109
471 148
471 170
471 171
471 172
471 224
471 229
471 233
471 241
472 108
472 147
472 223
472 224
472 228
472 233
473 108
473 147
473 173
473 174
473 204
473 223
473 227
473 228
473 233
474 82
474 113
474 204
474 223
474 228
474 233
475 108
475 113
475 146
475 204
475 223
475 232
475 238
476 107
476 113
476 146
476 172
476 203
476 209
476 222
476 227
476 232
476 235
476 237
477 85
477 113
477 146
477 172
477 203
477 209
477 212
477 227
477 232
478 89
478 101
478 145
478 150
478 172
478 203
478 208
478 212
478 227
478 232
479 90
479 91
479 101
479 112
479 145
479 149
479 171
479 202
479 208
479 212
479 226
479 231
480 91
480 112
480 144
480 149
480 171
480 202
480 207
480 211
480 221
480 226
480 231
481 100
481 144
481 148
481 170
481 202
481 207
481 211
481 221
481 226
481 231
482 143
482 170
482 202
482 207
482 221
482 226
482 231
483 106
483 112
483 143
483 170
483 201
483 221
483 226
483 230
483 231
484 111
484 142
484 169
484 201
484 221
484 226
484 230
485 108
485 142
485 201
485 221
485 225
485 230
486 142
486 200
486 209
486 221
486 229
487 142
487 201
487 209
487 221
487 228
487 229
488 201
488 202
488 222
488 228
489 143
489 148
489 149
489 164
489 165
489 200
489 201
489 208
489 222
490 149
490 150
490 173
490 200
490 220
491 161
491 171
491 172
491 176
491 177
491 205
