321 149 67 143
322 162
323 162
323 163
323 173
324 163
324 169
324 172
324 173
325 163
325 170
325 171
325 172
326 163
326 169
326 170
327 169
327 221
328 150
328 168
328 221
328 288
329 150
329 154
329 167
329 168
329 220
329 287
329 288
330 154
330 161
330 167
330 219
330 286
330 287
331 148
331 154
331 167
331 219
332 147
332 148
332 154
332 155
332 156
332 157
332 158
332 159
332 166
332 217
332 218
332 284
332 285
332 286
333 146
333 147
333 165
333 166
333 217
333 286
333 287
334 145
334 146
334 164
334 217
335 144
335 145
335 162
335 163
336 144
336 160
336 161
336 215
336 216
337 157
337 158
337 159
337 160
337 214
337 215
338 142
338 157
338 213
338 214
339 141
339 213
340 152
340 154
340 211
340 212
341 152
341 205
341 206
341 207
341 208
341 209
341 210
341 211
342 148
342 150
342 202
343 148
344 144
344 145
344 146
345 139
345 140
345 141
345 142
345 143
345 144
345 197
346 196
346 197
346 206
347 195
347 196
348 194
348 195
348 202
348 203
348 269
349 193
349 194
349 200
349 201
350 192
350 193
350 200
351 192
351 199
351 200
353 191
354 190
355 190
357 190
358 191
361 195
362 194
363 193
364 192
365 192
366 194
367 193
368 191
368 192
368 194
369 191
374 232
375 244
378 263
379 263
379 264
380 260
380 261
381 256
