108 51 66 70
109 73
109 76
109 77
109 78
109 79
109 81
109 82
109 83
109 84
109 85
109 86
109 87
109 89
109 90
109 91
109 92
110 62
110 67
110 68
110 70
110 71
110 72
110 75
110 119
111 51
111 60
111 61
111 62
111 120
114 62
115 51
115 62
119 62
121 62
122 51
122 63
123 51
123 63
124 63
125 51
125 62
126 51
126 62
127 51
127 62
129 63
130 51
130 63
131 51
131 62
132 51
133 51
133 62
134 51
134 63
135 51
135 63
136 63
139 52
140 52
141 52
142 52
143 52
146 52
147 52
148 52
149 52
150 52
151 52
152 52
153 52
154 52
155 53
156 53
157 53
158 53
159 53
