195 179 128 95
181 205
182 205
184 205
185 205
186 205
188 206
189 206
190 206
191 207
196 207
196 268
197 207
197 266
197 267
198 265
198 266
199 264
199 265
200 263
200 264
201 177
201 178
201 179
201 180
201 181
201 229
201 262
201 263
202 229
202 261
202 262
203 229
203 260
203 261
204 229
204 258
204 259
205 226
205 229
205 230
205 231
205 257
205 258
206 174
206 225
206 226
206 229
206 255
206 256
206 257
207 174
207 225
207 226
207 254
207 255
208 174
208 225
208 226
208 252
208 253
209 174
209 225
209 251
209 252
210 174
210 224
210 249
210 250
210 251
210 257
210 258
211 174
211 175
211 223
211 248
211 249
212 176
212 222
212 246
212 247
213 177
213 222
213 244
214 177
214 178
214 220
214 221
214 242
215 179
215 180
215 220
216 180
216 181
216 219
216 238
217 182
217 183
217 204
217 205
217 206
217 207
217 208
217 234
217 235
217 236
218 183
218 184
218 193
218 194
218 203
218 206
218 209
218 225
218 226
218 227
219 184
219 185
219 191
219 192
219 195
219 196
219 210
220 185
220 186
220 189
220 197
220 198
220 199
220 200
220 201
220 202
220 211
220 213
220 214
220 215
220 216
220 217
220 218
220 219
220 220
220 232
220 233
221 186
221 212
221 230
221 231
222 186
222 187
222 229
223 187
223 227
224 187
224 223
224 226
224 240
225 221
225 222
225 239
226 188
226 219
226 220
226 236
226 238
227 189
227 217
227 237
227 238
228 189
228 215
228 216
229 214
229 215
230 213
230 214
231 212
231 213
232 191
232 210
232 236
233 191
233 209
233 236
234 191
234 208
235 191
235 207
236 191
236 206
237 186
237 187
237 191
237 205
237 206
237 235
238 187
238 191
238 204
239 185
239 186
239 191
240 185
240 191
241 184
241 185
241 191
241 202
242 183
242 184
242 190
242 202
243 182
243 190
243 201
243 202
244 179
244 180
244 191
244 201
245 178
245 192
245 201
246 169
246 176
246 192
246 193
246 200
247 192
247 200
247 272
247 273
248 172
248 186
248 187
248 192
248 201
248 271
248 272
249 187
249 188
249 191
249 192
249 202
249 269
249 270
250 187
250 191
250 198
250 202
250 268
250 269
251 191
251 197
251 202
251 267
251 268
252 190
252 197
252 201
252 266
252 267
253 190
253 197
253 201
253 265
253 271
254 190
254 197
254 201
254 264
254 270
255 190
255 197
255 201
255 263
255 268
255 269
256 190
256 197
256 201
256 262
257 189
257 196
257 201
257 267
258 174
258 189
258 201
258 258
258 259
258 260
258 261
259 175
259 176
259 177
259 178
259 189
259 196
259 201
259 257
259 261
260 179
260 189
260 195
260 201
260 231
260 256
260 262
261 179
261 189
261 195
261 200
261 230
261 255
262 189
262 194
262 195
262 200
262 229
262 253
262 254
262 263
263 180
263 181
263 188
263 194
263 199
263 229
263 253
264 181
264 193
264 198
264 252
264 263
265 182
265 183
265 193
265 250
265 251
266 183
266 188
266 198
266 249
266 250
266 251
267 184
267 188
267 228
267 248
268 184
268 185
268 188
268 198
268 227
268 228
268 248
268 259
268 260
269 185
269 188
269 227
269 256
269 257
269 258
270 185
270 186
270 188
270 226
270 227
270 254
270 255
271 188
271 195
271 225
271 226
272 185
272 189
272 224
272 225
273 184
273 185
273 189
273 190
273 223
273 224
274 184
274 191
274 222
274 223
275 183
275 184
275 192
275 222
276 183
276 192
276 221
276 222
277 182
277 183
277 191
277 221
278 182
278 191
278 220
279 181
279 182
279 190
279 218
279 219
279 220
280 181
280 189
281 180
281 189
282 179
282 180
282 189
282 213
283 179
283 188
283 189
283 212
283 213
283 233
283 234
284 178
284 187
285 186
285 187
285 232
286 185
286 186
286 230
287 184
287 204
287 229
288 183
288 203
288 222
288 229
289 182
289 200
289 202
289 228
290 181
290 182
290 200
290 228
291 180
291 181
291 197
291 198
291 227
292 179
292 180
292 227
293 178
293 179
293 194
293 226
294 177
294 178
294 191
294 225
294 226
295 177
295 188
295 189
295 190
295 225
296 176
296 187
296 224
296 225
297 175
297 184
297 185
297 224
298 174
298 175
298 181
298 183
298 223
299 173
299 174
299 179
299 180
299 181
299 222
299 223
300 172
300 173
300 221
301 172
301 196
301 219
301 221
302 171
303 170
303 171
303 194
303 195
303 216
303 217
305 220
306 214
307 205
307 212
308 223
309 205
309 222
310 204
310 221
310 222
311 188
311 189
311 204
311 220
311 221
312 205
312 206
312 221
313 221
314 183
314 184
314 185
314 220
315 182
315 183
315 203
315 207
315 208
315 220
316 180
316 181
316 182
316 204
316 220
317 180
317 220
318 220
319 179
319 220
320 172
320 173
320 178
320 220
320 221
321 174
321 176
321 178
321 221
322 221
