48 271 294 81
32 256
41 266
41 267
42 267
44 269
44 270
45 271
50 277
50 278
51 278
51 279
52 279
53 279
54 280
55 281
56 281
57 281
58 280
59 280
60 280
61 280
62 279
63 279
64 280
65 280
66 280
67 280
68 280
69 280
70 280
70 290
71 280
72 280
72 292
73 280
74 280
74 290
74 292
74 293
74 294
75 280
75 289
75 290
76 280
76 296
77 281
77 296
78 281
78 296
79 281
79 295
80 281
81 281
82 281
83 281
84 281
85 281
86 281
87 281
88 281
89 281
90 281
91 281
92 281
93 282
94 282
95 282
96 282
97 283
98 283
99 283
100 283
101 283
102 283
103 283
103 284
104 284
105 285
106 276
106 285
106 286
107 274
107 275
107 286
108 274
108 286
109 274
109 287
110 273
110 287
111 273
111 287
112 273
112 288
113 272
113 288
114 272
114 288
115 272
115 289
116 272
116 289
117 272
117 288
118 272
118 288
119 272
119 288
120 272
120 288
121 272
121 288
122 272
122 273
122 288
123 273
123 288
124 273
124 288
125 273
125 288
126 272
126 288
127 272
127 288
128 273
128 288
129 273
129 288
130 273
130 274
130 288
131 274
131 288
132 274
132 288
133 274
133 288
134 275
134 288
135 275
135 276
135 288
136 276
136 289
137 276
137 289
138 276
138 289
139 276
139 289
140 276
140 288
141 276
141 288
142 276
142 288
143 276
143 289
144 276
144 289
145 277
145 289
146 277
146 289
147 277
147 289
148 277
148 289
149 277
149 289
150 277
150 288
151 278
151 288
152 279
152 287
153 279
153 280
153 281
153 285
153 286
154 278
154 282
154 283
154 284
155 278
156 278
157 278
158 278
159 278
160 278
161 278
162 278
163 278
164 278
165 278
166 278
167 278
168 278
169 278
169 285
170 278
170 290
170 291
171 278
171 292
172 278
172 296
172 297
173 277
173 278
173 280
173 281
173 298
174 277
174 281
175 276
175 282
176 276
176 282
177 276
177 282
178 276
178 282
179 276
179 282
180 276
180 283
181 275
181 283
182 275
182 283
183 275
183 283
184 275
184 283
184 338
185 274
185 283
185 338
185 339
186 274
186 283
186 339
186 340
186 341
186 342
187 273
187 282
187 343
187 344
187 345
188 273
188 282
188 345
188 346
188 349
189 272
189 282
189 347
190 272
190 281
191 271
191 272
191 281
192 270
192 281
193 270
193 274
193 280
194 269
194 274
194 280
195 268
195 274
195 280
196 273
196 279
197 272
197 279
198 272
198 278
199 272
199 278
200 277
201 276
202 275
202 276
203 275
204 274
205 274
206 273
207 272
207 273
208 272
209 271
210 271
211 270
212 269
213 268
213 269
213 328
214 267
214 325
214 326
215 324
215 325
216 266
216 342
216 345
217 265
217 266
217 331
217 345
217 346
218 265
218 327
218 328
218 329
219 264
219 325
219 327
220 263
221 263
221 323
222 262
222 320
223 261
223 262
223 313
223 320
224 261
224 319
225 260
226 259
226 260
227 258
227 259
228 258
229 257
229 311
229 312
229 313
229 314
230 256
230 257
231 256
232 255
233 254
233 255
233 304
233 305
233 307
234 253
234 254
234 304
235 252
235 253
235 295
235 303
236 252
236 303
237 251
237 293
238 250
238 251
239 250
240 249
241 248
242 247
247 272
247 273
247 282
247 283
248 281
249 280
250 268
251 267
251 268
251 276
251 309
252 308
252 309
253 265
253 271
253 307
253 308
254 307
255 263
255 268
255 269
255 306
256 268
256 305
257 267
257 268
257 304
257 305
258 267
258 304
259 266
259 303
260 265
260 302
261 264
261 301
262 300
262 301
263 263
263 299
263 300
263 346
263 347
264 298
264 299
264 344
264 345
265 263
265 298
265 343
265 344
266 262
266 298
267 261
267 262
267 297
268 296
268 297
269 295
269 296
270 295
271 294
271 327
271 328
271 329
272 293
272 294
272 326
272 327
273 293
274 292
274 323
274 324
275 292
275 314
275 315
275 322
275 323
276 291
276 313
276 314
276 321
277 291
277 313
277 320
278 290
278 313
278 319
278 320
279 290
279 312
279 313
279 319
280 289
280 290
280 312
280 318
281 289
281 311
281 317
281 318
282 310
282 311
282 317
283 309
283 310
283 316
284 308
284 309
284 315
284 316
285 308
286 307
286 308
286 314
287 307
287 313
288 306
288 307
288 312
289 306
289 312
290 305
290 311
291 286
291 287
291 304
291 305
291 310
292 287
292 288
292 289
292 304
293 289
293 290
293 303
294 291
294 292
294 303
294 309
295 292
295 302
295 307
295 308
296 293
296 302
296 307
297 293
297 302
297 306
298 293
298 301
298 306
298 307
299 292
299 293
299 301
299 307
300 300
301 300
302 299
303 299
303 304
303 305
304 299
304 304
305 298
305 299
305 304
306 298
306 303
307 298
307 303
308 298
308 303
309 297
309 303
310 297
310 302
311 296
311 297
311 302
312 293
312 294
312 295
312 301
313 301
314 301
315 300
316 300
317 300
318 300
319 299
320 299
321 299
322 291
322 299
323 291
323 298
324 290
324 291
324 298
325 290
325 297
326 290
326 297
327 289
327 297
328 289
328 297
329 297
330 297
331 296
332 296
332 327
333 296
333 327
334 295
334 327
335 295
335 296
335 328
336 296
336 328
337 296
337 328
338 296
338 328
339 296
339 328
340 296
340 327
341 327
