272 210 41 107
273 238
274 222
274 236
274 237
275 222
275 234
275 235
275 315
276 222
276 234
276 313
277 221
277 313
278 313
279 218
279 219
279 234
279 235
279 236
279 237
279 239
279 312
280 216
280 217
280 218
280 234
280 238
280 239
281 214
281 215
281 234
282 214
282 228
282 234
283 212
283 213
283 225
283 226
283 228
283 233
284 211
284 212
284 225
284 226
284 227
284 232
284 233
285 210
285 211
285 231
285 232
286 206
286 207
286 208
286 209
286 230
287 204
287 205
287 219
287 220
287 221
287 222
287 223
287 229
288 202
288 203
288 219
288 222
288 229
289 201
289 202
289 218
289 219
289 228
290 199
290 200
290 218
291 197
291 198
291 217
291 218
291 227
291 286
291 287
292 195
292 196
293 193
293 194
293 289
294 191
294 192
294 226
295 188
295 189
295 190
296 186
296 187
297 184
297 185
298 182
298 183
299 223
300 217
300 221
300 222
301 218
301 219
301 220
301 221
302 217
304 215
304 216
304 220
305 214
305 215
305 219
306 213
307 213
308 223
309 215
309 222
310 214
310 215
310 221
310 222
311 213
311 214
311 220
311 221
312 208
312 209
312 210
312 211
312 212
