464 196 31 62
463 229
464 203
464 204
464 205
464 229
465 198
465 199
465 200
465 201
465 202
465 206
465 229
466 191
466 192
466 193
466 194
466 195
466 196
466 197
466 208
467 184
467 185
467 186
467 187
467 188
467 189
467 190
468 175
468 176
468 177
468 178
468 182
468 183
468 229
469 174
469 179
469 180
469 181
469 224
469 229
470 173
470 224
470 229
470 233
471 171
471 172
471 173
471 224
471 229
471 233
472 228
472 233
473 227
473 228
473 233
473 239
473 240
474 228
474 233
474 239
475 232
475 238
476 209
476 227
476 232
476 235
476 237
477 227
477 232
478 227
478 232
479 208
479 212
479 231
480 231
481 231
482 226
482 231
483 226
483 230
483 231
484 226
484 230
485 225
485 230
486 229
487 209
487 221
487 228
487 229
488 228
489 201
489 202
489 208
491 177
491 178
491 181
491 182
491 183
491 184
491 185
491 186
491 187
491 188
491 189
491 190
491 191
491 192
491 193
491 194
491 195
491 196
491 197
491 198
491 205
492 179
492 180
