309 50 44 120
318 65
318 167
319 64
319 167
320 63
320 167
321 62
322 61
322 162
323 60
323 61
323 162
323 163
324 59
324 60
325 58
325 66
325 153
326 56
326 57
326 152
326 153
327 54
327 55
327 151
327 152
329 149
329 150
330 149
331 148
331 160
332 147
332 148
332 154
332 156
332 157
332 158
333 146
333 147
334 145
334 146
335 144
335 145
336 143
336 144
336 162
337 142
337 143
337 158
338 156
339 53
339 154
339 155
340 54
340 55
340 153
341 72
341 138
341 150
341 151
342 72
342 137
342 149
343 63
343 73
343 89
343 135
343 136
343 137
343 138
343 147
344 74
344 144
344 145
345 67
345 68
345 75
345 84
345 125
345 139
345 140
345 142
345 143
345 144
346 59
346 112
347 61
347 127
348 61
348 62
349 129
350 64
350 130
351 115
352 92
353 66
353 91
353 125
