281 187 81 145
281 189
282 189
282 228
283 188
283 189
283 225
283 226
283 228
284 187
284 225
284 226
284 227
285 186
285 187
285 210
285 211
286 186
286 206
286 207
286 208
286 209
287 205
287 219
287 220
287 221
287 222
287 223
287 229
288 202
288 219
288 222
288 229
289 201
289 218
289 219
289 228
290 199
290 218
291 217
291 218
291 227
292 195
292 196
293 193
294 191
294 192
294 226
295 188
295 189
295 190
296 186
296 187
297 184
297 185
298 174
298 175
298 182
298 183
298 204
298 206
299 173
299 174
299 198
299 199
299 202
299 203
299 205
300 172
300 173
300 197
300 198
300 199
300 200
300 201
300 217
300 221
300 222
301 172
301 196
301 197
301 200
301 218
301 220
302 171
302 201
302 217
303 170
303 171
303 194
303 195
304 194
304 215
304 216
304 220
305 194
305 214
305 215
305 219
306 194
306 205
306 206
306 213
307 194
307 205
307 206
307 213
308 193
308 194
308 223
309 192
309 193
309 205
309 215
309 222
310 190
310 191
310 204
310 214
310 215
310 221
310 222
311 188
311 189
311 204
311 213
311 214
311 220
311 221
312 187
312 188
312 205
312 208
312 209
312 210
312 211
312 212
313 186
313 187
314 183
314 184
314 185
314 208
315 182
315 183
315 203
315 207
315 208
316 180
316 181
316 182
316 204
316 205
316 206
316 207
317 179
317 180
317 205
317 206
328 288
329 262
329 287
329 288
330 219
330 286
330 287
331 219
332 217
332 218
332 286
333 217
334 217
335 216
336 215
336 216
337 214
337 215
338 213
338 214
339 212
339 213
340 211
340 212
341 204
341 205
341 206
341 207
341 208
341 209
341 210
342 201
342 202
342 203
343 199
343 200
344 198
344 199
345 197
345 207
346 196
346 197
346 264
347 195
347 196
347 204
347 205
347 265
347 266
347 267
348 194
348 195
348 202
348 203
348 267
348 268
348 327
348 328
349 193
349 194
349 200
349 201
349 270
349 325
349 326
349 327
350 192
350 193
350 200
350 271
351 192
351 199
351 200
352 323
352 324
353 191
353 324
353 325
354 190
354 326
355 190
355 327
357 190
358 191
361 195
362 194
363 193
363 275
364 192
364 275
365 192
365 275
366 275
