108 188 61 48
109 229
109 231
110 218
110 219
110 220
110 221
110 222
110 223
110 224
110 225
110 226
110 227
111 178
111 179
111 213
111 215
111 217
112 179
112 180
112 181
112 211
112 212
114 182
115 183
116 184
116 185
116 206
117 185
117 186
117 205
118 186
118 205
119 187
119 220
120 187
120 217
120 218
120 219
121 188
121 208
121 215
121 216
121 217
122 188
122 213
122 214
122 215
124 189
125 189
127 189
131 188
132 188
133 188
139 209
140 210
141 211
142 212
143 213
144 213
145 213
146 213
147 213
148 213
149 212
150 212
154 183
155 184
155 185
156 226
157 227
157 228
158 229
159 221
159 229
163 193
166 225
166 226
167 221
167 222
167 223
167 224
168 219
169 203
169 204
169 205
169 210
169 211
169 214
169 215
169 216
170 206
170 207
170 208
170 209
