190 225 95 127
191 236
192 235
192 236
193 234
193 235
193 274
194 232
194 233
194 234
194 274
195 232
195 274
196 231
196 232
196 273
197 231
197 272
198 230
198 231
198 272
199 229
199 230
199 272
200 228
201 229
202 229
203 229
204 229
205 226
205 229
205 230
205 231
206 225
206 226
206 229
206 255
206 256
207 225
207 226
208 225
208 226
209 225
209 251
210 224
210 249
210 259
210 260
210 261
210 262
211 223
211 261
212 222
212 246
212 332
212 333
212 334
212 335
212 336
212 337
212 338
212 339
212 340
213 222
213 244
213 329
213 330
213 331
213 341
213 342
213 343
213 344
213 345
213 346
213 347
213 348
214 220
214 221
214 242
214 327
215 220
215 323
216 219
216 238
216 321
216 322
216 334
216 335
216 336
216 337
216 338
216 343
216 344
216 345
217 234
217 235
217 236
217 237
217 319
217 320
217 330
217 332
217 333
217 339
217 340
217 341
217 346
217 347
217 348
218 225
218 226
218 227
219 221
219 222
219 223
219 224
220 220
220 232
220 233
220 324
221 230
221 231
221 232
221 321
222 229
222 314
223 227
223 228
223 242
223 313
224 223
224 226
224 240
224 241
224 312
225 221
225 222
225 233
225 234
225 235
225 239
225 311
225 319
226 219
226 220
226 230
226 231
226 232
226 236
226 238
226 310
226 317
226 318
227 217
227 237
227 238
227 316
228 215
228 216
228 238
228 315
229 309
229 310
229 311
229 312
229 314
230 308
231 309
232 235
232 236
232 300
232 301
232 302
232 308
233 236
233 297
233 298
233 299
233 303
233 304
233 305
233 306
233 307
233 308
234 236
234 296
234 303
234 304
235 236
235 294
235 295
235 303
236 235
236 294
236 302
236 303
237 235
237 238
237 292
237 293
237 302
238 235
238 238
238 291
238 292
239 235
239 239
240 238
241 238
241 249
242 238
242 248
243 237
243 247
244 237
244 246
245 237
245 246
246 237
246 245
247 236
247 244
247 245
247 272
247 273
247 282
247 283
248 236
248 244
248 281
249 235
249 243
249 280
250 235
250 243
250 268
251 235
251 242
251 267
251 268
251 276
251 309
252 234
252 241
253 234
253 240
253 241
253 265
253 271
254 233
254 239
254 240
255 233
255 239
255 263
255 268
255 269
256 232
256 233
256 238
256 268
257 232
257 237
257 238
257 267
257 268
257 304
257 305
258 231
258 232
258 236
258 237
258 267
258 304
259 231
259 236
259 257
259 261
259 266
259 303
260 230
260 235
260 265
260 302
261 234
261 235
261 264
261 301
262 229
262 230
262 233
262 234
263 229
263 263
263 300
263 346
263 347
264 229
264 298
264 299
264 344
264 345
265 229
265 263
265 298
265 343
265 344
266 229
266 262
266 298
267 228
267 261
267 262
267 297
268 227
268 228
268 296
268 297
269 227
269 295
269 296
270 226
270 227
270 295
271 225
271 226
271 294
271 328
272 224
272 225
272 293
272 294
273 223
273 224
273 293
274 223
274 292
275 244
275 292
275 315
276 291
276 313
277 291
277 313
278 290
278 313
279 290
279 312
280 289
280 290
281 289
283 233
283 234
285 232
286 230
286 307
286 308
287 307
288 306
288 307
289 306
290 305
291 304
291 305
292 304
293 303
294 303
295 302
296 302
297 302
298 301
299 301
300 300
301 300
302 299
303 299
304 299
305 298
305 299
306 298
307 298
308 298
