467 140 28 75
454 114
454 115
454 116
455 113
455 117
456 118
457 119
458 120
458 121
458 122
458 123
458 124
458 125
459 126
459 127
459 128
460 129
460 130
460 131
461 132
461 133
461 134
462 135
462 136
462 137
462 138
463 139
463 140
463 141
463 142
463 143
464 144
464 145
464 146
465 146
465 147
466 147
466 151
466 152
466 153
467 154
467 158
467 159
467 160
467 161
468 148
468 155
468 156
468 157
468 162
468 163
468 164
468 165
468 207
469 148
469 166
469 167
469 168
469 207
470 169
470 208
471 170
472 147
473 147
473 173
473 174
473 204
474 204
475 146
475 204
476 146
476 172
476 203
477 146
477 172
477 203
477 209
477 212
478 145
478 150
478 172
478 203
478 208
478 212
479 145
479 149
479 171
479 202
480 144
480 149
480 171
480 202
480 207
480 211
481 144
481 148
481 202
481 207
481 211
482 143
482 202
482 207
483 112
483 143
483 170
483 201
484 110
484 111
484 113
484 114
484 142
484 169
484 201
485 115
485 116
485 117
485 118
485 142
485 201
486 119
486 120
486 121
486 122
486 123
486 142
486 200
486 209
487 123
487 124
487 125
487 126
487 127
487 128
487 129
487 141
487 142
487 201
488 130
488 131
488 132
488 133
488 134
488 135
488 136
488 140
488 201
488 202
489 137
489 138
489 139
489 143
489 148
489 149
489 163
489 164
489 165
489 200
489 202
490 144
490 145
490 146
490 147
490 149
490 150
490 162
490 173
490 200
491 151
491 152
491 161
491 171
491 172
491 176
491 177
