152 166 157 118
148 183
153 183
153 197
154 183
154 184
154 195
154 196
155 184
155 185
155 194
155 200
156 185
156 186
156 192
156 193
156 199
156 200
156 201
156 202
156 203
156 207
156 208
156 209
156 223
156 224
156 225
157 187
157 188
157 189
157 190
157 191
157 204
157 205
157 206
157 210
157 223
158 211
158 215
158 216
158 217
158 218
158 219
158 222
158 228
159 212
159 214
159 220
159 222
160 190
160 191
160 222
161 191
161 192
161 230
162 193
162 194
162 226
162 227
162 229
163 228
164 226
164 227
165 226
168 212
168 217
168 218
168 220
169 202
172 191
172 192
172 193
176 201
176 202
176 203
176 204
176 205
176 206
176 207
177 193
177 194
177 195
177 196
178 191
178 192
181 205
182 205
185 205
186 205
187 206
189 206
190 158
190 206
191 159
191 236
192 160
192 207
192 236
192 271
193 160
193 207
194 161
194 207
194 232
194 233
194 234
195 161
195 208
195 232
196 162
196 172
196 231
196 232
196 267
196 268
197 163
197 173
197 207
197 266
197 267
198 164
198 173
198 230
198 265
198 266
199 165
199 173
199 229
199 230
199 264
199 265
200 166
200 173
200 228
200 263
200 264
201 167
201 173
201 177
201 178
201 179
201 180
201 181
201 229
201 262
201 263
202 168
202 174
202 229
202 261
202 262
203 168
203 169
203 176
203 229
203 260
203 261
204 169
204 170
204 175
204 229
204 258
204 259
205 170
205 226
205 229
205 230
205 231
205 257
205 258
206 174
206 225
206 226
206 229
206 255
206 256
206 257
207 174
207 225
207 226
207 254
207 255
208 174
208 225
208 226
208 252
208 253
209 225
209 251
209 252
210 172
210 224
210 249
210 250
210 251
210 257
210 258
211 223
211 248
211 249
212 163
212 176
212 222
212 246
212 247
213 222
213 244
213 245
214 161
214 169
214 220
214 221
214 242
214 243
214 268
215 159
215 160
215 161
215 167
215 220
215 241
215 267
216 165
216 166
216 181
216 219
216 238
216 239
217 183
217 204
217 205
217 206
217 207
217 208
217 234
217 235
217 236
218 183
218 193
218 194
218 203
218 206
218 209
218 225
218 226
218 227
219 155
219 184
219 185
219 191
219 192
219 195
219 196
219 210
220 153
220 154
220 185
220 189
220 197
220 198
220 199
220 200
220 201
220 202
220 211
220 213
220 214
220 215
220 216
220 217
220 218
220 219
220 220
220 232
220 233
220 234
221 151
221 152
221 212
221 230
221 231
222 186
222 187
222 229
222 230
223 187
223 227
224 187
224 223
224 226
225 221
225 222
226 188
226 219
226 220
227 189
227 217
228 189
228 215
228 216
229 214
229 215
230 213
230 214
231 212
231 213
232 191
232 210
233 191
233 209
234 191
234 208
235 191
235 207
236 191
236 206
236 235
237 186
237 187
237 191
237 205
237 206
238 187
238 191
238 204
239 185
239 186
239 191
239 204
240 185
240 191
240 203
241 184
241 185
241 191
241 202
241 203
242 183
242 184
242 190
242 202
243 165
243 182
243 190
243 201
243 202
244 168
244 179
244 180
244 191
244 201
245 178
245 192
245 201
246 169
246 176
246 192
246 193
246 200
247 192
247 200
247 272
247 273
248 151
248 152
248 153
248 172
248 186
248 187
248 192
248 201
248 271
248 272
249 154
249 155
249 156
249 187
249 188
249 191
249 192
249 202
250 157
250 158
250 159
250 160
250 187
250 191
250 198
250 202
250 268
251 161
251 162
251 164
251 171
251 191
251 197
251 202
251 267
251 268
252 164
252 165
252 166
252 190
252 197
252 201
252 234
253 190
253 197
253 201
253 234
253 265
253 271
254 171
254 190
254 197
254 201
254 233
255 171
255 172
255 190
255 197
255 201
255 233
255 263
255 268
255 269
256 172
256 190
256 197
256 201
256 232
256 233
257 189
257 196
257 201
257 232
257 267
258 174
258 189
258 201
258 231
258 232
258 236
259 175
259 176
259 177
259 178
259 189
259 196
259 201
259 231
259 236
259 257
259 261
260 189
260 195
260 201
260 230
260 231
260 235
261 179
261 189
261 195
261 200
261 230
261 234
261 235
262 189
262 194
262 195
262 200
262 229
262 230
262 233
262 234
263 180
263 181
263 188
263 194
263 199
263 229
264 181
264 193
264 198
264 229
265 182
265 183
265 193
265 198
265 229
266 183
266 188
266 198
266 229
267 184
267 188
267 197
267 228
268 184
268 185
268 188
268 197
268 198
268 227
268 228
269 185
269 188
269 196
269 227
270 185
270 186
270 188
270 196
270 226
270 227
271 188
271 195
271 225
271 226
272 185
272 189
272 224
272 225
273 184
273 185
273 189
273 190
273 223
273 224
274 184
274 191
274 222
274 223
275 183
275 184
275 192
275 222
276 183
276 192
276 221
276 222
277 182
277 183
277 191
277 221
278 182
278 191
278 220
279 181
279 182
279 190
279 218
279 219
279 220
280 181
280 189
281 180
281 189
282 179
282 180
282 189
282 213
283 179
283 188
283 189
283 212
283 213
283 233
283 234
284 176
284 178
284 187
285 176
285 186
285 187
285 232
286 176
286 185
286 186
286 230
287 175
287 176
287 184
287 204
287 229
288 174
288 175
288 183
288 203
288 222
288 229
289 173
289 182
289 200
289 202
289 228
290 181
290 182
290 200
290 228
291 180
291 181
291 197
291 198
291 227
292 179
292 180
292 227
293 178
293 179
293 194
293 226
294 168
294 177
294 178
294 191
294 225
294 226
295 167
295 177
295 188
295 189
295 190
295 225
296 176
296 187
296 224
296 225
297 165
297 175
297 184
297 185
297 224
298 174
298 175
298 181
298 183
298 223
299 173
299 174
299 179
299 180
299 181
299 222
299 223
300 172
300 173
300 221
301 172
301 196
301 219
301 221
302 171
303 170
303 171
303 194
303 195
303 216
303 217
304 170
305 170
305 220
306 169
306 214
307 168
307 169
307 212
308 168
308 223
309 167
309 222
310 167
310 221
310 222
311 166
311 188
311 189
311 220
311 221
312 166
312 221
313 165
313 221
314 164
314 183
314 184
314 185
314 220
315 182
315 183
315 220
316 180
316 181
316 182
316 220
317 180
317 220
318 220
319 220
320 220
320 221
321 221
322 221
324 154
