51 57 66 88
79 128
80 128
81 128
81 139
82 104
82 128
82 140
82 141
83 102
83 105
83 129
83 130
83 141
84 99
84 100
84 101
84 131
84 132
84 141
85 132
85 141
86 132
86 140
87 133
87 134
87 139
87 140
88 135
88 137
88 138
88 139
89 135
89 140
90 135
90 140
91 135
92 136
93 136
94 97
94 136
95 97
95 136
96 97
96 136
97 97
97 136
98 97
98 136
99 97
99 136
100 98
100 137
101 98
101 137
102 98
102 137
103 97
103 137
104 97
104 138
105 97
106 97
107 98
109 64
109 65
109 80
109 88
109 98
109 99
109 100
109 101
109 102
109 103
109 104
109 105
109 107
109 108
109 112
109 113
109 114
109 115
109 116
109 117
109 118
110 62
110 63
110 66
110 69
110 93
110 94
110 95
110 96
110 97
110 98
110 106
110 109
110 110
110 111
110 119
111 60
111 61
111 62
111 120
