305 187 77 39
304 220
305 219
306 205
306 206
307 205
307 206
308 205
309 192
309 193
309 205
309 215
310 190
310 191
310 204
310 214
310 215
311 204
311 213
311 214
312 187
312 188
312 206
312 208
312 209
312 210
312 211
312 212
312 221
313 186
313 187
313 221
314 208
314 220
315 182
315 220
316 180
316 181
316 182
316 205
316 206
316 207
316 220
317 179
317 180
317 205
317 206
317 220
318 220
319 220
320 220
320 221
321 221
322 221
327 221
328 221
329 220
332 217
332 218
333 217
334 217
336 215
336 216
337 214
337 215
338 213
338 214
339 213
340 211
340 212
341 205
341 206
341 207
341 208
341 209
341 210
341 211
342 201
342 202
342 203
343 199
343 200
344 198
344 199
345 197
345 207
346 196
346 197
347 195
347 196
347 204
347 205
348 194
348 195
348 202
348 203
349 193
349 194
349 200
349 201
350 192
350 193
350 200
351 192
351 199
351 200
353 191
354 190
355 190
357 190
358 191
361 195
362 194
363 193
364 192
365 192
366 194
367 193
368 191
368 192
368 194
369 191
