422 9 44 52
422 44
423 44
424 38
424 39
424 44
424 51
425 39
425 44
425 51
426 40
426 41
426 44
426 51
427 40
427 44
428 39
428 40
428 50
429 29
429 39
429 50
430 38
430 50
431 38
431 50
432 30
432 31
432 38
433 31
433 32
433 37
434 32
434 33
435 34
436 34
436 35
436 41
437 15
437 35
437 36
437 41
438 15
438 36
438 37
438 38
439 13
439 14
439 38
439 39
439 40
440 12
440 40
440 41
441 11
441 41
442 41
443 9
443 10
443 43
443 49
443 50
444 8
444 43
444 44
444 50
444 51
444 57
445 44
445 45
445 52
445 57
446 45
446 46
446 56
446 57
447 47
447 56
448 47
448 48
448 55
448 56
449 48
449 49
449 55
450 49
450 51
450 55
451 52
452 52
452 53
453 53
454 54
455 55
456 55
456 56
458 59
