85 68 221 85
79 128
80 128
81 128
81 139
82 128
82 140
82 141
83 129
83 130
83 141
84 131
84 132
84 141
85 132
85 141
86 132
86 140
87 133
87 134
87 139
87 140
88 135
88 137
88 138
88 139
88 145
89 135
89 140
89 145
90 135
90 140
90 144
91 135
91 144
92 136
92 145
93 136
93 145
94 136
94 144
95 136
95 144
96 136
96 144
97 136
97 144
98 136
98 144
99 136
99 144
100 137
100 144
101 137
101 145
102 137
102 145
103 97
103 137
103 145
104 97
104 138
104 145
105 138
105 145
106 138
106 145
107 138
107 146
108 138
108 146
109 73
109 76
109 77
109 78
109 79
109 81
109 82
109 83
109 84
109 85
109 86
109 87
109 89
109 90
109 91
109 92
109 138
109 146
110 67
110 68
110 70
110 71
110 72
110 75
110 119
110 138
110 146
110 150
111 120
111 138
111 146
111 149
112 138
112 148
112 149
113 138
113 147
113 148
114 139
114 147
114 149
115 139
115 145
116 139
116 145
117 139
117 145
118 139
118 145
119 139
119 145
120 139
120 145
121 140
121 146
122 140
122 146
123 140
123 146
124 140
124 146
125 140
126 140
126 149
127 141
127 149
128 141
128 149
129 141
129 149
130 141
130 149
131 141
131 149
132 140
132 150
133 140
133 150
134 141
134 150
135 141
135 150
136 142
136 151
137 142
137 151
138 143
138 151
139 143
139 151
140 143
140 144
140 151
141 144
142 145
143 145
143 151
144 146
144 151
144 152
145 146
145 152
146 147
146 152
147 148
147 152
148 151
149 151
150 151
151 151
167 149
168 131
168 149
169 131
169 148
170 132
170 148
171 132
171 148
172 133
172 148
172 149
173 133
173 149
174 133
174 134
174 150
175 134
175 149
176 134
177 134
178 134
186 65
187 65
188 66
189 65
190 65
191 65
192 65
193 65
194 65
195 66
196 66
197 66
198 66
199 66
200 66
201 66
202 66
203 66
204 66
205 66
206 66
207 66
208 66
209 66
210 66
211 66
212 66
213 66
214 66
215 66
216 66
217 66
218 65
219 66
220 66
221 67
222 67
222 150
223 67
223 149
224 67
225 67
226 67
226 143
227 66
227 143
228 142
229 142
230 66
230 142
231 66
231 142
232 138
232 140
232 142
233 139
233 143
234 138
234 143
235 138
235 143
236 136
236 144
237 135
237 144
238 144
239 145
240 145
241 146
242 146
243 146
243 147
244 123
244 124
244 125
244 126
244 127
244 128
244 129
244 130
244 131
244 132
244 133
244 134
244 135
244 147
244 148
244 149
245 118
245 119
245 120
245 121
245 136
245 137
245 138
245 139
245 140
245 141
245 142
245 143
245 144
245 145
246 67
246 115
246 116
246 117
247 113
247 114
248 110
248 111
248 112
249 107
249 108
249 109
250 105
250 106
250 107
250 135
250 136
250 137
250 138
250 139
250 140
251 103
251 104
251 131
252 132
253 132
254 133
255 133
256 133
257 94
257 95
257 133
258 133
259 133
260 132
261 132
262 132
263 133
264 133
265 133
266 134
267 134
268 84
268 134
269 83
269 135
270 83
270 135
271 82
271 135
272 82
272 135
273 81
273 135
274 81
274 135
275 80
275 135
276 80
276 135
277 79
277 135
278 79
278 88
278 89
278 92
278 135
279 79
279 91
279 92
279 135
280 78
280 92
280 136
281 78
281 87
281 88
281 136
282 78
282 87
282 88
282 136
283 77
283 88
283 135
284 77
284 89
284 135
285 77
285 89
285 90
285 91
285 135
286 88
286 89
286 92
286 93
286 94
286 95
286 101
286 135
287 88
287 96
287 102
287 103
287 135
288 74
288 88
288 97
288 104
288 136
289 74
289 88
289 97
289 105
289 136
290 73
290 87
290 97
290 98
290 105
290 136
291 73
291 87
291 98
291 105
291 136
292 73
292 87
292 99
292 104
292 105
292 136
293 87
293 99
293 100
293 104
293 136
294 86
294 99
294 100
294 103
294 104
294 136
295 73
295 86
295 103
295 136
296 86
296 103
296 136
297 74
297 87
297 102
297 136
298 75
298 87
298 102
298 137
299 75
299 87
299 101
299 137
300 76
300 87
301 76
301 86
301 87
301 88
301 139
302 77
302 88
302 89
302 90
302 91
302 92
303 77
304 77
305 77
306 77
307 76
308 76
315 69
