343 126 153 108
343 120
343 121
343 122
343 123
344 117
344 118
344 119
344 124
344 127
344 128
344 129
344 130
344 131
344 132
344 133
344 134
345 113
345 114
345 115
345 116
346 110
346 111
346 126
346 206
347 106
347 107
347 108
347 109
348 102
348 103
348 104
348 105
348 128
348 202
349 97
349 98
349 99
349 100
349 101
349 102
350 95
350 96
350 192
350 200
351 199
351 200
360 196
361 195
361 196
362 194
363 193
364 192
365 192
366 194
367 193
367 194
368 191
368 192
368 193
368 194
369 191
370 190
371 189
371 190
372 188
372 189
463 226
464 229
465 209
466 207
468 148
468 207
468 229
469 148
469 207
469 224
469 229
470 208
470 224
470 229
470 233
471 170
471 171
471 172
471 224
471 229
471 233
472 147
472 223
472 224
472 228
472 233
473 147
473 173
473 174
473 204
473 223
473 227
473 228
473 233
474 204
474 223
474 228
474 233
475 146
475 204
475 223
475 232
476 146
476 172
476 203
476 222
476 227
476 232
477 146
477 172
477 203
477 209
477 212
477 227
477 232
478 145
478 150
478 172
478 203
478 208
478 212
478 227
478 232
479 145
479 149
479 171
479 202
479 226
479 231
480 144
480 149
480 171
480 202
480 207
480 211
480 221
480 226
480 231
481 144
481 148
481 170
481 202
481 207
481 211
481 221
481 226
481 231
482 143
482 170
482 202
482 207
482 221
482 226
482 231
483 112
483 143
483 170
483 201
483 221
483 226
483 230
483 231
484 111
484 142
484 169
484 201
484 221
484 226
484 230
485 142
485 201
485 221
485 225
485 230
486 142
486 200
486 209
486 221
486 229
487 142
487 201
487 228
487 229
488 201
488 202
488 222
488 228
489 143
489 148
489 149
489 164
489 165
489 200
489 201
489 208
489 222
490 149
490 150
490 173
490 200
490 220
491 161
491 171
491 172
491 176
491 177
491 205
