248 274 68 43
253 307
255 306
256 305
260 302
261 301
262 300
262 301
263 299
264 298
264 299
265 298
266 298
267 297
268 296
268 297
269 295
269 296
270 295
271 294
272 293
272 294
273 293
274 292
275 292
275 315
276 291
276 313
277 291
277 313
278 313
279 312
280 289
291 286
291 287
292 287
292 288
292 289
293 289
293 290
294 291
294 292
295 292
296 293
297 293
298 293
298 301
299 292
299 293
299 301
300 300
301 300
302 299
303 299
304 299
304 304
305 298
305 299
305 304
306 298
306 303
307 298
307 303
308 298
308 303
309 297
309 303
310 297
310 302
311 296
311 297
311 302
312 293
312 294
312 295
312 301
313 301
314 301
315 300
316 300
317 300
318 300
319 299
320 299
321 299
322 299
323 298
324 298
325 297
326 297
327 297
328 297
329 297
330 297
331 296
332 296
333 296
334 295
335 295
