225 239 164 95
226 317
227 316
228 315
229 309
229 310
230 308
231 309
232 300
232 301
232 302
232 308
233 297
233 298
233 299
233 303
233 306
233 308
234 296
234 303
235 294
236 294
236 302
237 238
237 292
237 302
238 238
238 291
238 292
239 239
240 238
241 238
241 249
242 238
242 248
243 237
243 247
244 237
244 246
244 290
245 237
245 246
245 285
245 286
245 287
245 288
245 289
246 237
246 245
246 283
246 284
247 236
247 244
247 245
247 282
248 236
248 244
248 271
248 272
248 280
249 235
249 243
249 269
249 270
249 279
250 235
250 243
250 269
250 277
250 278
250 279
251 235
251 242
251 275
251 277
252 234
252 241
252 266
252 267
252 273
252 274
252 308
253 234
253 240
253 241
253 307
253 308
254 233
254 239
254 240
254 264
254 270
254 307
255 233
255 239
255 306
256 232
256 238
256 262
256 268
256 305
257 237
257 238
257 268
258 236
258 237
258 258
258 259
258 260
258 261
258 267
259 236
259 266
260 235
260 256
260 262
260 265
260 302
261 234
261 235
261 255
261 264
261 301
262 233
262 234
262 253
262 254
262 263
262 300
262 301
263 253
263 263
263 299
264 252
264 263
264 298
264 299
265 250
265 251
265 263
265 298
266 249
266 250
266 251
266 262
266 298
267 248
267 261
267 262
267 297
268 246
268 247
268 248
268 259
268 260
268 296
268 297
269 244
269 245
269 256
269 257
269 258
269 295
269 296
270 243
270 244
270 254
270 255
270 295
271 241
271 242
271 253
271 254
271 294
272 240
272 251
272 252
272 293
272 294
273 249
273 250
273 251
273 293
274 246
274 247
274 248
274 249
274 292
275 243
275 244
275 245
275 292
276 240
276 241
276 242
276 243
276 291
277 240
277 291
278 240
278 290
279 234
279 235
279 236
279 237
279 239
279 240
279 290
280 234
280 238
280 239
280 289
280 290
281 234
281 289
282 234
284 232
284 233
285 231
285 232
286 230
292 287
292 288
292 289
293 290
294 291
322 291
323 291
324 266
324 267
324 290
324 291
325 266
325 290
326 265
326 266
326 290
327 265
327 289
328 264
328 289
329 262
329 263
332 296
333 296
334 295
335 295
335 296
336 296
337 296
338 296
339 296
340 296
346 264
347 265
347 266
347 267
348 267
348 268
348 327
349 270
349 271
349 302
349 325
349 326
349 327
350 271
350 272
350 302
351 272
351 302
352 273
352 302
352 323
352 324
353 273
353 274
353 302
353 324
353 325
354 274
354 302
354 326
355 274
355 302
355 327
356 275
356 301
357 275
357 301
358 275
358 276
358 301
359 276
359 301
360 276
360 301
361 276
361 301
362 276
362 301
363 275
363 300
364 275
364 300
365 275
365 300
366 275
366 300
367 300
368 300
369 259
369 299
370 259
370 265
370 299
371 260
371 265
371 299
372 257
372 260
372 266
372 299
373 232
373 240
373 241
373 256
373 260
373 267
373 298
374 231
374 257
374 267
374 298
375 232
375 233
375 244
375 257
375 267
375 268
375 298
376 233
376 234
376 250
376 258
376 298
377 251
377 263
377 270
377 272
377 297
377 298
378 252
378 256
378 258
378 263
378 297
379 252
379 256
379 259
379 263
379 264
379 297
380 255
380 256
380 260
380 261
380 296
381 256
381 296
382 296
383 295
384 295
385 294
386 293
386 294
387 293
388 292
