455 195 37 87
458 242
459 239
460 230
460 236
460 237
460 248
461 217
461 218
461 219
461 222
461 223
461 224
461 229
462 216
462 220
462 221
462 225
462 246
462 247
463 210
463 211
463 215
463 229
463 246
464 203
464 204
464 205
464 212
464 213
464 214
464 245
465 198
465 199
465 200
465 201
465 202
465 206
465 209
465 229
465 244
466 191
466 192
466 193
466 194
466 195
466 196
466 197
466 208
466 243
467 184
467 185
467 186
467 187
467 188
467 189
467 190
467 242
468 175
468 176
468 177
468 178
468 182
468 183
468 242
469 174
469 179
469 180
469 181
469 242
470 173
470 241
470 242
471 171
471 172
471 173
471 241
472 240
475 238
476 209
476 235
476 236
476 237
479 208
479 212
485 230
487 209
487 221
487 228
489 201
489 208
490 200
491 177
491 178
491 181
491 182
491 183
491 184
491 185
491 186
491 187
491 188
491 189
491 190
491 191
491 192
491 193
491 194
491 205
492 179
492 180
