192 35 63 153
152 151
153 151
154 151
155 151
156 151
157 152
158 152
159 152
160 53
160 152
161 53
161 152
162 53
162 152
163 53
163 152
164 53
164 152
165 53
165 153
166 53
166 153
167 53
167 153
168 53
168 153
169 53
169 153
170 53
170 154
171 53
171 154
172 53
172 154
173 53
173 154
174 53
174 154
175 53
175 154
176 53
176 154
177 54
177 154
178 54
178 154
178 155
179 54
179 155
180 54
180 155
181 54
181 155
182 54
182 155
183 54
183 156
184 54
184 156
185 53
185 156
186 53
186 65
186 157
187 53
187 65
187 157
188 53
188 66
188 157
189 53
189 65
189 158
190 53
190 65
190 158
191 53
191 65
191 159
192 53
192 65
192 159
192 160
193 54
193 65
193 160
194 54
194 65
194 161
195 54
195 66
195 161
195 162
196 54
196 66
196 162
196 163
196 172
197 54
197 66
197 163
197 164
197 172
197 173
198 54
198 66
198 164
198 173
199 54
199 66
199 165
199 173
200 54
200 66
200 166
200 173
201 54
201 66
201 167
201 173
201 177
201 178
201 179
201 180
201 181
202 54
202 66
202 168
202 174
202 177
203 55
203 66
203 169
203 175
203 176
203 177
204 55
204 66
204 169
204 170
204 175
205 55
205 66
205 170
206 55
206 66
206 174
207 55
207 66
207 174
208 55
208 66
208 168
208 174
209 55
209 66
209 167
209 168
209 169
209 170
209 171
209 172
209 174
210 55
210 66
210 166
210 167
210 172
210 174
211 55
211 66
211 164
211 165
211 166
211 174
211 175
212 55
212 66
212 164
213 55
213 66
213 163
213 170
213 177
214 56
214 66
214 162
214 163
214 169
214 177
214 178
215 56
215 66
215 160
215 167
215 168
215 179
215 180
216 56
216 66
216 158
216 159
216 166
216 180
217 56
217 66
217 157
217 158
217 182
218 56
218 65
218 156
218 183
218 184
219 56
219 66
219 163
220 66
220 160
220 161
221 67
221 152
221 159
221 160
222 67
222 150
222 158
223 67
223 148
223 149
223 157
224 67
224 155
224 156
225 67
225 153
225 154
226 67
226 143
226 152
227 66
227 143
228 142
229 142
230 66
230 142
231 66
231 142
232 138
232 140
232 142
233 139
233 143
234 138
234 143
235 138
235 143
236 136
236 144
236 154
237 135
237 144
237 154
237 155
238 144
238 155
238 156
238 186
239 145
239 157
239 158
240 145
240 159
240 160
240 161
241 146
241 161
241 162
241 163
242 146
242 164
242 183
242 184
243 146
243 147
243 166
243 181
243 182
244 123
244 124
244 125
244 126
244 127
244 128
244 129
244 130
244 131
244 132
244 133
244 134
244 135
244 147
244 148
244 149
244 166
244 167
244 168
244 179
244 180
245 118
245 119
245 120
245 121
245 136
245 137
245 138
245 139
245 140
245 141
245 142
245 143
245 144
245 145
245 168
245 178
245 179
246 67
246 115
246 116
246 117
246 176
246 177
247 113
247 114
247 170
247 171
247 174
247 175
247 176
248 110
248 111
248 112
248 151
248 173
249 107
249 108
249 109
249 172
250 105
250 106
250 107
250 135
250 136
250 137
250 138
250 139
250 140
251 103
251 104
251 163
251 164
252 165
252 166
255 97
256 96
256 97
257 94
257 95
258 93
258 94
259 91
259 92
260 90
260 91
261 89
261 90
262 88
262 89
263 88
264 86
264 87
