142 61 353 181
105 138
106 138
107 138
108 138
109 138
110 138
111 138
112 138
113 138
114 139
115 139
116 139
117 139
118 139
119 139
120 139
121 140
122 140
123 140
124 140
125 140
126 140
127 141
128 141
129 141
130 141
131 141
132 140
133 140
134 141
135 141
136 142
137 63
137 142
138 63
138 143
139 63
139 143
140 63
140 143
140 144
141 63
141 144
141 185
142 63
142 145
142 185
143 63
143 145
143 151
143 185
144 63
144 146
144 151
144 152
144 185
144 213
145 63
145 146
145 152
145 184
145 213
146 63
146 147
146 152
146 213
147 63
147 148
147 152
147 183
147 213
148 63
148 151
148 183
148 213
149 63
149 151
149 182
149 212
150 63
150 151
150 182
150 212
151 63
151 151
151 182
152 64
152 151
152 175
152 183
153 64
153 151
153 176
153 197
154 64
154 151
154 176
154 184
154 195
154 196
155 63
155 151
155 177
155 194
155 200
156 63
156 151
156 177
156 185
156 186
156 192
156 193
156 199
156 200
156 201
156 202
156 203
156 207
156 208
156 209
156 223
156 224
156 225
157 64
157 152
157 178
157 187
157 188
157 189
157 190
157 191
157 204
157 205
157 206
157 210
157 223
158 64
158 152
158 178
158 211
158 215
158 216
158 217
158 218
158 219
158 222
159 64
159 152
159 178
159 212
159 214
159 220
159 222
160 64
160 152
160 190
160 191
160 222
161 64
161 152
161 191
161 192
162 64
162 152
162 193
162 194
163 64
163 152
164 64
164 152
165 64
165 153
166 64
166 153
167 64
167 149
167 153
167 170
168 63
168 131
168 149
168 153
168 170
168 212
168 217
168 218
168 220
169 63
169 131
169 148
169 153
169 169
169 202
170 63
170 132
170 148
170 154
170 169
171 63
171 132
171 148
171 154
171 168
172 64
172 133
172 148
172 149
172 154
172 168
172 169
172 191
172 192
172 193
172 220
173 64
173 133
173 149
173 154
173 169
173 170
174 64
174 133
174 134
174 150
174 154
174 170
174 171
175 64
175 134
175 149
175 154
176 64
176 134
176 154
176 201
176 202
176 203
176 204
176 205
176 206
176 207
177 64
177 134
177 154
177 193
177 194
177 195
177 196
178 64
178 134
178 154
178 155
178 191
178 192
179 64
179 155
180 64
180 155
181 64
181 155
181 205
182 64
182 155
182 205
183 64
183 156
184 65
184 156
184 205
185 65
185 156
185 205
186 65
186 157
186 205
187 65
187 157
188 66
188 157
188 206
189 65
189 158
190 65
190 158
191 65
191 159
191 207
192 65
192 159
192 160
193 65
193 160
194 65
194 161
195 66
195 161
195 162
196 66
196 162
196 163
196 172
196 207
197 66
197 163
197 164
197 172
197 173
198 66
198 164
198 173
199 66
199 165
199 173
200 66
200 166
200 173
201 66
201 167
201 173
201 177
201 178
201 179
201 180
201 181
202 66
202 168
202 174
202 177
203 66
203 169
203 175
203 176
203 177
203 229
204 66
204 169
204 170
204 175
205 66
205 170
205 232
206 66
206 174
206 225
206 229
207 66
207 174
207 225
208 66
208 168
208 174
208 225
208 226
209 66
209 170
209 171
209 172
209 174
209 225
210 66
210 174
210 224
211 66
211 174
211 175
211 223
212 66
212 163
212 222
213 66
213 177
213 222
214 66
214 161
214 177
214 178
214 220
214 221
215 66
215 159
215 161
215 179
215 180
215 220
216 66
216 180
216 219
217 66
217 182
217 204
217 205
217 206
217 207
217 208
218 65
218 183
218 184
218 193
218 194
218 203
218 206
218 209
218 225
218 226
218 227
219 66
219 155
219 162
219 185
219 191
219 192
219 195
219 196
219 210
220 66
220 153
220 154
220 186
220 190
220 197
220 198
220 199
220 200
220 201
220 202
220 211
220 213
220 214
220 215
220 216
220 217
220 218
220 219
220 220
220 232
220 233
220 234
221 67
221 151
221 152
221 186
221 212
221 230
221 231
222 67
222 229
222 230
223 67
223 148
223 227
224 67
224 146
224 147
224 223
224 224
224 225
224 226
225 67
225 144
225 145
225 188
225 221
225 222
225 223
226 67
226 143
226 144
226 152
226 219
226 220
227 66
227 143
227 217
227 218
228 142
228 215
228 216
229 142
229 190
229 214
229 215
230 66
230 142
230 190
230 213
230 214
231 66
231 142
231 190
231 212
231 213
232 140
232 142
232 210
232 211
233 138
233 143
233 209
233 210
234 137
234 143
234 208
234 209
235 136
235 143
235 207
235 208
236 135
236 144
236 154
236 206
236 207
237 144
237 154
237 155
237 205
237 206
238 144
238 155
238 156
238 186
238 204
238 205
239 145
239 157
239 158
239 204
240 145
240 159
240 160
240 161
240 203
241 146
241 161
241 162
241 163
241 203
242 164
242 184
243 147
243 166
243 182
244 122
244 146
244 166
244 167
244 168
244 179
244 180
245 168
245 178
246 67
246 176
247 170
247 171
248 152
248 153
248 173
249 154
249 155
249 156
249 172
250 157
250 158
250 159
250 160
250 172
251 161
251 162
251 163
251 171
252 101
252 102
252 164
252 171
253 100
253 101
253 132
253 171
254 99
254 133
255 97
255 98
255 133
256 96
256 97
256 133
256 173
257 133
257 173
258 93
258 94
258 133
259 91
259 92
259 133
260 90
260 91
260 132
260 179
260 231
261 89
261 90
261 132
261 180
261 230
262 88
262 89
262 132
262 180
262 229
263 87
263 88
263 133
263 229
264 86
264 87
264 133
264 182
264 188
265 85
265 86
265 133
265 198
266 85
266 134
267 84
267 134
267 197
268 134
268 197
269 135
269 196
270 135
270 196
271 135
272 135
273 135
273 238
274 135
274 236
274 237
275 135
275 234
275 235
276 135
276 221
276 234
277 135
277 182
278 90
278 135
278 220
279 135
279 181
279 220
279 234
279 235
279 236
279 237
279 239
280 136
280 181
280 216
280 217
280 218
280 234
280 238
280 239
281 136
281 180
281 214
281 215
281 234
282 213
282 214
282 228
282 234
283 225
283 226
283 228
283 234
284 178
284 211
284 212
284 225
284 226
284 227
284 232
284 233
285 76
285 210
285 211
285 231
286 76
286 176
286 185
286 206
286 207
286 208
286 209
287 75
287 175
287 176
287 184
287 205
287 219
287 220
287 221
287 222
287 223
288 96
288 104
288 136
288 173
288 174
288 175
288 183
288 202
288 219
289 105
289 172
289 173
289 182
289 200
289 201
289 218
289 219
290 171
290 181
290 182
290 199
290 218
290 228
291 170
291 180
291 181
291 217
291 218
292 169
292 179
292 180
292 195
292 196
292 227
293 168
293 169
293 178
293 179
293 193
293 226
294 167
294 177
294 178
294 192
294 225
295 73
295 166
295 177
295 225
296 165
296 166
296 176
296 186
296 224
296 225
297 74
297 175
297 224
298 75
298 101
298 137
298 164
298 165
298 182
298 204
298 206
298 223
299 75
299 137
299 163
299 164
299 198
299 199
299 202
299 203
299 205
299 222
299 223
300 76
300 100
300 138
300 160
300 161
300 162
300 163
300 178
300 197
300 198
300 199
300 200
300 201
300 217
300 222
301 98
301 99
301 138
301 139
301 153
301 154
301 155
301 156
301 157
301 158
301 159
301 196
301 197
301 200
301 218
301 219
301 220
301 221
302 88
302 89
302 90
302 91
302 92
302 93
302 94
302 95
302 96
302 97
302 98
302 139
302 140
302 152
302 153
302 201
303 141
303 142
303 151
303 194
303 195
303 216
303 217
304 142
304 143
304 144
304 145
304 146
304 147
304 148
304 149
304 150
304 194
304 220
305 194
305 220
306 194
306 205
306 206
306 214
307 194
307 206
307 212
308 75
308 193
308 194
308 205
308 223
309 74
309 75
309 192
309 193
309 215
309 222
310 73
310 74
310 190
310 191
310 214
310 215
310 221
310 222
311 72
311 73
311 188
311 189
311 213
311 214
311 220
311 221
312 71
312 72
312 187
312 188
312 206
312 208
312 209
312 210
312 211
312 212
312 221
313 70
313 71
313 186
313 187
313 221
314 70
314 183
314 184
314 185
314 208
314 220
315 69
315 163
315 183
315 203
315 207
315 208
315 220
316 67
316 68
316 162
316 163
316 204
316 205
316 206
316 207
316 220
317 66
317 67
317 161
317 162
317 179
317 205
317 206
317 220
318 65
318 160
318 161
318 167
318 220
319 64
319 159
319 167
319 220
320 63
320 158
320 159
320 167
320 179
320 220
320 221
321 62
321 175
321 177
321 221
322 61
322 162
322 221
323 60
323 61
324 59
324 60
324 154
324 169
324 172
325 58
325 66
325 153
325 171
326 56
326 57
326 152
326 153
327 54
327 55
327 151
327 152
327 221
328 221
329 149
329 154
329 220
330 149
330 154
331 148
331 154
331 160
332 155
332 159
332 217
332 218
333 217
334 217
335 216
336 162
336 215
336 216
337 143
337 214
337 215
338 142
338 156
338 213
338 214
339 141
339 154
339 155
339 212
339 213
340 153
340 211
340 212
341 72
341 138
341 150
341 151
341 204
341 207
341 208
341 209
341 210
341 211
342 72
342 91
342 137
342 149
342 201
342 203
343 63
343 73
343 88
343 90
343 135
343 136
343 137
343 138
343 147
343 199
343 200
344 74
344 85
344 86
344 87
344 198
344 199
345 67
345 68
345 75
345 81
345 82
345 83
345 125
345 139
345 140
345 142
345 143
345 197
345 207
346 59
346 76
346 77
346 78
346 79
346 80
346 112
346 196
346 197
347 61
347 127
347 195
347 196
347 204
347 205
348 61
348 62
348 194
348 203
349 129
349 193
349 200
349 201
350 64
350 130
351 71
351 115
352 92
352 106
352 125
352 191
353 66
353 91
353 107
353 123
353 124
353 125
354 108
355 109
355 120
355 121
355 190
356 120
356 190
357 99
357 119
358 99
358 118
358 119
359 98
359 117
359 118
360 97
360 115
360 116
360 196
361 96
361 97
361 114
361 196
362 95
362 96
362 113
362 114
363 95
363 112
363 113
364 94
364 112
365 93
365 94
365 110
365 111
366 93
366 110
367 92
367 93
367 108
367 109
367 194
368 92
368 108
368 193
369 91
369 107
370 90
370 107
371 90
371 105
371 106
372 90
372 105
373 90
373 104
374 91
374 92
374 104
375 92
384 53
384 54
385 52
385 53
386 51
386 52
387 50
420 59
435 80
437 83
438 64
438 84
439 85
440 64
440 87
440 88
441 64
441 88
441 89
442 74
442 90
443 74
445 61
445 73
446 73
446 93
447 72
448 72
449 71
449 72
452 89
452 103
453 88
453 89
453 102
453 110
454 88
454 102
454 109
454 110
455 88
455 109
455 110
456 92
456 108
456 112
457 108
458 108
459 231
459 232
459 233
459 234
460 235
460 238
462 111
462 228
462 229
463 89
463 94
463 111
463 116
463 226
463 228
464 94
464 111
464 116
464 229
465 88
465 94
465 111
465 116
465 209
466 93
466 115
466 148
466 150
466 207
466 208
467 68
467 93
467 110
467 115
467 148
467 149
468 110
468 115
468 148
468 207
468 229
469 71
469 109
469 115
469 148
469 207
469 224
469 229
470 109
470 115
470 148
470 208
470 224
470 229
470 233
471 109
471 114
471 148
471 170
471 171
471 172
471 224
471 229
471 233
472 75
472 82
472 108
472 114
472 147
472 223
472 224
472 228
472 233
473 108
473 114
473 147
473 173
473 174
473 204
473 223
473 227
473 228
473 233
474 82
474 108
474 113
474 204
474 223
474 228
474 233
475 108
475 113
475 146
475 204
475 223
475 232
475 238
476 86
476 107
476 113
476 146
476 172
476 203
476 209
476 222
476 227
476 232
476 235
476 237
477 85
477 89
477 101
477 107
477 113
477 146
477 172
477 203
477 209
477 212
477 227
477 232
478 89
478 101
478 102
478 107
478 112
478 145
478 150
478 172
478 203
478 208
478 212
478 227
478 232
479 90
479 91
479 101
479 102
479 112
479 145
479 149
479 171
479 202
479 208
479 212
479 226
479 231
480 91
480 102
480 112
480 144
480 149
480 171
480 202
480 207
480 211
480 221
480 226
480 231
481 100
481 112
481 144
481 148
481 170
481 202
481 207
481 211
481 221
481 226
481 231
482 143
482 170
482 202
482 207
482 221
482 226
482 231
483 106
483 112
483 143
483 170
483 201
483 221
483 226
483 230
483 231
484 111
484 142
484 169
484 201
484 221
484 226
484 230
485 108
485 142
485 201
485 221
485 225
485 230
486 142
486 200
486 209
486 221
486 229
487 142
487 201
487 209
487 221
487 228
487 229
488 201
488 202
488 222
488 228
489 143
489 148
489 149
489 164
489 165
489 200
489 201
489 208
489 222
490 149
490 150
490 173
490 200
490 220
491 161
491 171
491 172
491 176
491 177
491 205
