39 230 58 28
38 228
39 228
40 229
41 229
41 230
42 230
42 231
42 247
42 248
42 249
43 232
43 246
43 247
44 217
44 218
44 246
45 246
47 235
47 236
48 230
48 234
48 237
48 238
48 239
48 240
48 241
48 242
48 243
49 233
50 248
51 248
51 250
51 251
52 239
52 240
52 242
52 243
52 244
52 245
54 245
55 245
56 246
57 246
58 247
60 256
61 257
73 247
75 247
76 247
77 247
78 248
79 248
81 249
83 250
84 249
84 250
85 247
85 250
86 247
86 251
87 247
87 251
88 248
89 249
90 249
91 249
92 225
92 226
92 227
92 228
92 249
93 221
93 222
93 223
93 224
93 229
93 230
94 217
94 218
94 219
94 220
94 231
94 232
94 233
94 234
95 214
95 215
95 216
95 234
95 235
95 236
96 212
96 213
96 214
96 236
96 237
97 210
97 211
98 206
98 207
98 208
98 209
99 204
99 205
100 203
101 201
101 202
