0 37 114 85
53 45
53 46
53 47
54 43
54 44
54 45
54 48
55 42
56 41
57 40
58 39
58 40
59 32
60 30
60 31
60 33
60 34
60 35
60 36
60 40
60 41
60 42
61 22
61 23
61 24
61 25
61 26
61 27
61 28
61 29
61 37
61 39
61 40
61 41
62 21
62 38
62 39
63 38
69 84
69 90
69 91
69 93
69 94
69 95
69 96
70 85
70 86
70 87
70 88
70 89
70 92
83 103
85 98
86 97
86 98
87 97
88 97
89 97
90 97
91 97
92 97
93 97
94 97
95 97
96 97
97 97
98 97
99 97
100 98
101 98
102 98
103 97
104 53
104 97
105 53
105 97
106 53
106 97
107 53
107 98
108 52
109 51
109 64
109 65
109 80
109 88
109 98
109 99
109 100
109 101
109 102
109 103
109 104
109 105
109 107
109 108
109 112
109 113
109 114
109 115
109 116
109 117
109 118
110 51
110 62
110 63
110 66
110 69
110 93
110 94
110 95
110 96
110 97
110 98
110 106
110 109
110 110
110 111
110 119
111 60
111 61
111 62
111 120
