142 127 92 74
105 138
106 138
107 138
108 138
109 138
110 138
111 138
112 138
113 138
114 139
115 139
116 139
117 139
118 139
119 139
120 139
121 140
122 140
123 140
124 140
125 140
126 140
127 141
128 141
129 141
130 141
131 141
136 142
137 142
138 143
139 143
140 143
140 144
141 144
141 185
142 145
143 145
143 151
143 185
144 146
144 151
144 152
144 185
145 146
145 152
145 184
146 147
146 152
146 184
147 148
147 152
147 183
148 151
149 151
149 182
150 151
150 182
151 151
151 182
152 151
152 175
152 183
153 151
153 176
153 197
154 151
154 176
154 184
154 195
154 196
155 151
155 177
155 194
156 151
156 177
156 185
156 186
156 192
156 193
157 152
157 178
157 187
157 188
157 189
157 190
157 191
158 152
158 178
159 152
159 178
160 190
160 191
161 191
161 192
162 193
162 194
167 170
168 170
169 169
170 169
171 168
172 168
172 169
173 169
173 170
174 170
174 171
177 193
177 194
177 195
177 196
178 190
178 191
178 192
196 172
197 172
197 173
198 173
199 173
200 173
201 173
201 177
201 178
201 179
201 180
201 181
202 174
202 177
203 168
203 175
203 176
203 177
206 174
207 174
208 168
208 174
209 167
209 168
209 169
209 170
209 171
209 174
210 166
210 167
210 172
210 174
211 164
211 165
211 166
211 174
211 175
212 164
212 176
213 163
213 170
213 177
214 162
214 163
214 169
214 177
214 178
215 160
215 167
215 168
215 179
215 180
216 158
216 159
216 165
216 166
216 180
216 181
217 157
217 158
217 182
217 183
218 156
218 184
219 163
219 184
220 160
220 161
220 185
220 186
220 189
220 190
221 159
221 160
221 186
222 150
222 158
222 186
222 187
223 149
223 157
223 187
224 146
224 147
224 155
224 156
224 187
225 144
225 145
225 151
225 153
225 154
225 188
226 144
226 188
227 189
228 189
229 190
230 190
231 190
232 138
233 138
233 139
234 137
234 138
235 138
