108 180 72 51
110 218
110 219
110 220
110 221
110 222
110 223
110 224
110 225
110 226
111 178
111 179
111 213
111 215
111 217
112 179
112 180
112 181
112 211
112 212
114 182
115 183
116 184
116 185
116 206
117 185
117 186
117 205
118 186
118 205
119 187
119 220
120 175
120 176
120 177
120 187
120 217
120 218
120 219
121 175
121 177
121 178
121 179
121 188
121 208
121 215
121 216
121 217
122 180
122 181
122 183
122 188
122 213
122 214
122 215
124 189
125 183
125 189
126 184
127 183
127 189
128 183
130 183
131 188
132 182
132 188
133 188
135 181
136 181
136 187
137 181
137 187
138 187
139 186
141 180
142 185
143 180
144 180
148 183
151 175
153 183
154 183
155 184
155 185
156 226
157 227
157 228
158 229
159 221
159 229
163 193
166 225
166 226
167 221
167 222
167 223
167 224
168 219
169 203
169 204
169 205
169 210
169 211
169 214
169 215
169 216
170 196
170 197
170 198
170 199
170 200
170 201
170 202
170 206
170 207
170 208
170 209
171 194
171 195
171 222
171 223
172 219
172 220
172 221
173 181
173 182
173 183
173 184
173 185
173 186
173 187
173 188
173 189
173 190
173 216
173 217
173 218
174 175
174 176
174 177
174 178
174 179
174 180
174 213
174 214
174 215
174 216
175 174
175 206
175 207
175 208
175 209
175 210
175 211
178 190
