235 245 106 77
241 249
242 248
243 247
244 246
244 290
245 246
245 285
245 286
245 287
245 288
245 289
246 245
246 283
246 284
247 244
247 245
247 282
248 244
248 271
248 272
248 280
249 243
249 269
249 270
249 279
250 243
250 269
250 277
250 278
250 279
251 242
251 275
251 277
252 241
252 266
252 267
252 273
252 274
253 240
253 241
254 239
254 240
254 264
254 270
255 239
256 238
256 262
256 268
257 237
257 238
257 268
258 236
258 237
258 258
258 259
258 260
258 261
258 267
259 236
259 266
260 235
260 256
260 262
260 265
260 302
261 234
261 235
261 255
261 264
261 301
262 233
262 234
262 253
262 254
262 263
263 253
263 263
264 252
264 263
264 298
264 299
265 250
265 251
265 263
265 298
266 249
266 250
266 251
266 262
266 298
267 248
267 261
267 262
268 246
268 247
268 248
268 259
268 260
268 297
269 244
269 245
269 256
269 257
269 258
270 243
270 244
270 254
270 255
271 241
271 242
271 253
271 254
272 240
272 251
272 252
272 293
272 294
273 249
273 250
273 251
274 246
274 247
274 248
274 249
274 292
275 243
275 244
275 245
275 315
276 240
276 241
276 242
276 243
276 313
277 240
277 313
278 240
278 290
278 313
279 240
279 290
279 312
280 290
281 289
291 286
291 287
293 289
322 291
323 291
324 266
324 267
324 290
324 291
325 266
325 290
325 297
326 265
326 266
326 290
326 297
327 265
327 289
327 297
328 264
328 289
328 297
329 262
329 263
329 297
330 297
331 296
332 296
333 296
334 295
335 295
335 296
336 296
337 296
338 296
339 296
340 296
