105 219 107 73
62 279
63 279
64 280
65 280
66 280
67 280
68 280
69 280
70 280
71 280
72 280
73 280
74 280
75 280
76 280
77 281
78 281
79 281
80 281
81 281
82 281
83 281
84 281
85 281
86 281
87 281
88 281
89 257
89 258
89 281
90 258
90 281
91 258
91 281
92 259
92 281
93 259
94 259
95 259
96 259
97 260
98 260
99 261
100 261
100 266
101 261
101 266
102 261
102 266
103 261
103 266
104 261
104 266
105 261
105 266
106 261
106 266
106 276
107 262
107 266
107 274
107 275
108 262
108 266
108 274
109 229
109 230
109 231
109 262
109 266
109 274
110 218
110 219
110 220
110 221
110 222
110 223
110 224
110 225
110 226
110 227
110 232
110 233
110 235
110 262
110 266
110 273
111 213
111 215
111 217
111 233
111 234
111 262
111 273
112 211
112 212
112 234
112 262
112 273
113 235
113 262
113 272
114 262
114 272
115 262
115 272
116 262
116 272
117 235
117 236
117 262
118 228
118 229
118 230
118 231
118 232
118 233
118 234
118 237
118 262
119 220
119 221
119 222
119 223
119 224
119 225
119 226
119 227
119 238
119 262
120 217
120 218
120 219
120 263
121 215
121 216
121 217
121 263
122 213
122 214
122 215
122 263
122 264
123 264
123 265
124 265
125 266
125 267
126 267
126 268
152 287
153 281
153 285
153 286
154 282
154 283
154 284
156 223
156 224
156 225
156 226
157 223
157 227
157 228
158 215
158 216
158 217
158 218
158 219
158 222
158 228
158 229
159 214
159 220
159 221
159 222
159 229
160 222
161 230
162 226
162 227
162 229
163 228
164 226
164 227
165 226
166 225
166 226
167 221
167 222
167 223
167 224
168 217
168 218
168 219
168 220
169 214
169 215
169 216
171 222
171 223
172 219
172 221
173 216
173 217
173 218
174 213
174 214
174 215
174 216
191 236
191 272
192 235
192 236
192 271
193 234
193 235
194 232
194 233
194 234
194 269
195 232
195 268
196 231
196 232
196 267
196 268
197 231
197 266
197 267
198 230
198 231
198 265
198 266
199 229
199 230
199 264
199 265
200 228
200 263
200 264
201 229
201 262
201 263
202 229
202 261
202 262
203 260
203 261
204 229
204 258
204 259
204 274
205 226
205 229
205 230
205 231
205 232
205 257
205 258
205 274
206 226
206 257
206 273
207 226
207 254
207 255
207 272
207 273
208 252
208 253
208 272
209 252
209 271
210 250
210 251
210 257
210 258
210 259
210 260
210 261
210 262
210 271
211 248
211 249
211 257
211 260
211 261
211 270
212 247
212 269
213 245
213 268
213 269
214 243
214 267
215 240
215 241
215 242
216 239
216 266
217 237
217 265
217 266
218 265
219 264
220 263
221 263
222 262
223 261
223 262
224 261
225 260
226 259
226 260
227 258
227 259
228 258
229 257
230 256
230 257
231 256
232 255
233 254
233 255
234 253
234 254
235 252
235 253
236 252
237 251
238 250
238 251
239 250
240 249
241 248
242 247
