155 48 149 103
111 51
112 51
113 51
115 51
122 51
123 51
125 51
126 51
127 51
130 51
131 51
132 51
133 51
134 51
135 51
137 63
138 63
139 52
139 63
140 52
140 63
141 52
141 63
142 52
142 63
143 52
143 63
144 63
145 63
146 52
146 63
147 52
147 63
148 52
148 63
149 52
149 63
150 52
150 63
151 52
151 63
152 52
152 64
153 52
153 64
154 52
154 64
155 53
155 63
156 53
156 63
157 53
157 64
158 53
158 64
159 53
159 64
160 53
160 64
161 53
161 64
162 53
162 64
163 53
163 64
164 53
164 64
165 53
165 64
166 53
166 64
167 53
167 64
167 149
168 53
168 63
168 131
168 149
169 53
169 63
169 131
169 148
170 53
170 63
170 132
170 148
171 53
171 63
171 132
171 148
172 53
172 64
172 133
172 148
172 149
173 53
173 64
173 133
173 149
174 53
174 64
174 133
174 134
174 150
175 53
175 64
175 134
175 149
176 53
176 64
176 134
177 54
177 64
177 134
178 54
178 64
178 134
179 54
179 64
180 54
180 64
181 54
181 64
182 54
182 64
183 54
183 64
184 54
184 65
185 53
185 65
186 53
186 65
187 53
187 65
188 53
188 66
189 53
189 65
190 53
190 65
191 53
191 65
192 53
192 65
193 54
193 65
194 54
194 65
195 54
195 66
196 54
196 66
197 54
197 66
198 54
198 66
199 54
199 66
200 54
200 66
201 54
201 66
202 54
202 66
203 55
203 66
204 55
204 66
205 55
205 66
206 55
206 66
207 55
207 66
208 55
208 66
209 55
209 66
210 55
210 66
211 55
211 66
212 55
212 66
213 55
213 66
214 56
214 66
215 56
215 66
216 56
216 66
217 56
217 66
218 56
218 65
219 56
219 66
220 66
221 67
222 67
222 150
223 67
223 148
223 149
224 67
225 67
226 67
226 143
227 66
227 143
228 142
229 142
230 66
230 142
231 66
231 142
232 56
232 138
232 140
232 142
233 139
233 143
234 138
234 143
235 56
235 138
235 143
236 56
236 136
236 144
237 135
237 144
238 56
238 144
239 56
239 145
240 145
241 146
242 56
243 56
243 146
243 147
244 123
244 124
244 125
244 126
244 127
244 128
244 129
244 130
244 131
244 132
244 133
244 134
244 135
244 146
244 147
244 148
244 149
245 118
245 119
245 120
245 121
245 136
245 137
245 138
245 139
245 140
245 141
245 142
245 143
245 144
245 145
246 67
246 115
246 116
246 117
247 57
247 113
247 114
248 110
248 111
248 112
249 107
249 108
249 109
250 105
250 106
250 107
250 135
250 136
250 137
250 138
250 139
250 140
251 103
251 104
251 131
252 132
253 132
254 133
255 133
256 133
257 94
257 95
257 133
258 133
259 133
260 132
261 132
262 132
263 133
264 133
265 133
266 134
267 134
268 84
268 134
269 83
269 135
270 83
270 135
271 82
271 135
272 82
272 135
273 81
273 135
274 81
274 135
275 80
275 135
276 80
276 135
277 135
278 79
278 88
278 89
278 92
278 135
279 79
279 91
279 92
279 135
280 78
280 92
280 136
281 78
281 87
281 88
281 136
282 78
282 87
282 88
282 136
283 77
283 88
283 135
284 77
284 89
284 135
285 77
285 89
285 90
285 91
285 135
286 88
286 89
286 92
286 93
286 94
286 95
286 101
286 135
287 88
287 96
287 102
287 103
287 135
288 88
288 97
288 104
289 88
289 97
289 105
289 136
290 53
290 87
290 97
290 98
290 105
290 136
291 51
291 52
291 53
291 87
291 98
291 105
291 136
292 43
292 44
292 45
292 46
292 47
292 73
292 87
292 99
292 104
292 105
292 136
293 34
293 35
293 36
293 37
293 38
293 39
293 40
293 41
293 87
293 99
293 100
293 104
293 136
294 27
294 28
294 29
294 30
294 31
294 32
294 33
294 34
294 86
294 99
294 100
294 103
294 104
294 136
295 23
295 24
295 25
295 73
295 86
295 103
295 136
296 86
296 103
296 136
297 74
297 87
297 102
297 136
298 75
298 87
298 102
299 75
299 87
299 101
300 87
301 86
301 87
301 88
301 139
302 88
302 89
302 90
302 91
302 92
