152 39 101 206
111 51
115 51
122 51
123 51
125 51
126 51
127 51
130 51
131 51
132 51
133 51
134 51
135 51
137 63
138 63
139 52
139 63
140 52
140 63
141 52
141 63
142 52
142 63
143 52
143 63
144 63
145 63
146 52
146 63
147 52
147 63
147 183
148 52
148 63
149 52
149 63
149 182
150 52
150 63
150 182
151 52
151 63
151 182
152 52
152 64
152 151
152 175
152 183
153 52
153 64
153 151
153 176
153 197
154 52
154 64
154 151
154 176
154 184
154 195
154 196
155 53
155 63
155 151
155 177
155 194
155 200
156 53
156 63
156 151
156 177
156 185
156 186
156 192
156 193
156 199
156 200
156 201
156 202
156 203
156 207
156 208
156 209
156 223
156 224
156 225
157 53
157 64
157 152
157 178
157 187
157 188
157 189
157 190
157 191
157 204
157 205
157 206
157 210
157 223
158 53
158 64
158 152
158 178
158 211
158 215
158 216
158 217
158 218
158 219
158 222
159 53
159 64
159 152
159 178
159 212
159 214
159 220
159 222
160 53
160 64
160 152
160 190
160 191
160 222
161 53
161 64
161 152
161 191
161 192
162 53
162 64
162 152
162 193
162 194
163 53
163 64
163 152
164 53
164 64
164 152
165 53
165 64
165 153
166 53
166 64
166 153
167 53
167 64
167 149
167 153
167 170
168 53
168 63
168 131
168 149
168 153
168 170
168 212
168 217
168 218
168 220
169 53
169 63
169 131
169 148
169 153
169 169
169 202
170 53
170 63
170 132
170 148
170 154
170 169
171 53
171 63
171 132
171 148
171 154
171 168
171 222
171 223
172 53
172 64
172 133
172 148
172 149
172 154
172 168
172 169
172 191
172 192
172 193
172 219
172 220
172 221
173 53
173 64
173 133
173 149
173 154
173 169
173 170
173 216
173 217
173 218
174 53
174 64
174 133
174 134
174 150
174 154
174 170
174 171
174 213
174 214
174 215
174 216
175 53
175 64
175 134
175 149
175 154
175 208
175 209
175 210
175 211
176 53
176 64
176 134
176 154
176 201
176 202
176 203
176 204
176 205
176 206
176 207
177 54
177 64
177 134
177 154
177 193
177 194
177 195
177 196
178 54
178 64
178 134
178 154
178 155
178 191
178 192
179 54
179 64
179 155
180 54
180 64
180 155
181 54
181 64
181 155
181 205
182 54
182 64
182 155
182 205
183 54
183 64
183 156
183 205
184 54
184 65
184 156
184 205
185 53
185 65
185 156
186 53
186 65
186 157
187 53
187 65
187 157
188 53
188 66
188 157
188 206
189 53
189 65
189 158
190 53
190 65
190 158
191 53
191 65
191 159
191 207
192 53
192 65
192 159
192 160
193 54
193 65
193 160
194 54
194 65
194 161
195 54
195 66
195 161
195 162
196 54
196 66
196 162
196 163
196 172
196 207
197 54
197 66
197 163
197 164
197 172
197 173
198 54
198 66
198 164
198 173
199 54
199 66
199 165
199 173
200 54
200 66
200 166
200 173
201 54
201 66
201 167
201 173
201 177
201 178
201 179
201 180
201 181
202 54
202 66
202 168
202 174
202 177
203 55
203 66
203 169
203 175
203 176
203 177
203 229
204 55
204 66
204 169
204 170
204 175
205 55
205 66
205 170
205 232
206 55
206 66
206 174
206 225
206 229
207 55
207 66
207 174
207 225
208 55
208 66
208 168
208 174
208 225
208 226
209 55
209 66
209 167
209 168
209 169
209 170
209 171
209 172
209 174
209 225
210 55
210 66
210 166
210 167
210 172
210 174
210 224
211 55
211 66
211 164
211 165
211 166
211 174
211 175
211 223
212 55
212 66
212 164
212 222
213 55
213 66
213 163
213 170
213 177
213 222
214 56
214 66
214 162
214 163
214 169
214 177
214 178
214 220
214 221
215 56
215 66
215 160
215 167
215 168
215 179
215 180
215 220
216 56
216 66
216 158
216 159
216 165
216 166
216 180
216 219
217 56
217 66
217 157
217 158
217 182
217 204
217 205
217 206
217 207
217 208
218 56
218 65
218 156
218 183
218 184
218 193
218 194
218 203
218 206
218 209
218 225
218 226
218 227
219 56
219 66
219 163
219 185
219 191
219 192
219 195
219 196
219 210
219 221
219 222
219 223
219 224
220 66
220 160
220 161
220 185
220 186
220 190
220 197
220 198
220 199
220 200
220 201
220 202
220 211
220 213
220 214
220 215
220 216
220 217
220 218
220 219
220 220
220 232
220 233
220 234
221 67
221 159
221 160
221 186
221 212
221 232
222 67
222 150
222 158
222 186
222 187
222 230
223 67
223 149
223 157
223 187
223 228
224 67
224 155
224 156
224 187
224 224
224 225
225 67
225 151
225 153
225 154
225 188
225 223
225 233
225 234
225 235
226 67
226 143
226 188
226 230
226 231
227 66
227 143
227 189
227 218
228 142
228 189
229 142
229 190
230 66
230 142
230 190
231 66
231 142
231 190
232 138
232 140
232 142
232 211
233 139
233 143
233 210
234 138
234 143
234 209
235 138
235 143
235 208
236 136
236 144
236 207
237 135
237 191
238 186
238 191
238 205
239 145
239 158
239 204
240 145
240 159
240 160
240 161
240 203
241 161
241 162
241 163
241 185
241 191
241 203
242 146
242 164
242 183
243 146
243 147
243 165
243 166
243 181
244 123
244 124
244 125
244 126
244 127
244 128
244 129
244 130
244 131
244 132
244 133
244 134
244 135
244 147
244 148
244 149
244 166
244 167
245 118
245 119
245 120
245 121
245 136
245 137
245 138
245 139
245 140
245 141
245 142
245 143
245 144
245 145
245 168
245 179
246 67
246 115
246 116
246 117
246 169
246 177
247 113
247 114
247 170
247 171
247 174
247 175
247 176
248 110
248 111
248 112
248 151
248 172
248 173
249 107
249 108
249 109
249 172
250 105
250 106
250 107
250 135
250 136
250 137
250 138
250 139
250 140
250 198
251 103
251 104
251 163
251 164
251 197
252 101
252 102
252 165
252 166
252 197
253 100
253 101
253 197
254 99
254 197
255 97
255 98
256 96
256 97
257 94
257 95
258 93
258 94
259 91
259 92
260 90
260 91
261 89
261 90
262 88
262 89
263 88
264 86
264 87
264 188
