16 224 204 69
21 253
21 254
26 254
27 254
27 255
28 255
28 256
29 256
30 256
31 256
32 256
33 226
34 226
35 226
36 226
37 227
38 228
39 228
40 229
41 229
41 230
41 266
41 267
42 230
42 231
42 247
42 248
42 249
42 267
43 232
43 246
43 247
44 217
44 218
44 246
44 269
44 270
45 246
45 271
47 235
47 236
48 230
48 234
48 237
48 238
48 239
48 240
48 241
48 242
48 243
49 233
50 248
50 277
50 278
51 248
51 250
51 251
51 278
51 279
52 239
52 240
52 242
52 243
52 244
52 245
52 251
52 252
52 279
53 253
53 254
53 279
54 245
54 253
54 280
55 245
55 281
56 246
56 253
56 281
57 246
57 253
57 281
58 247
58 280
59 248
59 254
59 255
59 280
60 256
60 280
61 248
61 257
61 280
62 248
62 279
63 247
63 279
64 247
64 249
64 250
64 280
65 249
65 250
66 250
68 249
69 249
70 249
71 246
72 247
72 292
74 247
75 247
76 247
77 247
78 248
79 248
79 249
80 249
81 249
82 250
83 250
84 249
84 250
85 250
86 251
87 251
87 252
87 253
88 253
88 254
89 249
89 254
89 257
89 258
90 249
90 258
91 249
91 258
92 249
92 259
93 259
94 259
95 259
96 259
97 260
98 206
98 207
98 208
98 209
98 260
99 204
99 205
99 261
100 203
100 241
100 261
101 201
101 202
101 261
102 219
102 261
103 217
103 218
103 261
104 214
104 215
104 216
104 261
105 212
105 213
105 261
106 210
106 211
106 261
107 207
107 208
107 209
107 262
108 262
109 229
109 230
109 231
110 218
110 219
110 220
110 221
110 222
110 223
110 224
110 225
110 226
110 227
110 228
110 232
110 233
110 235
111 213
111 214
111 215
111 216
111 217
111 233
111 234
112 210
112 211
112 212
112 234
113 235
117 235
117 236
118 228
118 229
118 230
118 231
118 232
118 233
118 234
118 237
119 221
119 222
119 223
119 224
119 225
119 226
119 227
119 238
119 239
134 275
135 276
140 288
153 280
156 226
157 227
157 228
158 228
158 229
159 221
159 229
161 230
162 226
162 227
162 229
163 228
164 226
164 227
165 226
166 225
166 226
167 221
167 222
167 223
167 224
167 278
168 219
168 278
169 214
169 215
169 216
169 278
170 278
171 278
172 278
173 277
173 278
173 280
174 277
174 281
175 276
176 276
176 282
177 276
177 282
178 276
178 282
179 276
179 282
180 276
180 283
181 275
181 283
182 275
182 283
183 275
183 283
184 275
184 283
185 274
185 283
186 274
186 283
187 273
187 282
188 273
188 282
189 272
189 282
190 272
190 281
191 236
191 271
191 272
191 281
192 235
192 236
192 270
192 271
192 281
193 234
193 235
193 270
193 274
193 280
194 232
194 233
194 234
194 269
194 274
194 280
195 232
195 268
195 274
195 280
196 231
196 232
196 267
196 268
196 273
196 279
197 231
197 266
197 267
197 272
197 279
198 230
198 231
198 265
198 266
198 272
198 278
199 229
199 230
199 264
199 265
199 272
199 278
200 228
200 263
200 264
200 277
201 229
201 262
201 263
201 276
202 229
202 261
202 262
202 275
202 276
203 260
203 261
203 275
204 229
204 258
204 259
204 274
205 226
205 229
205 230
205 231
205 232
205 257
205 258
205 274
206 226
206 257
206 273
207 226
207 254
207 255
207 272
207 273
208 252
208 253
208 272
209 252
209 271
210 250
210 251
210 257
210 258
210 259
210 260
210 261
210 262
210 271
211 248
211 249
211 257
211 260
211 261
211 270
212 247
212 269
213 245
213 268
213 269
214 243
214 267
215 240
215 241
215 242
216 239
216 266
217 237
217 265
217 266
218 265
219 221
219 222
219 223
219 224
219 264
220 234
220 263
221 232
221 263
222 230
222 262
223 228
223 261
223 262
224 224
224 225
224 261
225 223
225 260
226 259
226 260
227 218
227 258
227 259
228 258
229 257
230 256
230 257
231 256
232 255
233 254
233 255
234 253
234 254
235 252
235 253
236 252
237 251
238 250
238 251
239 250
240 249
241 248
242 247
