39 212 28 70
38 228
39 228
40 229
41 229
41 230
42 230
42 231
42 247
42 248
42 249
43 232
43 246
43 247
44 216
44 217
44 218
44 246
45 218
45 219
45 220
45 221
45 246
46 207
46 208
46 222
46 223
47 208
47 209
47 210
47 223
47 224
47 225
47 226
47 227
47 228
47 235
47 236
48 211
48 212
48 213
48 214
48 215
48 216
48 228
48 229
48 230
48 234
48 237
48 238
48 239
48 240
48 241
48 242
48 243
49 231
49 232
49 233
50 233
50 248
52 239
52 240
52 241
52 243
52 244
56 246
57 246
58 247
58 254
59 248
60 248
61 248
62 248
63 247
64 247
64 249
64 250
65 249
65 250
66 250
