207 308 24 44
212 332
212 333
212 334
212 335
212 336
212 337
212 338
212 339
212 340
213 329
213 330
213 331
213 341
213 342
213 343
213 344
213 345
213 346
213 347
213 348
214 327
215 323
216 321
216 322
216 334
216 335
216 336
216 337
216 338
216 343
216 344
216 345
217 319
217 320
217 330
217 332
217 333
217 339
217 340
217 341
217 346
217 347
217 348
218 327
219 325
219 326
219 327
220 324
221 321
221 322
221 323
222 314
222 320
223 320
224 312
224 319
225 311
226 310
229 311
229 312
229 313
229 314
233 304
233 305
233 307
234 304
235 303
236 303
