245 130 95 144
236 154
237 154
237 155
238 155
238 156
239 157
239 158
240 159
240 160
240 161
241 161
241 162
241 163
242 164
242 190
243 165
243 166
243 190
244 122
244 166
244 167
244 168
244 191
245 168
245 192
246 192
246 193
247 192
248 152
248 153
248 186
248 187
248 192
248 271
248 272
249 154
249 155
249 156
249 187
249 188
249 191
249 192
249 202
249 269
249 270
250 157
250 158
250 159
250 160
250 187
250 191
250 202
250 269
251 161
251 162
251 163
251 164
251 171
251 191
251 202
252 101
252 102
252 164
252 165
252 166
252 190
252 201
252 266
252 267
253 100
253 101
253 190
253 201
254 99
254 171
254 190
254 201
254 264
254 270
255 97
255 98
255 171
255 172
255 190
255 197
255 201
256 96
256 97
256 172
256 173
256 190
256 197
256 201
256 262
257 94
257 95
257 173
257 189
257 196
257 201
258 93
258 94
258 174
258 189
258 201
258 258
258 259
258 260
258 261
259 91
259 92
259 175
259 176
259 177
259 178
259 189
259 196
259 201
260 90
260 91
260 179
260 189
260 201
260 231
260 256
260 262
261 89
261 90
261 179
261 189
261 200
261 230
261 255
262 88
262 89
262 189
262 195
262 200
262 229
262 253
262 254
262 263
263 88
263 180
263 181
263 188
263 194
263 199
263 229
263 253
264 86
264 87
264 181
264 198
264 252
264 263
265 182
265 183
265 250
265 251
265 263
266 183
266 188
266 198
266 249
266 250
266 251
266 262
267 184
267 188
267 248
267 261
267 262
268 184
268 185
268 188
268 198
268 246
268 247
268 248
268 259
268 260
269 185
269 188
269 244
269 245
269 256
269 257
269 258
270 185
270 186
270 188
270 243
270 244
270 254
270 255
271 188
271 195
271 241
271 242
271 253
271 254
272 185
272 189
272 240
272 251
272 252
273 184
273 185
273 189
273 190
273 238
273 249
273 250
273 251
274 184
274 191
274 236
274 237
274 246
274 247
274 248
274 249
275 183
275 184
275 192
275 234
275 235
275 243
275 245
276 183
276 192
276 221
276 234
276 240
276 241
276 242
276 243
277 182
277 183
277 191
277 240
278 182
278 191
278 220
278 240
279 181
279 182
279 190
279 220
279 234
279 235
279 236
279 237
279 239
279 240
280 181
280 189
280 216
280 217
280 218
280 234
280 238
280 239
281 189
281 214
281 215
281 234
282 179
282 180
282 189
282 213
282 214
282 228
282 234
283 179
283 188
283 189
283 225
283 226
283 228
283 233
283 234
284 176
284 187
284 211
284 212
284 225
284 226
284 227
284 232
284 233
285 176
285 186
285 187
285 210
285 211
285 231
286 186
286 206
286 207
286 208
286 209
287 176
287 205
287 219
287 220
287 221
287 222
287 223
288 136
288 173
288 174
288 175
288 202
288 219
289 172
289 173
289 201
289 218
289 219
290 171
290 199
290 218
290 228
291 170
291 197
291 198
291 217
291 218
292 169
292 195
292 196
292 227
293 168
293 169
293 193
293 194
293 226
294 167
294 168
294 191
294 192
294 225
295 166
295 167
295 188
295 189
295 190
295 225
296 165
296 166
296 186
296 187
296 224
296 225
297 165
297 184
297 185
297 224
298 137
298 164
298 165
298 174
298 175
298 181
298 182
298 183
298 223
299 137
299 163
299 164
299 173
299 174
299 179
299 180
299 181
299 222
299 223
300 138
300 160
300 161
300 162
300 163
300 172
300 173
300 178
300 221
300 222
301 138
301 139
301 153
301 154
301 155
301 156
301 157
301 158
301 159
301 172
301 196
301 219
301 221
302 139
302 140
302 152
302 153
302 171
303 141
303 142
303 151
303 170
303 171
303 194
303 195
303 216
303 217
304 142
304 143
304 144
304 145
304 146
304 147
304 148
304 149
304 150
304 170
305 170
305 220
306 169
306 214
307 168
307 169
307 205
307 212
308 168
308 205
308 223
309 167
309 205
309 222
310 167
310 204
310 221
310 222
311 166
311 188
311 189
311 204
311 220
311 221
312 166
312 205
312 206
312 221
313 165
313 221
314 164
314 165
314 183
314 184
314 185
314 220
315 164
315 182
315 183
315 203
315 207
315 208
315 220
316 180
316 181
316 182
316 204
316 220
317 180
317 220
318 220
319 179
319 220
320 172
320 173
320 178
320 220
320 221
321 174
321 176
321 178
321 221
322 221
323 173
324 154
324 163
324 173
325 153
325 163
325 170
325 172
326 152
326 153
326 163
326 169
326 170
327 151
327 152
327 169
327 221
328 150
328 168
328 221
329 149
329 154
329 167
329 168
329 220
330 149
330 154
330 161
330 167
331 148
331 154
331 160
331 167
332 155
332 159
332 166
333 165
333 166
334 164
335 162
335 163
335 216
336 160
336 161
336 162
337 143
337 157
337 159
337 160
338 142
338 156
338 157
339 141
339 154
339 155
339 212
340 152
340 153
340 154
341 150
341 151
341 152
342 148
342 149
342 150
343 147
343 148
344 146
345 139
345 140
345 142
345 143
