231 84 109 109
219 185
220 186
221 186
225 188
229 190
230 190
231 190
232 140
232 142
233 138
233 143
234 137
234 143
235 136
235 143
236 135
236 144
236 154
237 144
237 154
237 155
238 144
238 155
238 156
238 186
239 145
239 157
239 158
240 145
240 159
240 160
240 161
241 146
241 161
241 162
241 163
242 164
242 184
243 147
243 166
243 181
243 182
244 122
244 146
244 166
244 167
244 168
244 179
244 180
245 168
245 178
245 179
246 176
246 177
247 170
247 171
247 174
247 175
247 176
248 152
248 153
248 173
249 154
249 155
249 156
249 172
250 157
250 158
250 159
250 160
250 172
251 161
251 162
251 163
252 101
252 102
252 164
252 171
253 100
253 101
253 132
253 171
254 99
254 133
255 97
255 98
255 133
256 96
256 97
256 133
256 173
257 133
257 173
258 93
258 94
258 133
259 91
259 92
259 133
260 90
260 91
260 132
260 179
261 89
261 90
261 132
261 180
262 88
262 89
262 132
262 180
263 87
263 88
263 133
264 86
264 87
264 133
264 182
264 188
265 85
265 86
265 133
266 85
266 134
267 84
267 134
268 134
269 135
270 135
271 135
272 135
273 135
274 135
275 135
276 135
277 135
278 89
278 92
279 91
279 92
280 92
280 136
281 88
281 180
284 178
285 76
285 91
286 76
286 92
286 93
286 94
286 95
286 101
286 176
286 185
287 75
287 96
287 102
287 103
287 175
287 184
288 96
288 97
288 104
288 136
288 173
288 183
289 97
289 105
289 172
289 182
290 97
290 136
290 171
290 181
290 182
291 136
291 170
291 180
291 181
292 136
292 169
292 179
292 180
293 136
293 168
293 169
293 178
293 179
294 136
294 167
294 168
294 177
294 178
295 73
295 136
295 166
295 167
295 177
296 136
296 165
296 166
296 176
297 74
297 136
297 165
297 175
298 75
298 101
298 137
298 181
299 75
299 137
299 179
299 180
299 181
300 100
300 138
300 178
301 98
301 99
301 138
301 139
302 88
302 89
302 90
302 91
302 92
302 93
302 94
302 95
302 96
302 139
302 140
303 141
303 142
304 142
304 143
311 188
311 189
314 183
314 184
314 185
315 183
324 154
325 153
326 152
326 153
327 151
327 152
329 149
329 154
330 149
330 154
331 148
331 154
331 160
332 155
332 159
336 162
337 143
338 142
338 156
339 141
339 154
339 155
340 153
341 150
341 151
342 149
343 147
345 139
345 140
345 142
345 143
