110 180 53 53
110 218
110 219
110 220
110 221
110 222
110 223
110 224
110 225
110 226
111 178
111 179
111 213
111 215
111 217
112 179
112 180
112 181
112 211
112 212
114 182
115 183
116 184
116 185
116 206
117 185
117 186
117 205
118 186
118 205
119 187
119 220
120 175
120 176
120 177
120 187
120 217
120 218
120 219
121 175
121 177
121 178
121 179
121 188
121 208
121 215
121 216
121 217
122 180
122 181
122 183
122 188
122 213
122 214
122 215
124 189
125 183
125 189
126 184
127 183
127 189
128 183
130 183
131 188
132 182
132 188
133 188
135 181
136 181
136 187
137 181
137 187
138 187
139 186
139 209
140 210
141 180
141 211
142 185
142 212
143 180
143 213
144 180
146 184
148 183
151 175
153 183
154 183
155 184
155 185
156 226
157 227
157 228
158 229
159 221
159 229
163 193
