45 0 254 74
53 46
56 1
57 2
57 3
57 4
57 5
57 6
57 9
57 10
57 11
57 12
57 13
57 14
57 18
58 15
58 16
58 17
58 19
59 16
59 19
60 20
60 30
60 34
61 22
61 26
61 27
62 21
63 19
63 20
64 1
64 2
64 3
64 4
64 5
64 8
64 9
64 10
64 11
64 12
64 13
64 14
64 15
64 16
64 17
64 18
108 52
109 51
109 73
110 51
110 62
110 67
110 68
110 70
110 71
110 72
111 51
111 60
111 61
111 62
112 51
113 51
113 62
114 51
115 51
116 51
116 62
117 50
117 62
118 50
118 62
119 50
120 50
120 62
121 51
122 51
123 51
124 51
125 51
126 51
127 51
128 51
128 62
129 51
130 51
131 51
132 51
132 62
133 51
134 51
135 51
136 52
137 52
138 52
144 52
145 52
218 56
219 56
228 66
229 66
232 56
232 67
233 56
233 67
234 56
234 67
235 56
235 67
236 56
236 67
237 56
237 67
238 56
238 67
239 56
239 67
240 56
240 67
241 57
241 67
242 56
242 67
243 56
243 68
244 57
244 68
245 57
245 67
246 57
246 67
247 57
248 57
249 57
250 57
251 57
252 57
253 57
254 57
255 57
256 57
257 57
258 57
259 58
260 58
261 58
262 58
263 58
264 58
265 57
266 57
267 57
268 57
269 56
270 56
271 56
285 4
285 5
285 6
285 7
285 8
285 9
285 10
285 53
286 10
286 11
286 12
286 53
287 13
287 14
287 53
288 15
288 16
288 54
289 16
289 17
289 54
290 17
290 53
291 51
291 52
291 53
292 43
292 44
292 45
292 46
292 47
293 34
293 35
293 36
293 37
293 38
293 39
293 40
293 41
294 27
294 28
294 29
294 30
294 31
294 32
294 33
294 34
295 23
295 24
295 25
