245 141 39 27
236 154
237 154
237 155
238 155
238 156
239 157
239 158
240 159
240 160
240 161
241 161
241 162
241 163
242 164
243 166
244 122
244 166
244 167
244 168
245 168
248 110
248 111
248 112
248 152
248 153
249 107
249 108
249 109
249 154
249 155
249 156
250 105
250 106
250 107
250 157
250 158
250 159
250 160
251 103
251 104
251 161
251 162
251 163
252 101
252 102
252 164
253 100
253 101
254 99
255 97
255 98
256 96
256 97
257 94
257 95
258 93
258 94
259 91
259 92
260 90
260 91
261 89
261 90
262 88
262 89
263 88
264 86
264 87
