347 65 37 77
341 56
342 56
342 57
343 120
343 121
343 122
343 123
344 117
344 118
344 119
344 124
345 59
345 113
345 114
345 115
345 116
346 59
346 110
346 111
346 126
347 60
347 61
347 106
347 107
347 108
347 109
348 61
348 62
348 102
348 103
348 104
348 105
348 128
349 78
349 79
349 80
349 97
349 98
349 99
349 100
349 101
349 102
350 64
350 75
350 76
350 77
350 78
350 95
350 96
350 114
351 71
351 72
351 73
351 74
351 75
351 93
351 94
352 70
352 91
352 92
352 106
352 116
353 66
353 90
353 107
354 88
354 89
354 122
355 84
355 85
355 86
355 87
356 70
356 71
356 72
356 73
356 74
356 75
356 76
356 77
356 78
356 79
356 80
356 81
356 82
356 83
357 99
358 99
359 98
359 118
360 97
360 116
361 96
361 97
362 95
362 96
362 113
362 114
363 95
364 94
364 111
365 93
365 94
366 93
366 109
367 92
367 93
368 92
369 91
370 90
371 90
372 90
373 90
374 91
374 92
375 92
