456 203 39 132
458 242
459 239
460 230
460 236
460 237
460 248
461 217
461 218
461 219
461 222
461 223
461 224
461 229
462 216
462 220
462 221
462 225
463 210
463 211
463 215
463 229
464 203
464 204
464 205
464 212
464 213
464 214
465 198
465 199
465 200
465 201
465 202
465 206
465 209
465 229
466 191
466 192
466 193
466 194
466 195
466 196
466 197
466 208
467 184
467 185
467 186
467 187
467 188
467 189
467 190
468 175
468 176
468 177
468 178
468 182
468 183
468 242
469 174
469 179
469 180
469 181
470 173
471 171
471 172
471 173
472 240
472 241
473 239
473 240
474 239
476 209
476 236
479 208
479 212
486 225
487 209
487 221
487 228
488 221
488 224
488 225
488 227
489 208
489 209
489 221
489 223
489 226
489 227
490 207
490 210
490 215
490 216
490 217
490 218
490 219
491 204
491 205
491 206
491 211
491 212
491 213
491 214
493 222
493 223
494 222
