46 276 109 56
32 256
32 257
33 257
33 258
33 259
34 259
34 260
35 260
35 261
36 261
36 262
37 263
38 264
39 265
40 265
40 266
41 266
41 267
42 267
42 268
43 268
43 269
44 269
44 270
45 271
46 272
47 273
47 274
48 274
48 275
48 276
49 276
49 277
50 277
50 278
51 278
51 279
52 279
53 279
54 280
55 281
56 281
57 281
58 280
59 280
60 280
61 280
62 279
63 279
64 280
65 280
66 280
67 280
68 280
69 280
70 280
70 290
71 280
72 280
72 292
73 280
74 280
74 290
74 292
74 293
74 294
75 280
75 289
75 290
76 280
76 296
77 281
77 296
78 281
78 296
79 281
79 295
80 281
81 281
82 281
83 281
84 281
85 281
86 281
87 281
88 281
89 281
90 281
91 281
92 281
93 282
94 282
95 282
96 282
97 283
98 283
99 283
100 283
101 283
102 283
103 283
103 284
104 284
105 285
106 276
106 285
106 286
107 274
107 275
107 286
108 274
108 286
109 274
109 287
110 273
110 287
111 273
111 287
112 273
112 288
113 272
113 288
114 272
114 288
115 272
115 289
116 272
116 289
117 272
117 288
118 272
118 288
119 272
119 288
120 272
120 288
121 288
122 288
123 288
124 288
125 288
126 288
127 288
128 288
129 288
130 288
131 288
132 288
133 274
133 288
134 275
134 288
135 275
135 276
135 288
136 276
136 289
137 276
137 289
138 276
138 289
139 276
139 289
140 276
140 288
141 276
141 288
142 276
142 288
143 276
143 289
144 276
144 289
145 277
145 289
146 277
146 289
147 277
147 289
148 277
148 289
149 277
149 289
150 277
150 288
151 278
151 288
152 279
153 279
153 280
154 278
155 278
156 278
157 278
158 278
159 278
160 278
161 278
162 278
163 278
164 278
165 278
166 278
167 278
168 278
169 278
170 278
171 278
172 278
173 277
173 278
174 277
