104 141 147 56
88 145
89 145
90 144
91 144
92 145
93 145
94 144
95 144
96 144
97 144
98 144
99 144
100 144
101 145
102 145
103 145
104 145
105 145
106 145
107 146
108 146
109 146
109 151
110 146
110 150
111 146
111 149
111 178
111 179
112 148
112 149
113 147
113 148
113 182
114 147
114 149
115 145
116 145
116 154
116 155
117 145
117 153
117 154
117 185
118 145
118 153
119 145
119 153
120 153
120 171
120 173
120 175
121 146
121 153
121 165
121 166
121 167
121 168
121 169
121 170
121 178
121 187
122 153
122 183
123 153
123 183
123 188
124 153
124 163
124 174
124 183
125 153
125 154
125 161
125 162
125 163
125 174
125 183
126 149
126 153
126 154
126 161
126 162
126 174
126 175
126 183
126 184
126 189
127 149
127 153
127 162
127 172
127 189
128 149
128 162
128 170
128 171
128 189
129 168
129 169
129 183
129 189
130 166
130 167
130 189
131 182
131 188
132 160
132 161
133 159
133 160
133 182
134 159
134 182
134 187
135 182
136 142
137 142
138 143
138 180
139 143
139 180
140 143
140 144
140 180
140 186
141 144
141 180
141 185
142 145
142 181
143 145
143 185
144 146
144 185
145 146
145 179
145 184
146 147
146 177
146 178
146 184
147 148
147 183
148 176
149 176
149 182
150 175
150 182
151 175
151 182
152 175
152 183
153 176
153 197
154 176
154 184
154 195
154 196
155 177
155 194
156 177
156 185
156 186
156 192
156 193
157 178
157 187
157 188
157 189
157 190
157 191
158 178
159 178
160 190
160 191
161 191
161 192
162 193
162 194
167 170
168 170
169 169
170 169
171 168
172 168
172 169
173 169
173 170
174 170
174 171
177 193
177 194
177 195
177 196
178 190
178 191
178 192
197 172
201 179
201 180
201 181
202 177
203 168
203 175
203 177
208 168
209 167
209 168
209 169
209 170
209 171
210 166
210 167
210 172
211 164
211 165
211 166
212 164
212 176
213 163
213 170
214 162
214 163
214 169
215 160
215 167
215 168
216 158
216 159
216 165
216 166
216 181
217 157
217 158
217 183
218 156
219 163
219 184
220 160
220 161
220 185
221 159
221 160
222 150
222 158
222 186
222 187
223 149
223 157
223 187
224 146
224 147
224 155
224 156
224 187
225 144
225 145
225 151
225 153
225 154
225 188
226 144
226 188
227 189
228 189
229 190
230 190
231 190
232 191
233 191
234 191
235 191
236 191
237 186
237 187
237 191
238 186
238 187
238 191
239 145
239 185
239 186
239 191
240 145
240 185
240 191
241 184
241 185
241 191
242 146
242 183
242 190
243 146
243 147
243 165
243 181
243 190
244 123
244 124
244 125
244 126
244 127
244 128
244 129
244 130
244 131
244 132
244 133
244 134
244 135
244 147
244 148
244 149
244 191
245 118
245 119
245 120
245 121
245 136
245 137
245 138
245 139
245 140
245 141
245 142
245 143
245 144
245 145
245 179
245 192
246 115
246 116
246 117
246 169
246 177
246 192
246 193
247 113
247 114
247 174
247 175
247 176
247 192
248 110
248 111
248 112
248 172
248 173
248 186
248 187
248 192
249 107
249 108
249 109
249 172
249 187
249 188
249 191
249 192
250 105
250 106
250 107
250 187
250 191
251 103
251 104
251 191
252 101
252 102
252 190
253 100
253 101
253 190
254 99
254 190
255 97
255 98
255 190
256 96
256 97
256 190
257 94
257 95
257 189
258 93
258 94
258 189
259 91
259 92
259 189
260 90
260 91
260 189
261 89
261 90
261 189
262 88
262 89
262 189
263 88
263 188
264 86
264 87
264 188
