241 239 141 55
241 249
242 248
243 247
244 246
244 290
245 246
245 285
245 286
245 287
245 288
245 289
246 245
246 283
246 284
247 244
247 245
247 282
248 244
248 271
248 272
248 280
249 243
249 269
249 270
249 279
250 243
250 269
250 277
250 278
250 279
251 242
251 275
251 277
252 241
252 266
252 267
252 273
252 274
253 240
253 241
254 239
254 240
254 264
254 270
255 239
256 238
256 262
256 268
257 237
257 238
257 268
258 236
258 237
258 258
258 259
258 260
258 261
258 267
259 236
259 266
260 235
260 256
260 262
260 265
261 234
261 235
261 255
261 264
262 233
262 234
262 253
262 254
262 263
263 253
263 263
264 252
264 263
265 250
265 251
265 263
266 249
266 250
266 251
266 262
267 248
267 261
267 262
268 246
268 247
268 248
268 259
268 260
269 244
269 245
269 256
269 257
269 258
270 243
270 244
270 254
270 255
271 241
271 242
271 253
271 254
272 240
272 251
272 252
273 249
273 250
273 251
274 246
274 247
274 248
274 249
275 243
275 244
275 245
276 240
276 241
276 242
276 243
277 240
278 240
279 234
279 235
279 236
279 237
279 239
279 240
280 234
280 238
280 239
281 234
282 234
284 232
284 233
285 231
285 232
286 230
324 266
324 267
325 266
326 265
326 266
327 265
328 264
329 262
329 263
346 264
347 265
347 266
347 267
348 267
348 268
349 270
349 271
350 271
350 272
351 272
352 273
353 273
353 274
354 274
355 274
356 275
357 275
358 275
358 276
359 276
360 276
361 276
362 276
363 275
364 275
365 275
366 275
369 259
370 259
370 265
371 260
371 265
372 257
372 260
372 266
373 240
373 241
373 256
373 260
373 267
374 257
374 267
375 244
375 257
375 267
375 268
376 250
376 258
377 251
377 263
377 270
377 272
378 252
378 256
378 258
378 263
379 252
379 256
379 259
379 263
379 264
380 255
380 256
380 260
380 261
381 256
