18 171 372 141
21 253
21 254
24 223
26 254
27 254
27 255
28 255
28 256
29 256
30 256
31 256
32 256
33 226
34 226
35 226
36 226
37 227
38 228
39 228
40 229
41 229
41 230
41 266
41 267
42 230
42 231
42 247
42 248
42 249
42 267
43 232
43 246
43 247
44 217
44 218
44 246
44 269
44 270
45 246
45 271
46 190
46 191
46 192
46 193
47 235
47 236
48 202
48 204
48 230
48 234
48 237
48 238
48 239
48 240
48 241
48 242
48 243
49 233
50 195
50 198
50 248
50 277
50 278
51 188
51 248
51 250
51 251
51 278
51 279
52 187
52 239
52 240
52 242
52 243
52 244
52 245
52 251
52 252
52 279
53 185
53 253
53 254
53 279
54 185
54 245
54 253
54 280
55 245
55 281
56 183
56 246
56 253
56 281
57 176
57 177
57 246
57 253
57 281
58 174
58 175
58 179
58 180
58 181
58 247
58 280
59 173
59 179
59 248
59 254
59 255
59 280
60 172
60 178
60 256
60 280
61 162
61 177
61 248
61 257
61 280
62 163
62 164
62 165
62 166
62 169
62 170
62 171
62 175
62 176
62 248
62 279
63 167
63 168
63 174
63 175
63 247
63 279
64 247
64 249
64 250
64 280
65 249
65 250
65 280
66 250
66 280
67 280
68 249
68 280
69 249
69 280
70 249
70 280
70 290
71 246
71 280
72 247
72 280
72 292
73 280
74 247
74 280
74 290
74 292
74 293
74 294
75 247
75 280
75 289
75 290
76 247
76 280
77 247
77 281
78 248
78 281
79 248
79 249
79 281
80 249
80 281
81 249
81 281
82 250
82 281
83 250
83 281
84 249
84 250
84 281
85 250
85 281
86 251
86 281
87 251
87 252
87 253
87 281
88 253
88 254
88 281
89 249
89 254
89 257
89 258
89 281
90 249
90 258
90 281
91 249
91 258
91 281
92 249
92 259
92 281
93 259
93 282
94 259
94 282
95 259
95 282
96 259
96 282
97 260
97 283
98 260
98 283
99 261
99 283
100 241
100 261
100 266
100 283
101 261
101 266
101 283
102 261
102 266
102 283
103 261
103 266
104 261
104 266
105 261
105 266
106 261
106 266
106 276
107 262
107 266
107 274
107 275
108 262
108 266
108 274
109 229
109 231
109 262
109 266
109 274
110 218
110 219
110 220
110 221
110 222
110 223
110 224
110 225
110 226
110 227
110 262
110 266
110 273
111 178
111 179
111 213
111 215
111 217
111 262
111 273
112 179
112 180
112 181
112 211
112 212
112 262
112 273
113 262
113 272
114 182
114 262
114 272
115 183
115 262
115 272
116 184
116 185
116 206
116 262
116 272
117 185
117 186
117 205
117 235
117 236
117 262
117 272
118 186
118 228
118 229
118 230
118 231
118 232
118 233
118 234
118 237
118 262
118 272
119 187
119 205
119 220
119 221
119 222
119 223
119 224
119 225
119 226
119 227
119 262
119 272
120 171
120 173
120 175
120 176
120 177
120 187
120 205
120 206
120 217
120 218
120 219
120 263
120 272
121 165
121 166
121 167
121 168
121 169
121 170
121 175
121 177
121 178
121 179
121 188
121 208
121 215
121 216
121 217
121 263
121 272
122 180
122 181
122 183
122 188
122 213
122 214
122 215
122 263
122 264
122 272
122 273
123 264
123 265
123 273
124 174
124 189
124 265
124 273
125 174
125 183
125 189
125 266
125 267
125 273
126 174
126 175
126 184
126 267
126 268
126 272
127 172
127 183
127 189
127 269
127 272
128 170
128 171
128 183
128 269
129 164
129 165
129 168
129 169
130 166
130 167
130 183
131 188
132 182
132 188
133 188
135 181
136 181
136 187
137 181
137 187
138 187
139 186
140 210
141 180
141 211
142 185
142 212
143 213
144 180
144 213
145 213
146 213
147 213
148 183
148 213
149 212
150 212
151 175
152 287
153 183
153 197
153 281
153 285
153 286
154 183
154 184
154 195
154 196
154 282
154 283
154 284
155 184
155 185
155 194
155 200
156 185
156 186
156 192
156 193
156 199
156 200
156 201
156 202
156 203
156 207
156 208
156 209
156 223
156 224
156 225
157 187
157 188
157 189
157 190
157 191
157 204
157 205
157 206
157 210
157 223
158 211
158 215
158 216
158 217
158 218
158 219
158 222
158 228
159 212
159 214
159 220
159 222
160 190
160 191
160 222
161 191
161 192
161 230
162 193
162 194
162 226
162 227
162 229
163 228
164 226
164 227
165 226
168 212
168 217
168 218
168 220
169 202
170 290
170 291
171 292
172 191
172 192
172 193
172 296
172 297
173 298
176 201
176 202
176 203
176 204
176 205
176 206
176 207
177 193
177 194
177 195
177 196
178 191
178 192
178 309
179 311
181 205
182 205
185 205
186 205
187 206
189 206
190 206
191 236
192 207
192 235
192 236
192 271
193 207
193 234
193 235
194 207
194 232
194 233
194 234
195 208
195 232
196 231
196 232
196 267
196 268
197 207
197 231
197 266
197 267
198 230
198 231
198 265
198 266
199 229
199 230
199 264
199 265
200 228
200 263
200 264
201 229
201 262
201 263
202 229
202 261
202 262
203 229
203 260
203 261
204 175
204 229
204 258
204 259
205 226
205 229
205 230
205 231
205 257
205 258
206 225
206 226
206 229
206 255
206 256
206 257
207 225
207 226
207 254
207 255
208 225
208 226
208 252
208 253
209 225
209 252
210 172
210 224
210 250
210 251
210 257
210 258
211 223
211 248
211 249
211 257
211 260
212 176
212 247
213 245
214 243
214 268
215 240
215 241
215 242
216 181
216 239
217 183
217 204
217 205
217 206
217 207
217 208
217 237
218 183
218 193
218 194
218 203
218 206
219 184
219 185
219 191
219 192
219 195
219 196
219 221
219 222
219 223
219 224
220 185
220 189
220 197
220 198
220 199
220 200
220 201
220 202
220 234
221 230
221 231
221 232
222 186
222 187
222 229
222 230
223 187
223 227
223 228
223 242
224 187
224 223
224 224
224 225
224 226
224 240
224 241
225 221
225 222
225 223
225 233
225 234
225 235
225 239
226 188
226 219
226 220
226 230
226 231
226 232
226 236
226 238
227 189
227 217
227 218
227 237
227 238
228 189
228 215
228 216
228 238
229 214
229 215
229 309
229 310
230 213
230 214
230 308
231 212
231 213
231 309
232 191
232 210
232 211
232 235
232 236
233 191
233 209
233 210
233 236
233 304
233 305
233 307
234 191
234 208
234 209
234 236
234 253
234 304
235 191
235 207
235 208
235 236
235 252
235 253
235 295
235 303
236 191
236 206
236 207
236 235
236 252
236 303
237 186
237 187
237 191
237 205
237 206
237 235
237 238
237 251
237 293
238 186
238 187
238 191
238 204
238 205
238 235
238 238
238 250
238 251
239 185
239 186
239 191
239 204
239 235
239 239
239 250
240 185
240 191
240 203
240 238
240 249
241 184
241 185
241 191
241 202
241 203
241 238
241 248
241 249
242 183
242 190
242 202
242 238
242 247
242 248
243 181
243 190
243 201
243 202
243 237
243 247
244 191
244 201
244 237
244 246
245 179
245 192
245 201
245 237
245 246
246 169
246 177
246 192
246 193
246 200
246 237
246 245
247 174
247 175
247 176
247 192
247 200
247 236
247 244
247 245
247 272
247 273
247 283
248 172
248 186
248 187
248 192
248 201
248 236
248 244
248 281
249 187
249 188
249 191
249 192
249 202
249 235
249 243
249 280
250 187
250 191
250 198
250 202
250 235
250 243
250 268
251 171
251 191
251 197
251 202
251 235
251 242
251 267
251 268
251 276
251 309
252 190
252 197
252 201
252 234
252 241
253 190
253 197
253 201
253 234
253 240
253 241
253 265
253 271
254 171
254 190
254 197
254 201
254 233
254 239
254 240
255 171
255 172
255 190
255 197
255 201
255 233
255 239
255 263
255 268
255 269
256 172
256 190
256 197
256 201
256 232
256 233
256 238
257 189
257 196
257 201
257 232
257 237
257 238
257 267
257 304
257 305
258 174
258 189
258 201
258 231
258 232
258 236
258 237
258 304
259 175
259 176
259 177
259 178
259 189
259 196
259 201
259 231
259 236
259 257
259 261
259 303
260 189
260 195
260 201
260 230
260 231
260 235
260 302
261 179
261 189
261 195
261 200
261 230
261 234
261 235
261 264
261 301
262 189
262 194
262 195
262 200
262 229
262 230
262 233
262 234
263 180
263 181
263 188
263 194
263 199
263 229
263 263
263 300
264 181
264 193
264 198
264 229
264 298
264 299
265 182
265 183
265 193
265 198
265 229
265 298
266 183
266 188
266 198
266 229
266 298
267 184
267 188
267 197
267 228
268 184
268 185
268 188
268 197
268 198
268 227
268 228
268 297
269 185
269 188
269 196
269 227
270 185
270 186
270 188
270 196
270 226
270 227
271 188
271 195
271 225
271 226
272 185
272 189
272 224
272 225
272 293
272 294
273 184
273 185
273 189
273 190
273 223
273 224
274 184
274 191
274 222
274 223
274 292
275 183
275 184
275 192
275 222
275 244
276 183
276 192
276 221
276 222
277 182
277 183
277 191
277 221
278 182
278 191
278 220
278 290
279 181
279 182
279 190
279 218
279 219
279 220
279 290
280 181
280 189
280 290
281 180
281 189
281 289
282 179
282 180
282 189
282 213
283 179
283 188
283 189
283 212
283 213
283 233
283 234
284 176
284 178
284 187
285 176
285 186
285 187
285 232
286 176
286 185
286 186
286 230
287 175
287 176
287 184
287 204
287 229
288 174
288 175
288 183
288 203
288 222
288 229
289 173
289 182
289 200
289 202
289 228
290 181
290 182
290 200
290 228
291 180
291 181
291 197
291 198
291 227
291 286
291 287
292 179
292 180
292 227
293 178
293 179
293 194
293 226
293 289
294 177
294 178
294 191
294 225
294 226
295 177
295 188
295 189
295 190
295 225
296 176
296 187
296 224
296 225
297 175
297 184
297 185
297 224
298 174
298 175
298 181
298 183
298 223
299 173
299 174
299 179
299 180
299 181
299 222
299 223
300 172
300 173
300 221
301 172
301 196
301 219
301 221
302 171
303 170
303 171
303 194
303 195
303 216
303 217
305 220
306 214
307 205
307 212
308 205
308 223
309 205
309 222
310 204
310 221
310 222
311 188
311 189
311 204
311 220
311 221
312 205
312 206
312 221
313 221
314 183
314 184
314 185
314 220
315 182
315 183
315 203
315 207
315 208
315 220
316 180
316 181
316 182
316 204
316 220
317 180
317 220
318 220
319 179
319 220
320 172
320 173
320 178
320 220
320 221
321 174
321 176
321 178
321 221
322 221
323 173
324 173
324 266
324 267
324 290
325 170
325 172
325 266
325 290
326 169
326 170
326 265
326 266
326 290
327 169
327 221
327 265
327 289
328 168
328 221
328 264
328 289
329 167
329 168
329 220
329 262
329 263
330 167
330 219
331 219
335 216
335 295
337 296
338 296
339 212
339 296
340 296
341 204
342 201
342 203
343 199
343 200
344 198
344 199
345 197
345 207
346 196
346 197
346 264
347 195
347 196
347 204
347 205
347 265
347 266
347 267
348 194
348 195
348 202
348 203
348 267
348 268
349 193
349 194
349 200
349 201
349 270
349 271
350 192
350 193
350 200
350 271
350 272
351 192
351 199
351 200
351 272
352 191
352 273
352 302
353 191
353 273
353 274
353 302
354 190
354 274
354 302
355 190
355 274
355 302
356 190
356 275
356 301
357 190
357 275
357 301
358 191
358 275
358 276
358 301
359 276
359 301
360 196
360 276
360 301
361 195
361 196
361 276
361 301
362 194
362 276
362 301
363 193
363 275
363 300
364 192
364 275
364 300
365 192
365 275
365 300
366 194
366 275
366 300
367 193
367 194
367 300
368 191
368 192
368 193
368 194
368 300
369 191
369 259
369 299
370 259
370 265
370 299
371 260
371 265
371 299
372 257
372 260
372 266
372 299
373 232
373 240
373 241
373 256
373 260
373 267
373 298
374 231
374 232
374 257
374 267
374 298
375 232
375 233
375 244
375 257
375 267
375 268
375 298
376 233
376 234
376 250
376 258
376 298
377 251
377 263
377 270
377 272
377 297
377 298
378 252
378 256
378 258
378 263
378 297
379 252
379 256
379 259
379 263
379 264
379 297
380 255
380 256
380 260
380 261
380 296
381 256
381 296
382 296
383 295
384 295
385 294
386 293
386 294
387 293
388 292
