216 182 57 135
206 174
207 174
208 174
209 174
210 174
211 174
211 175
212 176
213 177
214 177
214 178
215 179
215 180
216 181
217 183
217 204
217 205
217 206
217 207
217 208
218 183
218 193
218 194
218 203
218 206
218 209
218 225
218 226
218 227
219 184
219 185
219 191
219 192
219 195
219 196
219 210
220 185
220 189
220 197
220 198
220 199
220 200
220 201
220 202
220 211
220 213
220 214
220 215
220 216
220 217
220 218
220 219
220 220
220 232
220 233
221 212
221 230
221 231
222 186
222 187
222 229
222 314
223 187
223 227
223 242
223 313
224 187
224 223
224 226
224 240
224 241
224 312
225 221
225 222
225 239
226 188
226 219
226 220
226 232
226 236
226 238
226 310
226 317
227 189
227 217
227 237
227 238
227 316
228 189
228 215
228 216
228 238
228 315
229 214
229 215
229 309
229 310
229 311
229 312
229 314
230 213
230 214
230 308
231 212
231 213
231 309
232 191
232 210
232 235
232 236
232 300
232 301
232 302
232 308
233 191
233 209
233 236
233 297
233 298
233 299
233 303
233 304
233 305
233 306
233 307
233 308
234 191
234 208
234 236
234 296
234 303
234 304
235 191
235 207
235 236
235 294
235 295
235 303
236 191
236 206
236 235
236 294
236 302
236 303
237 186
237 187
237 191
237 205
237 206
237 235
237 238
237 292
237 293
237 302
238 187
238 191
238 204
238 235
238 238
238 291
238 292
239 185
239 186
239 191
239 235
239 239
240 185
240 191
240 238
241 184
241 185
241 191
241 202
241 238
241 249
242 183
242 184
242 190
242 202
242 238
242 248
243 182
243 190
243 201
243 202
243 237
243 247
244 191
244 201
244 237
244 246
244 290
245 192
245 201
245 237
245 246
245 285
245 286
245 287
245 288
245 289
246 192
246 193
246 200
246 237
246 245
246 283
246 284
247 192
247 200
247 236
247 244
247 245
247 272
247 273
247 283
248 186
248 187
248 192
248 201
248 236
248 244
248 271
248 272
248 280
248 281
249 187
249 188
249 191
249 192
249 202
249 235
249 243
249 269
249 270
249 279
249 280
250 187
250 191
250 198
250 202
250 235
250 243
250 268
250 269
250 277
250 278
250 279
251 191
251 197
251 202
251 235
251 242
251 267
251 268
251 275
251 276
251 277
251 309
252 190
252 197
252 201
252 234
252 241
252 273
252 274
253 190
253 197
253 201
253 234
253 240
253 241
253 265
253 271
254 190
254 197
254 201
254 233
254 239
254 240
255 190
255 197
255 201
255 233
255 239
255 263
255 268
255 269
256 190
256 197
256 201
256 232
256 233
256 238
257 189
257 196
257 201
257 232
257 237
257 238
257 267
257 304
257 305
258 174
258 189
258 201
258 231
258 232
258 236
258 237
258 304
259 175
259 176
259 177
259 178
259 189
259 196
259 201
259 231
259 236
259 257
259 261
259 303
260 179
260 189
260 195
260 201
260 230
260 231
260 235
260 302
261 179
261 189
261 195
261 200
261 230
261 234
261 235
261 301
262 189
262 194
262 195
262 200
262 229
262 230
262 233
262 234
263 180
263 181
263 188
263 194
263 199
263 229
263 300
264 181
264 193
264 198
264 229
264 298
264 299
265 182
265 183
265 193
265 229
265 298
266 183
266 188
266 198
266 229
266 298
267 184
267 188
267 197
267 228
268 184
268 185
268 188
268 197
268 198
268 227
268 228
268 297
269 185
269 196
269 227
270 185
270 186
270 196
270 226
270 227
271 195
271 225
271 226
272 185
272 224
272 225
272 293
272 294
273 184
273 185
273 223
273 224
274 184
274 223
274 292
275 183
275 184
275 244
276 183
277 182
277 183
278 182
278 290
279 181
279 182
279 290
280 181
280 290
281 180
281 289
282 179
282 180
283 179
284 178
