354 195 141 47
360 196
361 195
361 196
362 194
363 193
364 192
365 192
459 231
459 232
459 233
459 234
460 235
460 238
462 228
462 229
463 226
463 228
463 229
464 229
465 209
465 229
466 207
466 208
468 207
468 229
469 207
469 224
469 229
470 208
470 224
470 229
470 233
471 171
471 172
471 224
471 229
471 233
472 223
472 224
472 228
472 233
473 204
473 223
473 227
473 228
473 233
474 204
474 223
474 228
474 233
475 204
475 223
475 232
475 238
476 203
476 209
476 222
476 227
476 232
476 235
476 237
477 203
477 209
477 212
477 227
477 232
478 203
478 208
478 212
478 227
478 232
479 202
479 208
479 212
479 226
479 231
480 202
480 207
480 211
480 221
480 226
480 231
481 202
481 207
481 211
481 221
481 226
481 231
482 202
482 207
482 221
482 226
482 231
483 201
483 221
483 226
483 230
483 231
484 201
484 221
484 226
484 230
485 201
485 221
485 225
485 230
486 200
486 209
486 221
486 229
487 201
487 209
487 221
487 228
487 229
488 201
488 202
488 222
488 228
489 200
489 201
489 208
489 222
490 200
490 220
491 177
491 205
