366 169 90 127
366 194
367 193
368 191
368 192
368 194
369 191
370 190
371 189
371 190
372 188
372 189
373 232
373 240
373 241
374 231
374 232
374 242
375 232
375 233
375 243
375 245
376 233
376 234
376 245
376 246
376 247
376 248
376 269
377 234
377 235
378 235
378 236
378 270
378 271
378 272
379 236
379 237
379 238
380 239
380 240
380 262
380 263
381 241
381 242
381 243
381 244
381 257
381 261
382 244
382 245
382 246
382 247
382 248
382 256
382 262
383 249
383 250
383 251
383 252
383 253
383 254
383 255
384 253
385 254
433 258
434 258
434 262
435 258
435 262
436 258
436 262
436 293
436 294
437 258
438 258
438 262
438 284
438 285
439 286
439 287
439 288
439 289
440 261
440 279
440 280
440 281
441 258
441 261
441 279
442 258
442 277
442 278
443 275
443 276
443 277
444 257
445 257
445 272
445 273
446 257
446 269
446 270
446 271
447 268
448 257
449 257
449 260
449 263
449 264
449 265
449 266
450 260
450 261
450 262
450 263
452 256
452 267
452 268
453 255
453 256
453 265
453 266
453 267
454 254
454 255
454 261
454 265
455 253
455 254
455 261
455 265
456 252
456 260
457 251
457 259
458 250
459 249
