211 305 99 47
212 332
212 333
212 334
212 335
212 336
212 337
212 338
212 339
212 340
213 329
213 330
213 331
213 341
213 342
213 343
213 344
213 345
213 346
213 347
213 348
214 327
215 323
216 321
216 322
216 334
216 335
216 336
216 337
216 338
216 343
216 344
217 319
217 320
217 330
217 332
217 333
217 339
217 340
217 341
217 347
217 348
219 326
220 324
221 321
221 322
222 314
223 320
224 312
224 319
225 311
225 319
226 310
226 317
226 318
227 316
228 315
229 309
229 310
229 313
230 308
231 309
232 308
233 303
233 306
233 308
234 303
236 302
237 302
252 308
252 309
253 307
253 308
254 307
255 306
256 305
257 304
257 305
258 304
259 303
262 300
262 301
263 299
263 300
263 346
263 347
264 344
264 345
265 343
265 344
267 297
268 296
269 295
269 296
270 295
271 294
271 327
271 328
271 329
272 326
272 327
273 293
274 323
274 324
275 292
275 314
275 315
275 322
275 323
276 291
276 313
276 314
276 321
277 291
277 313
277 320
278 313
278 319
278 320
279 312
279 313
279 319
280 289
280 312
280 318
281 311
281 317
281 318
282 310
282 311
282 317
283 309
283 310
283 316
284 308
284 309
284 315
284 316
285 308
286 307
286 308
286 314
287 307
287 313
288 306
288 307
288 312
289 306
289 312
290 305
290 311
291 304
291 305
291 310
292 304
293 303
294 303
294 309
295 302
295 307
295 308
296 302
296 307
297 302
297 306
298 301
298 306
298 307
299 301
299 307
300 300
301 300
302 299
303 299
303 304
303 305
304 299
304 304
305 298
305 299
305 304
306 298
306 303
307 298
307 303
308 298
308 303
309 303
310 302
311 302
312 301
313 301
314 301
315 300
316 300
317 300
318 300
319 299
320 299
321 299
322 299
323 298
324 298
325 297
326 297
327 297
328 297
329 297
330 297
331 296
332 296
333 296
334 295
335 295
