17 194 113 154
21 253
21 254
24 223
24 249
25 250
26 254
27 254
27 255
28 255
28 256
29 256
30 256
31 256
32 256
38 228
39 228
40 229
41 229
41 230
41 266
41 267
42 230
42 231
42 247
42 248
42 249
42 267
43 232
43 246
43 247
44 217
44 218
44 246
44 269
44 270
45 246
45 271
47 208
47 235
47 236
48 202
48 203
48 204
48 205
48 230
48 234
48 237
48 238
48 239
48 240
48 241
48 242
48 243
48 248
48 249
49 200
49 201
49 202
49 233
49 249
49 250
50 195
50 196
50 197
50 198
50 199
50 250
50 277
50 278
51 191
51 192
51 193
51 194
51 248
51 250
51 251
51 278
51 279
52 239
52 240
52 241
52 243
52 244
52 251
52 252
52 279
53 253
53 254
53 279
54 253
56 253
57 253
58 247
58 254
59 248
59 254
59 255
60 248
60 256
61 248
61 257
62 248
63 247
64 247
64 249
64 250
65 249
65 250
66 250
68 249
69 249
70 249
70 291
71 246
71 291
71 292
72 247
72 292
73 247
73 293
74 247
74 291
74 292
74 293
74 294
75 295
75 296
76 247
77 247
78 248
79 248
79 249
80 249
81 249
82 250
83 250
84 249
84 250
85 247
85 250
86 247
86 251
87 247
87 251
87 252
88 248
88 253
88 254
89 249
89 254
90 249
90 258
91 249
91 258
92 225
92 226
92 227
92 228
92 249
92 259
93 221
93 222
93 223
93 224
93 229
93 230
93 259
94 217
94 218
94 219
94 220
94 231
94 232
94 233
94 234
94 259
95 214
95 215
95 216
95 234
95 235
95 236
95 259
96 212
96 213
96 214
96 236
96 237
96 259
97 210
97 211
97 238
97 239
97 260
98 206
98 207
98 208
98 209
98 239
98 240
98 260
99 204
99 205
99 240
99 241
99 261
100 203
100 241
100 261
100 266
101 197
101 198
101 199
101 201
101 202
101 224
101 225
101 261
101 266
102 196
102 198
102 219
102 220
102 221
102 222
102 223
102 226
102 227
102 228
102 229
102 261
102 266
102 283
103 197
103 198
103 217
103 218
103 230
103 231
103 232
103 233
103 234
103 235
103 236
103 261
103 266
103 283
104 197
104 198
104 214
104 215
104 216
104 261
104 266
105 197
105 198
105 212
105 213
105 261
105 266
106 199
106 210
106 211
106 261
106 266
106 276
107 200
107 201
107 202
107 203
107 204
107 205
107 206
107 207
107 208
107 209
107 262
107 266
107 274
107 275
108 262
108 266
108 274
109 230
109 262
109 266
109 274
110 228
110 232
110 233
110 235
110 262
110 266
110 273
111 214
111 216
111 233
111 234
111 262
111 273
112 210
112 234
112 262
112 273
113 235
113 262
113 272
114 208
114 209
114 262
114 272
115 207
115 262
115 272
116 262
116 272
117 262
117 272
118 262
118 272
119 205
119 238
119 239
119 262
119 272
120 205
120 206
120 263
120 272
121 207
121 209
121 263
122 209
122 263
122 264
123 264
123 265
124 265
125 266
125 267
126 267
126 268
127 269
128 269
