165 47 224 305
137 63
138 63
139 63
140 63
141 63
142 63
143 63
144 63
145 63
146 63
147 63
148 63
149 63
150 63
151 63
152 64
152 151
153 64
153 151
154 64
154 151
155 63
155 151
156 63
156 151
157 64
157 152
158 64
158 152
159 64
159 152
160 53
160 64
160 152
161 53
161 64
161 152
162 53
162 64
162 152
163 53
163 64
163 152
164 53
164 64
165 53
165 64
165 153
166 53
166 64
167 53
167 64
168 53
168 63
168 212
169 53
169 63
169 202
170 53
170 63
170 169
170 290
170 291
171 53
171 63
171 168
171 292
172 53
172 64
172 168
172 169
172 191
172 192
172 193
172 296
172 297
173 53
173 64
173 169
173 170
173 298
174 53
174 64
174 170
174 171
175 53
175 64
176 53
176 64
176 201
176 202
176 203
176 204
176 205
176 206
176 207
177 54
177 64
177 193
177 194
177 195
177 196
178 54
178 64
178 191
178 192
179 54
179 64
180 54
180 64
181 54
181 64
181 205
182 54
182 64
182 205
183 54
183 64
184 54
184 65
184 205
185 53
185 65
185 205
186 53
186 65
186 205
187 53
187 65
188 53
188 66
188 206
189 53
189 65
189 206
190 53
190 65
190 158
190 206
191 53
191 65
191 159
191 207
192 53
192 65
192 160
192 271
193 54
193 65
193 160
194 54
194 65
194 161
194 232
194 233
195 54
195 66
195 161
195 162
195 232
196 54
196 66
196 162
196 163
196 172
196 207
196 231
196 232
196 267
196 268
197 54
197 66
197 163
197 164
197 172
197 173
197 207
197 266
197 267
198 54
198 66
198 164
198 173
198 230
198 265
198 266
199 54
199 66
199 165
199 173
199 229
199 230
199 264
199 265
200 54
200 66
200 166
200 173
200 228
200 263
200 264
201 54
201 66
201 167
201 173
201 177
201 178
201 179
201 180
201 181
201 229
201 262
201 263
202 54
202 66
202 168
202 174
202 177
202 229
202 261
202 262
203 55
203 66
203 168
203 169
203 175
203 176
203 177
203 229
203 260
203 261
204 55
204 66
204 169
204 170
204 175
204 229
204 258
204 259
205 55
205 66
205 170
205 226
205 232
205 257
205 258
206 55
206 66
206 174
206 225
206 226
206 229
206 255
206 256
206 257
207 55
207 66
207 174
207 225
207 226
207 254
207 255
208 55
208 66
208 174
208 225
208 226
208 252
208 253
209 55
209 66
209 171
209 172
209 174
209 225
209 251
209 252
210 55
210 66
210 174
210 224
210 249
210 250
210 251
210 257
210 258
211 55
211 66
211 174
211 175
211 223
211 248
211 249
212 55
212 66
212 163
212 222
212 246
212 247
212 332
212 333
212 334
212 335
212 336
212 337
212 338
212 339
212 340
213 55
213 66
213 177
213 222
213 244
213 245
213 329
213 330
213 331
213 341
213 342
213 343
213 344
213 345
213 346
213 347
213 348
214 56
214 66
214 161
214 177
214 178
214 220
214 221
214 242
214 243
214 268
214 327
215 56
215 66
215 159
215 161
215 179
215 180
215 220
215 241
215 267
215 323
216 56
216 66
216 165
216 180
216 219
216 238
216 239
216 321
216 322
216 334
216 335
216 336
216 337
216 338
216 343
216 344
217 56
217 66
217 182
217 204
217 205
217 206
217 207
217 208
217 234
217 235
217 236
217 319
217 320
217 330
217 332
217 333
217 339
217 340
217 341
217 346
217 347
217 348
218 56
218 65
218 183
218 184
218 193
218 194
218 203
218 206
218 209
218 225
218 226
218 227
219 56
219 66
219 155
219 162
219 185
219 191
219 192
219 195
219 196
219 210
220 66
220 153
220 154
220 186
220 190
220 197
220 198
220 199
220 200
220 201
220 202
220 211
220 213
220 214
220 215
220 216
220 217
220 218
220 219
220 220
220 232
220 233
220 234
220 324
221 67
221 151
221 152
221 186
221 212
221 230
221 231
221 321
222 67
222 229
222 230
222 314
223 67
223 148
223 227
223 313
224 67
224 146
224 147
224 223
224 224
224 225
224 226
224 312
225 67
225 144
225 145
225 151
225 188
225 221
225 222
225 223
225 311
225 319
226 67
226 144
226 152
226 219
226 220
226 310
226 317
226 318
227 66
227 217
227 316
228 215
228 216
228 315
229 190
229 214
229 215
229 309
229 310
230 66
230 190
230 213
230 214
230 308
231 66
231 190
231 212
231 213
231 309
232 56
232 191
232 210
232 300
232 301
232 302
232 308
233 138
233 191
233 209
233 297
233 298
233 299
233 303
233 306
233 307
233 308
234 137
234 191
234 208
234 296
234 303
234 304
235 56
235 136
235 191
235 207
235 294
235 303
236 56
236 135
236 154
236 191
236 206
236 294
236 302
236 303
237 144
237 154
237 155
237 186
237 187
237 205
237 206
237 292
237 302
238 56
238 144
238 155
238 156
238 187
238 204
238 291
238 292
239 56
239 157
239 158
239 185
239 186
239 191
240 159
240 160
240 161
240 185
240 191
241 146
241 161
241 162
241 163
241 184
241 202
242 56
242 146
242 164
242 184
242 190
242 202
243 56
243 165
243 166
243 182
243 190
243 201
243 202
244 122
244 146
244 166
244 167
244 168
244 179
244 180
244 191
244 201
244 290
245 118
245 119
245 120
245 121
245 168
245 178
245 192
245 201
245 285
245 286
245 287
245 288
245 289
246 67
246 115
246 116
246 117
246 169
246 176
246 192
246 193
246 200
246 283
246 284
247 57
247 113
247 114
247 170
247 171
247 192
247 200
247 272
247 273
247 283
248 110
248 111
248 112
248 152
248 153
248 172
248 186
248 187
248 192
248 201
248 271
248 272
248 280
248 281
249 107
249 108
249 109
249 154
249 155
249 156
249 187
249 188
249 191
249 192
249 202
249 269
249 270
249 279
249 280
250 105
250 106
250 107
250 157
250 158
250 159
250 160
250 187
250 191
250 202
250 268
250 269
250 277
250 278
250 279
251 103
251 104
251 131
251 161
251 162
251 163
251 164
251 171
251 191
251 202
251 267
251 268
251 275
251 276
251 277
251 309
252 101
252 102
252 132
252 164
252 165
252 166
252 190
252 201
252 266
252 267
252 273
252 274
253 100
253 101
253 190
253 201
253 265
253 271
254 99
254 171
254 190
254 201
254 264
254 270
255 97
255 98
255 171
255 172
255 190
255 197
255 201
255 263
255 268
255 269
256 96
256 97
256 172
256 173
256 190
256 197
256 201
256 262
257 94
257 95
257 173
257 189
257 196
257 201
257 267
257 304
257 305
258 93
258 94
258 174
258 189
258 201
258 258
258 259
258 260
258 261
258 304
259 91
259 92
259 175
259 176
259 177
259 178
259 189
259 196
259 201
259 257
259 261
259 303
260 90
260 91
260 179
260 189
260 201
260 231
260 256
260 262
260 302
261 89
261 90
261 179
261 189
261 200
261 230
261 255
261 301
262 88
262 89
262 189
262 195
262 200
262 229
262 253
262 254
262 263
263 87
263 88
263 180
263 181
263 188
263 194
263 199
263 229
263 253
263 300
263 346
263 347
264 86
264 87
264 181
264 193
264 198
264 252
264 263
264 298
264 299
264 344
264 345
265 85
265 86
265 182
265 183
265 193
265 250
265 251
265 298
265 343
265 344
266 85
266 183
266 188
266 198
266 249
266 250
266 251
266 298
267 84
267 184
267 188
267 248
268 184
268 185
268 188
268 198
268 246
268 247
268 248
268 259
268 260
268 297
269 185
269 188
269 244
269 245
269 256
269 257
269 258
270 185
270 186
270 188
270 243
270 244
270 254
270 255
271 188
271 195
271 241
271 242
271 253
271 254
271 328
272 185
272 189
272 240
272 251
272 252
272 293
272 294
273 184
273 185
273 189
273 190
273 238
273 249
273 250
273 251
274 184
274 191
274 236
274 237
274 246
274 247
274 248
274 249
274 292
275 183
275 184
275 192
275 234
275 235
275 243
275 245
275 315
276 183
276 192
276 221
276 234
276 240
276 241
276 242
276 243
276 313
277 182
277 183
277 191
277 240
277 313
278 89
278 92
278 182
278 191
278 220
278 240
278 290
278 313
279 91
279 92
279 181
279 182
279 190
279 220
279 234
279 235
279 236
279 237
279 239
279 240
279 290
279 312
280 92
280 181
280 189
280 216
280 217
280 218
280 234
280 238
280 239
280 290
281 88
281 189
281 214
281 215
281 234
281 289
282 179
282 180
282 189
282 213
282 214
282 228
282 234
283 179
283 188
283 189
283 212
283 213
283 225
283 226
283 228
283 233
283 234
284 176
284 187
284 225
284 226
284 227
284 232
284 233
285 76
285 91
285 176
285 186
285 187
285 231
286 76
286 92
286 93
286 94
286 95
286 101
286 185
286 186
287 75
287 96
287 102
287 103
287 175
287 176
287 184
287 204
288 96
288 97
288 104
288 136
288 174
288 175
288 183
288 203
288 222
289 97
289 105
289 173
289 182
289 200
289 202
290 53
290 97
290 181
290 182
290 200
290 228
291 51
291 52
291 53
291 180
291 181
291 197
291 198
291 286
291 287
292 42
292 43
292 44
292 45
292 46
292 47
292 48
292 49
292 50
292 179
292 180
292 227
293 34
293 35
293 36
293 37
293 38
293 39
293 40
293 41
293 178
293 179
293 194
293 226
293 289
294 26
294 27
294 28
294 29
294 30
294 31
294 32
294 33
294 34
294 168
294 177
294 178
294 191
294 225
295 23
295 24
295 25
295 73
295 167
295 177
295 188
295 189
295 190
295 225
296 22
296 176
296 187
296 224
296 225
297 74
297 165
297 175
297 184
297 185
297 224
298 75
298 101
298 137
298 174
298 175
298 181
298 183
298 223
299 75
299 137
299 173
299 174
299 179
299 180
299 181
299 222
299 223
300 76
300 100
300 138
300 172
300 173
300 221
301 98
301 99
301 138
301 139
301 172
301 196
301 219
301 221
302 88
302 89
302 90
302 91
302 92
302 93
302 94
302 95
302 96
302 97
302 98
302 139
302 140
302 171
303 141
303 142
303 170
303 171
303 194
303 195
303 216
303 217
304 142
304 143
304 170
305 170
305 220
306 169
306 214
307 168
307 169
307 205
307 212
308 75
308 168
308 205
308 223
309 74
309 75
309 167
309 205
309 222
310 73
310 74
310 167
310 204
310 221
310 222
311 72
311 73
311 166
311 188
311 189
311 204
311 220
311 221
312 71
312 72
312 166
312 205
312 206
312 221
313 70
313 71
313 165
313 221
314 70
314 164
314 165
314 183
314 184
314 185
314 220
315 69
315 164
315 182
315 183
315 203
315 207
315 208
315 220
316 67
316 68
316 180
316 181
316 182
316 204
316 220
317 66
317 67
317 180
317 220
318 65
318 220
319 64
319 179
319 220
320 63
320 172
320 173
320 178
320 220
320 221
321 62
321 174
321 176
321 178
321 221
322 61
322 221
323 60
323 61
323 173
324 59
324 60
324 154
324 163
324 173
325 58
325 66
325 153
325 163
325 170
325 172
326 56
326 57
326 152
326 153
326 163
326 169
326 170
327 54
327 55
327 151
327 152
327 169
327 221
328 150
328 168
328 221
329 149
329 154
329 167
329 168
329 220
330 149
330 154
330 161
330 167
330 219
331 148
331 154
331 160
331 167
331 219
332 155
332 159
332 166
333 165
333 166
334 164
335 162
335 163
335 216
336 160
336 161
336 162
337 143
337 157
337 159
337 160
338 142
338 156
338 157
339 53
339 141
339 154
339 155
339 212
340 54
340 55
340 152
340 153
340 154
341 138
341 150
341 151
341 152
341 204
342 137
342 148
342 149
342 150
342 201
342 203
343 89
343 135
343 136
343 137
343 138
343 147
343 148
343 199
343 200
344 146
344 198
344 199
345 84
345 125
345 139
345 140
345 142
345 143
345 197
345 207
346 59
346 112
346 196
346 197
347 61
347 127
347 195
347 196
347 204
347 205
348 61
348 62
348 194
348 195
348 202
348 203
348 327
349 129
349 193
349 194
349 200
349 201
349 325
349 326
349 327
350 64
350 130
350 192
350 193
350 200
351 115
351 192
351 199
351 200
352 92
352 106
352 125
352 191
352 323
352 324
353 66
353 91
353 107
353 123
353 124
353 125
353 191
353 324
353 325
354 108
354 190
354 326
355 109
355 120
355 121
355 190
355 327
356 120
356 190
357 99
357 119
357 190
358 99
358 118
358 119
358 191
359 98
359 117
359 118
360 97
360 115
360 116
360 196
361 96
361 97
361 114
361 195
361 196
362 95
362 96
362 113
362 114
362 194
363 95
363 112
363 113
363 193
364 94
364 112
364 192
365 93
365 94
365 110
365 111
365 192
366 93
366 110
366 194
367 92
367 93
367 108
367 109
367 193
367 194
368 92
368 108
368 191
368 192
368 193
368 194
369 91
369 107
369 191
370 90
370 107
371 90
371 105
371 106
372 90
372 105
373 90
373 104
373 232
374 91
374 92
374 104
374 231
374 232
375 92
375 232
375 233
375 244
376 233
376 234
378 263
379 263
379 264
380 260
380 261
381 256
384 53
384 54
385 52
385 53
386 51
386 52
387 50
