44 243 68 45
32 256
41 266
41 267
42 267
44 269
44 270
45 271
48 241
48 242
48 243
48 248
48 249
49 249
49 250
50 250
51 248
51 250
51 251
52 239
52 240
52 241
52 243
52 244
52 251
52 252
53 253
53 254
54 253
56 253
57 253
58 247
58 254
59 248
59 254
59 255
60 248
60 256
61 248
61 257
62 248
63 247
64 247
64 249
64 250
65 249
65 250
66 250
68 249
69 249
70 249
71 246
72 247
73 247
74 247
76 247
77 247
78 248
79 248
79 249
80 249
81 249
82 250
83 250
84 249
84 250
85 247
85 250
86 247
86 251
87 247
87 251
87 252
88 248
88 253
88 254
89 249
89 254
90 249
91 249
92 249
100 266
101 266
102 266
103 266
104 266
105 266
106 266
106 276
107 266
107 274
107 275
108 266
108 274
109 266
109 274
110 266
110 273
111 273
112 273
113 272
114 272
115 272
116 272
117 272
118 272
119 272
120 272
