325 135 81 131
322 162
323 162
323 163
324 163
325 163
326 163
327 221
328 150
328 221
329 150
329 154
329 220
330 154
330 161
331 154
331 167
332 147
332 148
332 154
332 155
332 156
332 157
332 158
332 159
332 166
332 217
332 218
333 146
333 147
333 165
333 166
333 217
334 145
334 146
334 164
334 217
335 144
335 145
335 162
335 163
336 143
336 144
336 160
336 161
336 215
336 216
337 142
337 157
337 158
337 159
337 160
337 214
337 215
338 142
338 157
338 213
338 214
339 141
339 213
340 152
340 154
340 211
340 212
341 138
341 152
341 205
341 206
341 207
341 208
341 209
341 210
341 211
342 137
342 148
342 150
342 202
343 135
343 136
343 137
343 138
343 148
344 127
344 128
344 129
344 130
344 131
344 132
344 133
344 134
344 144
344 145
344 146
345 139
345 140
345 141
345 142
345 143
345 144
346 206
348 195
348 202
349 194
350 192
350 193
350 200
351 192
351 199
351 200
353 191
354 190
357 190
358 191
361 195
362 194
363 193
364 192
365 192
366 194
367 193
368 191
368 192
368 194
369 191
374 232
374 242
375 243
375 245
376 245
376 246
376 247
376 248
377 234
377 235
378 235
378 236
378 263
379 236
379 237
379 238
379 263
379 264
380 239
380 240
380 260
380 261
380 262
380 263
381 241
381 242
381 243
381 244
381 256
381 257
381 261
382 244
382 245
382 246
382 247
382 248
382 256
382 262
383 249
383 250
383 251
383 252
383 253
383 254
383 255
384 253
385 254
