214 130 37 107
206 174
207 174
208 174
209 174
210 174
211 174
211 175
213 177
214 177
214 178
215 179
215 180
216 180
217 182
217 204
217 205
217 206
217 207
217 208
218 183
218 184
218 193
218 194
218 203
218 206
218 209
218 225
218 226
218 227
219 162
219 185
219 191
219 192
219 195
219 196
219 210
219 221
219 222
219 223
219 224
220 186
220 190
220 197
220 198
220 199
220 200
220 201
220 202
220 211
220 213
220 214
220 215
220 216
220 217
220 218
220 219
220 220
220 232
220 233
220 234
221 186
221 212
221 232
222 158
222 230
223 148
223 228
224 146
224 147
224 155
224 224
224 225
225 144
225 145
225 151
225 153
225 188
225 223
226 144
226 152
227 218
229 190
230 190
231 190
232 211
233 138
233 210
234 137
234 209
235 136
235 208
236 135
236 207
237 191
238 186
238 191
238 205
239 185
239 204
240 185
240 203
241 184
241 185
241 191
241 203
242 146
242 183
243 146
243 165
243 181
244 122
244 123
244 124
244 125
244 126
244 127
244 128
244 129
244 130
244 131
244 132
244 133
244 134
244 135
244 146
244 147
244 148
245 118
245 119
245 120
245 121
245 136
245 137
245 138
245 139
245 140
245 141
245 142
245 143
245 144
245 145
245 179
246 115
246 116
246 117
246 169
246 177
247 113
247 114
247 174
247 175
247 176
248 110
248 111
248 112
248 172
248 186
248 187
249 107
249 108
249 109
249 187
249 188
250 105
250 106
250 107
250 135
250 136
250 137
250 138
250 139
250 140
250 187
250 198
251 103
251 104
251 197
252 101
252 102
252 190
252 197
253 100
253 101
253 190
253 197
254 99
254 190
254 197
255 97
255 98
255 190
256 96
256 97
256 190
257 94
257 95
257 189
258 93
258 94
258 189
259 91
259 92
259 189
260 90
260 91
260 189
261 89
261 90
261 189
262 88
262 89
262 189
263 88
263 188
264 86
264 87
264 188
