468 140 19 45
466 147
466 151
466 152
466 153
467 154
467 158
467 159
467 160
467 161
468 148
468 155
468 156
468 157
468 162
468 163
468 164
468 165
469 148
469 166
469 167
469 168
470 169
472 147
473 147
473 174
475 146
476 146
477 146
478 145
478 150
479 145
479 149
480 144
480 149
481 144
481 148
481 170
482 143
482 170
483 112
483 143
484 110
484 111
484 113
484 114
484 142
485 115
485 116
485 117
485 118
485 142
486 119
486 120
486 121
486 122
486 123
486 142
487 123
487 124
487 125
487 126
487 127
487 128
487 129
487 142
488 130
488 131
488 132
488 133
488 134
488 135
