88 232 253 120
62 279
63 279
64 280
65 280
66 280
67 280
68 280
69 280
70 280
71 280
72 280
73 280
74 280
75 280
76 280
77 281
78 281
79 281
80 281
81 281
82 281
83 281
84 281
85 281
86 281
87 253
87 281
88 253
88 254
88 281
89 249
89 254
89 257
89 258
89 281
90 249
90 258
90 281
91 249
91 258
91 281
92 249
92 259
92 281
93 259
93 282
94 259
94 282
95 259
95 282
96 259
96 282
97 260
97 283
98 260
98 283
99 261
99 283
100 241
100 261
100 266
100 283
101 261
101 266
101 283
102 261
102 266
102 283
103 261
103 266
103 283
103 284
104 261
104 266
104 284
105 261
105 266
105 285
106 261
106 266
106 276
106 285
106 286
107 262
107 266
107 274
107 275
107 286
108 262
108 266
108 274
108 286
109 229
109 230
109 231
109 262
109 266
109 274
109 287
110 227
110 232
110 233
110 235
110 262
110 266
110 273
110 287
111 233
111 234
111 262
111 273
111 287
112 234
112 262
112 273
112 288
113 235
113 262
113 272
113 288
114 262
114 272
114 288
115 262
115 272
115 289
116 262
116 272
116 289
117 235
117 236
117 262
117 272
117 288
118 228
118 229
118 230
118 231
118 232
118 233
118 234
118 237
118 262
118 272
118 288
119 221
119 222
119 223
119 224
119 225
119 226
119 227
119 238
119 239
119 262
119 272
119 288
120 263
120 272
120 288
121 263
121 272
121 288
122 263
122 264
122 272
122 273
122 288
123 264
123 265
123 273
123 288
124 265
124 273
124 288
125 266
125 267
125 273
125 288
126 267
126 268
126 272
126 288
127 269
127 272
127 288
128 269
128 273
128 288
129 273
129 288
130 273
130 274
130 288
131 274
131 288
132 274
132 288
133 274
133 288
134 288
135 275
135 288
136 276
136 289
137 276
137 289
138 276
138 289
139 276
139 289
140 276
141 276
141 288
142 276
142 288
143 276
143 289
144 276
144 289
145 277
145 289
146 277
146 289
147 277
147 289
148 277
148 289
149 277
149 289
150 277
150 288
151 278
151 288
152 279
152 287
153 279
153 281
153 285
153 286
154 278
154 282
154 283
154 284
155 278
156 278
157 278
158 278
159 278
160 278
161 278
162 278
163 278
164 278
165 278
166 278
167 278
168 278
169 278
169 285
170 278
170 290
170 291
171 278
171 292
172 278
172 296
172 297
173 277
173 278
173 280
173 281
173 298
174 277
174 281
175 276
175 282
176 276
176 282
177 276
177 282
178 276
178 282
179 276
179 282
180 276
180 283
181 275
181 283
182 275
182 283
183 275
183 283
184 275
184 283
185 274
185 283
186 274
186 283
187 273
187 282
188 273
188 282
189 272
189 282
190 272
190 281
191 236
191 271
191 272
191 281
192 235
192 236
192 270
192 281
193 234
193 235
193 270
193 274
193 280
194 232
194 233
194 234
194 269
194 274
194 280
195 232
195 268
195 274
195 280
196 231
196 232
196 273
196 279
197 231
197 272
197 279
198 230
198 231
198 272
198 278
199 229
199 230
199 272
199 278
200 228
200 277
201 229
201 276
202 229
202 275
202 276
203 229
203 275
204 229
204 274
205 229
205 230
205 231
205 274
206 229
206 255
206 256
206 273
207 272
207 273
208 272
209 251
209 271
210 249
210 259
210 260
210 261
210 262
210 271
211 257
211 260
211 261
211 270
212 246
212 269
212 332
212 333
212 334
212 335
212 336
212 337
212 338
212 339
212 340
213 244
213 268
213 269
213 328
213 329
213 330
213 331
213 341
213 342
213 343
213 344
213 345
213 346
213 347
213 348
214 242
214 267
214 268
214 325
214 326
214 327
215 240
215 242
215 267
215 323
215 324
215 325
216 238
216 266
216 321
216 322
216 334
216 335
216 336
216 337
216 338
216 343
216 344
216 345
217 234
217 235
217 236
217 237
217 265
217 266
217 319
217 320
217 330
217 331
217 332
217 333
217 339
217 340
217 341
217 346
217 347
217 348
218 265
218 327
218 328
218 329
219 264
219 325
219 327
220 232
220 233
220 263
220 324
221 230
221 231
221 232
221 263
221 321
221 323
222 229
222 262
222 314
222 320
223 227
223 228
223 242
223 261
223 262
223 313
224 223
224 226
224 240
224 241
224 261
225 221
225 222
225 233
225 234
225 235
225 239
225 260
225 319
226 219
226 220
226 230
226 231
226 232
226 236
226 238
226 259
226 260
227 217
227 237
227 238
227 258
227 259
228 215
228 216
228 238
228 258
229 257
229 311
229 312
229 313
229 314
230 256
230 257
231 256
232 235
232 236
232 255
233 236
233 254
233 255
233 304
233 305
233 307
234 236
234 253
234 254
234 304
235 236
235 252
235 253
235 295
235 303
236 235
236 252
236 303
237 235
237 238
237 251
237 293
238 235
238 238
238 250
238 251
239 235
239 239
239 250
240 238
240 249
241 238
241 248
241 249
242 238
242 247
242 248
243 237
243 247
244 237
244 246
245 237
245 246
246 237
246 245
247 236
247 244
247 245
247 272
247 273
247 283
248 236
248 244
248 281
249 235
249 243
249 280
250 235
250 243
250 268
251 235
251 242
251 267
251 268
251 276
251 309
252 234
252 241
253 234
253 240
253 241
253 265
253 271
253 307
253 308
254 233
254 239
254 240
254 307
255 233
255 239
255 263
255 268
255 269
255 306
256 232
256 233
256 238
256 268
256 305
257 232
257 237
257 238
257 267
257 268
257 304
257 305
258 231
258 232
258 236
258 237
258 267
258 304
259 231
259 236
259 257
259 261
259 266
259 303
260 230
260 231
260 235
260 265
260 302
261 230
261 234
261 235
261 264
261 301
262 229
262 230
262 233
262 234
262 300
262 301
263 229
263 263
263 299
263 300
263 346
263 347
264 229
264 298
264 299
264 344
264 345
265 229
265 263
265 298
265 343
265 344
266 229
266 262
266 298
267 228
267 261
267 262
267 297
268 227
268 228
268 296
268 297
269 227
269 295
269 296
270 226
270 227
270 295
271 225
271 226
271 294
271 328
272 224
272 225
272 293
272 294
273 223
273 224
273 293
274 223
274 292
275 244
275 292
275 314
275 315
276 291
276 313
276 314
277 291
277 313
278 290
278 313
279 290
279 312
279 313
280 289
280 290
280 312
280 318
281 289
281 311
281 317
281 318
282 310
282 311
282 317
283 233
283 234
283 309
283 310
283 316
284 308
284 309
284 315
284 316
285 232
285 308
286 230
286 307
286 308
286 314
287 307
287 313
288 306
288 307
288 312
289 306
289 312
290 305
290 311
291 286
291 287
291 304
291 305
291 310
292 287
292 288
292 289
292 304
293 289
293 290
293 303
294 291
294 292
294 303
294 309
295 292
295 302
295 307
295 308
296 293
296 302
296 307
297 293
297 302
297 306
298 293
298 301
298 306
298 307
299 292
299 293
299 301
299 307
300 300
301 300
302 299
303 299
303 304
303 305
304 299
304 304
305 298
305 299
305 304
306 298
306 303
307 298
307 303
308 298
308 303
309 297
309 303
310 297
310 302
311 296
311 297
311 302
312 293
312 294
312 295
312 301
313 301
314 301
315 300
316 300
317 300
318 300
319 299
320 299
321 299
322 291
322 299
323 291
323 298
324 266
324 267
324 290
324 291
324 298
325 266
325 290
325 297
326 265
326 266
326 290
326 297
327 265
327 289
327 297
328 264
328 289
328 297
329 262
329 263
329 297
330 297
331 296
332 296
332 327
333 296
333 327
334 295
334 327
335 295
335 296
335 328
336 296
336 328
337 296
337 328
338 296
338 328
339 296
339 328
340 296
340 327
341 327
