341 72 141 53
341 72
342 72
342 91
343 73
343 88
343 90
343 91
343 92
344 74
344 85
344 86
344 87
344 91
345 75
345 81
345 82
345 83
345 91
345 92
346 76
346 77
346 78
346 79
346 80
346 92
349 78
349 79
349 80
350 75
350 76
350 77
350 78
350 114
351 71
351 72
351 73
351 74
351 75
351 93
351 94
352 70
352 91
352 92
352 106
352 116
353 90
353 107
354 67
354 88
354 89
354 108
354 122
355 68
355 69
355 84
355 85
355 86
355 87
356 70
356 71
356 72
356 73
356 74
356 75
356 76
356 77
356 78
356 79
356 80
356 81
356 82
356 83
357 99
358 99
359 98
360 97
361 96
361 97
361 114
362 95
362 96
363 95
363 112
363 113
364 94
364 111
364 112
365 93
365 94
365 110
365 111
366 93
366 109
366 110
367 92
367 93
367 108
367 109
368 92
368 108
369 91
369 107
370 90
370 106
370 107
371 90
371 105
371 106
372 90
372 105
373 90
373 104
374 91
374 92
374 103
374 104
375 92
375 103
376 93
376 102
377 94
377 95
377 102
378 96
378 101
379 97
379 98
379 100
379 101
380 99
435 80
437 83
438 84
439 85
440 87
440 88
441 88
441 89
442 74
442 90
443 74
445 73
445 93
445 94
446 73
446 92
447 72
447 92
447 96
448 72
449 71
449 72
449 91
450 90
451 90
452 89
452 103
453 88
453 89
453 102
453 110
454 88
454 102
454 109
454 110
455 87
455 88
455 109
455 110
456 87
456 92
456 108
457 87
457 92
457 108
458 86
458 91
458 92
458 108
459 86
459 91
460 85
460 86
460 91
461 85
461 90
462 85
462 90
462 111
463 84
463 89
463 94
463 111
463 116
464 84
464 89
464 94
464 111
464 116
465 84
465 88
465 89
465 94
465 111
465 116
466 83
466 93
466 115
467 83
467 88
467 93
467 110
467 115
468 83
468 88
468 110
468 115
469 71
469 83
469 87
469 109
469 115
470 82
470 87
470 109
470 115
471 82
471 109
471 114
472 75
472 108
472 114
473 82
473 108
473 114
474 108
474 113
475 108
475 113
476 86
476 107
476 113
477 85
477 89
477 101
477 107
477 113
478 89
478 101
478 102
478 107
478 112
479 90
479 91
479 101
479 102
479 112
480 91
480 102
480 112
481 100
481 112
