368 42 109 227
367 194
368 193
370 190
371 189
371 190
372 90
372 188
372 189
373 90
374 91
374 92
374 232
374 242
375 92
375 243
375 245
376 93
376 245
376 246
376 247
376 248
377 94
377 95
377 234
377 235
378 96
378 235
378 236
378 263
379 97
379 236
379 237
379 238
379 263
379 264
380 239
380 240
380 260
380 261
380 262
380 263
381 241
381 242
381 243
381 244
381 256
381 257
381 261
382 244
382 245
382 246
382 247
382 248
382 256
382 262
383 249
383 250
383 251
383 252
383 253
383 254
383 255
384 253
385 254
414 34
415 33
415 34
416 33
417 32
418 31
420 59
424 64
425 64
428 69
429 70
430 70
431 71
431 73
431 74
432 75
433 258
434 77
434 258
434 262
435 80
435 258
435 262
436 258
436 262
437 83
437 258
438 84
438 258
438 262
439 85
440 40
440 41
440 87
440 88
440 261
441 41
441 64
441 88
441 89
441 258
441 261
442 42
442 74
442 90
442 258
443 43
443 49
443 74
443 92
444 43
444 257
445 73
445 95
445 257
446 93
446 96
446 257
447 72
448 72
448 257
449 71
449 257
449 260
449 263
449 264
449 265
449 266
450 50
450 260
450 261
450 262
450 263
452 89
452 256
452 267
452 268
453 54
453 88
453 89
453 102
453 255
453 256
453 265
453 266
453 267
454 88
454 254
454 255
454 261
454 265
455 88
455 253
455 254
455 261
455 265
456 57
456 92
456 252
456 260
457 57
457 58
457 243
457 244
457 245
457 246
457 247
457 248
457 251
457 259
458 58
458 60
458 241
458 242
458 250
459 231
459 232
459 233
459 234
459 238
459 240
459 249
460 235
460 238
460 248
461 247
462 111
462 228
462 229
462 246
462 247
463 89
463 111
463 226
463 228
463 246
464 111
464 229
464 245
465 88
465 111
465 209
465 244
466 115
466 148
466 150
466 207
466 243
467 68
467 110
467 115
467 148
467 149
467 242
468 115
468 148
468 207
468 229
469 71
469 109
469 115
469 148
469 207
469 224
469 229
469 242
470 109
470 115
470 148
470 208
470 224
470 229
470 233
470 241
470 242
471 109
471 148
471 170
471 171
471 172
471 224
471 229
471 233
471 241
472 75
472 82
472 108
472 147
472 223
472 224
472 228
472 233
473 108
473 147
473 173
473 174
473 204
473 223
473 227
473 228
473 233
474 113
474 204
474 223
474 228
474 233
475 108
475 113
475 146
475 204
475 223
475 232
475 238
476 107
476 113
476 146
476 203
476 222
476 232
476 235
476 237
477 113
477 146
477 203
477 209
477 232
478 145
478 203
478 208
478 232
479 112
479 145
479 202
479 231
480 112
480 144
480 202
480 207
480 231
481 144
481 202
481 207
481 231
482 143
482 202
482 207
482 231
483 143
483 201
483 230
483 231
484 142
484 201
484 230
485 142
485 201
485 230
486 142
486 200
486 229
487 228
487 229
488 228
