185 273 37 79
184 283
185 283
186 283
187 282
188 282
188 349
189 282
189 347
190 281
191 281
192 281
193 274
193 280
194 274
194 280
195 274
195 280
196 273
196 279
197 272
197 279
198 272
198 278
199 272
199 278
200 277
201 276
202 275
202 276
203 275
204 274
205 274
206 273
207 272
207 273
208 272
209 271
210 271
211 270
212 269
212 334
212 335
212 336
212 337
212 338
212 339
212 340
213 268
213 269
213 328
213 341
213 342
213 343
213 344
213 345
213 346
213 347
213 348
214 267
214 268
214 325
214 326
215 267
215 324
215 325
216 266
216 342
216 344
216 345
217 265
217 266
217 331
217 345
217 346
217 347
217 348
218 265
218 327
218 328
218 329
219 264
219 325
219 327
220 263
221 263
221 323
222 262
222 320
223 261
223 262
223 313
223 320
224 261
224 319
225 260
226 259
226 260
227 258
227 259
228 258
229 257
230 256
230 257
231 256
232 255
233 254
233 255
234 253
234 254
235 252
235 253
236 252
237 251
238 250
238 251
239 250
240 249
241 248
242 247
