255 232 64 86
256 233
257 232
258 231
258 232
258 258
258 259
258 260
258 261
259 231
260 230
260 256
260 262
261 255
262 230
262 253
262 254
263 253
264 229
264 252
265 229
265 250
265 251
266 229
266 249
266 250
266 251
267 228
267 248
268 227
268 228
268 246
268 247
268 248
268 259
268 260
269 227
269 244
269 245
269 256
269 257
269 258
270 226
270 227
270 243
270 244
270 254
270 255
271 225
271 226
271 241
271 242
271 253
271 254
272 224
272 225
272 240
272 251
272 252
273 223
273 224
273 238
273 249
273 250
273 251
274 223
274 236
274 237
274 246
274 247
274 248
274 249
275 234
275 235
275 243
275 244
275 245
275 315
276 234
276 240
276 241
276 242
276 243
276 313
277 240
277 313
278 240
278 313
279 234
279 235
279 236
279 237
279 239
279 240
279 312
280 234
280 238
280 239
281 234
282 234
283 233
284 232
284 233
285 231
285 232
286 230
291 286
291 287
293 289
