22 141 111 43
54 150
55 151
56 151
56 158
57 150
57 159
57 160
57 169
57 176
57 177
58 143
58 144
58 145
58 146
58 147
58 148
58 149
58 150
58 151
58 160
58 161
58 168
58 169
58 174
58 175
59 142
59 156
59 161
59 173
60 155
60 156
60 172
61 154
61 162
62 163
62 164
62 165
62 166
62 169
62 170
62 171
63 160
63 161
63 167
63 168
64 156
64 157
64 158
64 160
65 155
65 156
106 155
106 156
106 157
106 164
106 165
106 166
107 153
107 154
107 158
107 159
107 160
107 161
107 162
107 163
107 167
107 168
107 169
107 170
108 152
108 171
108 172
108 173
108 174
108 175
109 151
110 150
111 149
112 148
112 149
113 148
114 147
114 149
114 157
114 158
114 159
114 160
114 161
114 162
114 163
114 164
114 165
114 166
114 167
114 168
114 169
114 170
114 171
114 172
114 173
114 176
114 177
115 155
115 156
115 157
115 175
115 176
116 154
116 155
117 153
117 154
118 153
119 145
119 153
120 145
120 153
120 172
120 176
120 177
121 146
121 153
121 175
121 177
121 179
122 146
122 153
122 180
122 181
123 146
123 153
123 183
124 146
124 153
124 183
125 153
125 154
126 153
126 154
126 183
127 153
127 161
127 173
127 183
128 183
129 162
129 164
129 165
129 183
130 183
131 161
131 162
131 163
131 182
132 160
132 161
132 182
133 159
133 160
133 182
134 159
134 182
135 181
135 182
136 181
137 181
138 180
139 180
140 180
141 180
142 181
143 180
144 180
145 179
146 177
146 178
147 177
148 176
149 176
150 175
151 175
