36 237 31 37
42 247
42 248
42 249
43 246
43 247
44 216
44 217
44 218
44 246
45 218
45 219
45 220
45 221
45 246
46 222
46 223
47 223
47 224
47 225
47 226
47 227
47 228
47 235
47 236
48 228
48 229
48 230
48 234
48 237
48 238
48 239
48 240
48 241
48 242
48 243
48 248
48 249
49 231
49 232
49 233
49 249
49 250
50 233
50 250
51 248
51 250
51 251
52 239
52 240
52 241
52 243
52 244
52 251
52 252
53 253
53 254
54 253
56 253
57 253
58 247
58 254
59 248
59 254
59 255
60 248
61 248
62 248
63 247
64 247
64 249
64 250
65 249
65 250
66 250
