250 282 92 35
252 308
252 309
253 307
253 308
254 307
255 306
256 305
260 302
261 301
262 300
262 301
263 299
264 298
264 299
265 298
266 298
267 297
268 296
268 297
269 295
269 296
270 295
271 294
272 293
272 294
273 293
274 292
275 292
276 291
277 291
280 289
291 286
292 287
292 288
292 289
293 289
293 290
294 291
294 292
295 292
296 293
297 293
298 293
299 292
299 293
300 300
301 300
302 299
303 299
304 299
305 298
305 299
306 298
306 303
307 298
307 303
308 298
308 303
309 297
309 303
310 297
310 302
311 296
311 297
311 302
312 293
312 294
312 295
312 301
313 301
314 301
315 300
316 300
317 300
318 300
319 299
320 299
321 299
322 291
322 299
323 291
323 298
324 290
324 291
324 298
325 290
325 297
326 290
326 297
327 289
327 297
328 289
328 297
329 297
330 297
331 296
332 296
333 296
334 295
335 295
335 296
336 296
337 296
338 296
339 296
340 296
