242 78 53 123
232 142
233 143
234 143
235 143
236 144
236 154
237 144
237 154
237 155
238 144
238 155
238 156
239 145
239 157
239 158
240 145
240 159
240 160
240 161
241 146
241 161
241 162
241 163
242 164
243 147
243 166
243 181
244 122
244 146
244 149
244 166
244 167
244 168
244 179
244 180
245 168
245 178
245 179
246 176
246 177
247 170
247 171
247 174
247 175
247 176
248 152
248 153
248 173
249 154
249 155
249 156
249 172
250 157
250 158
250 159
250 160
250 172
251 161
251 162
251 163
252 101
252 102
252 164
252 171
253 100
253 101
253 171
254 99
255 97
255 98
256 96
256 97
256 173
257 94
257 95
257 173
258 93
258 94
259 91
259 92
260 90
260 91
260 179
261 89
261 90
261 180
262 88
262 89
262 180
263 87
263 88
264 86
264 87
264 182
264 188
265 85
265 86
265 198
266 85
267 84
267 197
268 197
269 196
270 196
278 89
278 92
279 91
279 92
280 92
281 88
281 180
284 178
285 76
285 91
286 76
286 92
286 93
286 94
286 95
286 101
286 176
286 185
287 75
287 96
287 102
287 103
287 175
287 184
288 97
288 104
288 183
289 97
289 105
289 182
290 97
290 181
290 182
291 180
291 181
292 179
292 180
293 178
293 179
294 168
294 177
294 178
295 73
295 167
295 177
296 103
296 176
297 74
297 102
297 165
297 175
298 75
298 101
298 102
299 75
299 101
300 100
