365 255 87 41
369 259
370 259
370 265
371 260
371 265
372 257
372 260
372 266
373 256
373 260
373 267
374 257
374 267
375 257
375 267
375 268
376 258
376 269
377 263
377 270
377 272
378 256
378 258
378 270
378 271
378 272
379 256
379 259
380 255
380 256
380 262
380 263
381 257
381 261
382 256
382 262
383 252
383 253
383 254
383 255
384 253
385 254
424 268
425 267
425 268
426 267
427 266
428 266
429 265
430 264
431 264
432 263
433 258
433 263
434 258
434 259
435 258
435 259
436 259
438 284
438 285
439 257
439 262
439 286
439 287
439 288
439 289
440 257
440 279
440 280
440 281
441 279
442 277
442 278
443 275
443 276
443 277
445 272
445 273
446 269
446 270
446 271
447 257
447 268
449 260
449 263
449 264
449 265
449 266
450 257
450 260
450 261
450 262
450 263
451 257
451 261
452 256
452 257
452 267
452 268
453 255
453 256
453 265
453 266
453 267
454 254
454 255
454 265
455 253
455 254
455 265
456 252
457 251
458 250
459 249
