205 251 59 101
210 259
210 260
210 261
210 262
211 261
212 332
212 333
212 334
212 335
212 336
212 337
212 338
212 339
212 340
213 329
213 330
213 331
213 341
213 342
213 343
213 344
213 345
213 346
213 347
213 348
214 327
215 323
216 321
216 322
216 334
216 335
216 336
216 337
216 338
216 343
216 344
216 345
217 319
217 320
217 330
217 332
217 333
217 339
217 340
217 341
217 346
217 347
217 348
220 324
221 321
222 314
223 313
224 312
225 311
225 319
226 310
226 317
226 318
227 316
228 315
229 309
229 310
229 314
230 308
231 309
232 300
232 301
232 302
232 308
233 297
233 298
233 299
233 303
233 304
233 305
233 306
233 307
233 308
234 296
234 303
234 304
235 294
235 295
235 303
236 294
236 303
237 292
237 293
238 291
247 272
247 273
247 282
247 283
248 281
249 280
250 268
251 267
251 268
251 276
251 309
252 308
253 265
253 271
253 307
253 308
254 307
255 263
255 268
255 269
255 306
256 268
256 305
257 267
257 268
257 304
257 305
258 267
258 304
259 257
259 261
259 266
259 303
260 265
260 302
261 264
261 301
262 300
262 301
263 263
263 299
263 300
263 346
263 347
264 298
264 299
264 344
264 345
265 263
265 298
265 343
265 344
266 262
266 298
267 261
267 262
267 297
268 296
268 297
269 295
269 296
270 295
271 294
272 293
272 294
273 293
274 292
275 292
276 291
277 291
278 290
279 290
280 289
280 290
281 289
