279 159 81 67
281 189
282 189
283 188
283 189
284 176
284 187
285 176
285 186
285 187
285 210
285 211
286 186
286 206
286 207
286 208
286 209
287 176
287 205
287 219
287 220
287 221
287 222
287 223
288 173
288 174
288 175
288 202
288 219
289 172
289 173
289 201
289 218
289 219
290 171
290 199
290 218
291 170
291 217
291 218
292 169
292 195
292 196
293 168
293 169
293 193
294 167
294 192
295 166
296 165
296 166
296 186
298 164
298 165
298 174
298 175
298 182
298 204
298 206
299 163
299 164
299 173
299 174
299 198
299 199
299 202
299 203
299 205
300 160
300 161
300 162
300 163
300 172
300 173
300 178
300 197
300 198
300 199
300 200
300 201
301 159
301 172
301 197
301 200
302 171
302 201
303 170
303 171
304 170
304 194
304 216
304 220
305 170
305 194
305 215
305 219
305 220
306 169
306 194
306 205
306 206
306 214
307 168
307 169
307 194
307 206
307 213
308 168
308 193
308 194
308 205
308 223
309 167
309 192
309 193
309 215
309 222
310 167
310 190
310 191
310 214
310 215
310 221
310 222
311 166
311 213
311 214
311 220
311 221
312 166
312 187
312 188
312 206
312 208
312 209
312 210
312 211
312 212
312 221
313 165
313 186
313 187
313 221
314 164
314 165
314 208
314 220
315 163
315 164
315 182
315 203
315 207
315 208
315 220
316 162
316 163
316 180
316 181
316 182
316 204
316 205
316 206
316 207
316 220
317 161
317 162
317 179
317 180
317 205
317 206
317 220
318 160
318 161
318 167
318 220
319 159
319 167
319 179
319 220
320 158
320 159
320 167
320 172
320 173
320 178
320 179
320 220
320 221
321 158
321 174
321 175
321 176
321 177
321 178
321 221
322 156
322 157
322 162
322 221
323 155
323 156
323 162
323 163
323 173
324 153
324 163
324 169
324 172
324 173
325 163
325 170
325 171
325 172
326 163
326 169
326 170
327 169
327 221
328 168
328 221
329 154
329 167
329 168
329 220
330 154
330 161
330 167
331 154
331 167
332 154
332 155
332 156
332 157
332 158
332 159
332 166
333 165
333 166
334 164
335 162
335 163
335 216
336 160
336 161
336 162
337 157
337 159
337 160
338 156
338 157
339 154
339 155
339 212
340 152
340 153
340 154
341 150
341 151
341 152
341 204
342 148
342 149
342 150
342 201
342 203
343 147
343 148
343 199
343 200
344 146
344 198
344 199
345 139
345 140
345 142
345 143
345 197
345 207
346 196
346 197
347 195
347 196
347 204
347 205
348 194
348 195
348 202
348 203
349 193
349 194
349 200
349 201
350 192
350 193
350 200
351 192
351 199
351 200
352 191
353 191
354 190
355 190
356 190
357 190
358 191
