154 185 17 45
155 200
156 199
156 200
156 201
156 202
156 203
156 207
156 208
156 209
156 223
156 224
156 225
157 204
157 205
157 206
157 210
157 223
157 227
157 228
158 211
158 215
158 216
158 217
158 218
158 219
158 222
159 212
159 214
159 220
159 221
159 222
160 190
160 191
160 222
161 191
161 192
162 193
162 194
163 193
166 225
166 226
167 221
167 222
167 223
167 224
168 219
169 203
169 204
169 205
169 210
169 211
169 214
169 215
169 216
170 196
170 197
170 198
170 199
170 200
170 201
170 202
170 206
170 207
170 208
170 209
171 194
171 195
171 222
171 223
172 221
173 181
173 182
173 183
173 184
173 185
173 186
173 187
173 188
173 189
173 190
174 175
174 176
174 177
174 178
174 179
174 180
175 174
