250 265 99 51
252 308
252 309
253 307
253 308
254 270
254 307
255 306
256 268
256 305
257 268
258 267
259 266
260 265
260 302
261 264
261 301
262 263
262 300
262 301
263 263
263 299
264 263
264 298
264 299
265 263
265 298
266 262
266 298
267 261
267 262
267 297
268 296
268 297
269 295
269 296
270 295
271 294
272 293
272 294
273 293
274 292
275 292
276 291
277 291
278 290
279 290
280 289
280 290
281 289
292 287
292 288
292 289
293 290
294 291
294 292
312 293
312 294
312 295
321 299
322 291
322 299
323 291
323 298
324 266
324 267
324 290
324 291
324 298
325 266
325 290
325 297
326 265
326 266
326 290
326 297
327 265
327 289
327 297
328 264
328 289
328 297
329 262
329 263
329 297
330 297
331 296
332 296
333 296
334 295
335 295
335 296
336 296
337 296
338 296
339 296
340 296
344 304
345 304
346 303
347 303
348 303
349 302
350 302
351 302
352 302
353 302
354 302
355 302
356 301
357 301
358 301
359 301
360 301
361 301
362 301
363 300
364 300
365 300
366 300
367 300
368 300
369 299
370 299
371 299
372 299
373 298
374 298
375 298
376 298
377 297
377 298
378 297
379 297
380 296
381 296
382 296
383 295
384 295
385 294
386 293
386 294
387 293
388 292
