321 125 105 153
322 162
323 162
323 163
323 173
324 163
324 169
324 172
324 173
325 163
325 170
325 171
325 172
326 163
326 169
326 170
327 169
327 221
328 150
328 168
328 221
329 150
329 154
329 167
329 168
329 220
330 154
330 161
330 167
331 154
331 167
332 147
332 148
332 154
332 155
332 156
332 157
332 158
332 159
332 166
332 217
332 218
333 146
333 147
333 165
333 166
333 217
334 145
334 146
334 164
334 217
335 144
335 145
335 162
335 163
336 143
336 144
336 160
336 161
336 215
336 216
337 142
337 157
337 158
337 159
337 160
337 214
337 215
338 142
338 157
338 213
338 214
339 141
339 213
340 152
340 154
340 211
340 212
341 152
341 205
341 206
341 207
341 208
341 209
341 210
341 211
342 148
342 150
342 202
343 120
343 121
343 122
343 123
343 148
344 117
344 118
344 119
344 124
344 127
344 128
344 129
344 130
344 131
344 132
344 133
344 134
344 144
344 145
344 146
345 113
345 114
345 115
345 116
345 125
345 141
345 144
346 110
346 111
346 112
346 126
346 206
347 106
347 107
347 108
347 109
347 127
348 102
348 103
348 104
348 105
348 128
348 195
348 202
348 269
349 97
349 98
349 99
349 100
349 101
349 102
349 129
349 194
350 95
350 96
350 130
350 192
350 193
350 200
351 192
351 199
351 200
352 125
353 123
353 124
353 125
353 191
354 190
357 190
358 191
360 196
361 195
362 194
363 193
364 192
365 192
366 194
367 193
368 191
368 192
368 194
369 191
370 190
371 189
371 190
372 188
372 189
374 232
374 242
375 243
375 245
376 245
376 246
376 247
376 248
376 269
377 234
377 235
378 235
378 236
378 263
378 270
378 271
378 272
379 236
379 237
379 238
379 263
379 264
380 239
380 240
380 260
380 261
380 262
380 263
381 241
381 242
381 243
381 244
381 256
381 257
381 261
382 244
382 245
382 246
382 247
382 248
382 256
382 262
383 249
383 250
383 251
383 252
383 253
383 254
383 255
384 253
385 254
434 262
435 262
436 262
