116 195 74 157
89 257
89 258
90 258
91 258
92 259
93 259
94 259
95 259
96 259
97 260
98 260
99 261
100 261
101 261
102 261
103 261
104 261
105 261
106 261
107 262
108 262
109 262
109 287
110 262
110 287
111 262
111 287
112 262
112 288
113 262
113 288
114 262
114 288
115 262
116 262
117 235
117 236
117 262
118 228
118 229
118 230
118 231
118 232
118 233
118 234
118 237
118 262
119 205
119 220
119 221
119 222
119 223
119 224
119 225
119 226
119 227
119 238
119 239
119 262
120 205
120 206
120 217
120 218
120 219
120 263
121 207
121 208
121 209
121 215
121 216
121 217
121 263
121 272
122 209
122 213
122 214
122 215
122 263
122 264
122 272
122 273
123 264
123 265
123 273
124 265
124 273
125 266
125 267
125 273
126 267
126 268
126 272
127 269
127 272
128 269
128 273
129 273
130 273
130 274
131 274
132 274
133 274
135 275
136 276
137 276
138 276
139 209
139 276
140 210
140 276
141 211
141 276
142 212
142 276
143 213
143 276
144 213
144 276
145 213
146 213
147 213
148 213
149 212
150 212
152 287
153 197
153 281
153 285
153 286
154 183
154 195
154 196
154 282
154 283
154 284
155 184
155 185
155 194
155 200
156 185
156 186
156 192
156 193
156 199
156 200
156 201
156 202
156 203
156 207
156 208
156 209
156 223
156 224
156 225
156 226
157 187
157 188
157 189
157 190
157 191
157 204
157 205
157 206
157 210
157 223
157 227
157 228
158 211
158 215
158 216
158 217
158 218
158 219
158 222
158 228
158 229
159 212
159 214
159 220
159 221
159 222
159 229
160 222
161 230
162 226
162 227
162 229
163 228
164 226
164 227
165 226
166 225
166 226
166 278
167 221
167 222
167 223
167 224
167 278
168 212
168 217
168 218
168 219
168 220
168 278
169 202
169 203
169 204
169 205
169 210
169 211
169 214
169 215
169 216
169 278
169 286
169 287
170 196
170 197
170 198
170 199
170 200
170 201
170 202
170 206
170 207
170 208
170 209
170 278
170 288
170 289
171 194
171 195
171 222
171 223
171 278
171 293
171 294
171 295
172 191
172 192
172 193
172 219
172 221
172 278
173 181
173 182
173 183
173 184
173 185
173 186
173 187
173 188
173 189
173 190
173 216
173 217
173 218
173 277
173 278
173 280
173 281
173 299
174 175
174 176
174 177
174 178
174 179
174 180
174 213
174 214
174 215
174 216
174 277
174 281
174 299
174 300
174 301
174 302
175 174
175 206
175 207
175 208
175 209
175 210
175 211
175 276
175 282
175 303
175 304
176 201
176 202
176 203
176 204
176 205
176 206
176 207
176 276
176 282
176 304
176 305
176 306
177 193
177 194
177 195
177 196
177 276
177 282
177 307
177 308
178 190
178 191
178 192
178 276
178 282
178 309
178 310
179 276
179 282
179 311
179 312
179 313
180 276
180 283
180 314
180 315
180 316
180 317
181 275
181 283
181 318
181 319
181 320
181 321
181 322
181 323
181 324
181 325
181 326
182 275
182 283
182 326
182 327
182 328
182 329
182 330
182 331
183 275
183 283
183 332
183 333
183 334
183 335
183 336
184 275
184 283
184 337
184 338
185 274
185 283
185 338
185 339
186 274
186 283
186 339
186 340
186 341
186 342
187 273
187 282
187 343
187 344
187 345
188 273
188 282
188 345
188 346
188 349
189 272
189 282
189 347
190 272
190 281
191 271
191 272
191 281
192 270
192 271
192 281
193 270
193 280
194 269
194 280
195 268
195 280
196 267
196 279
197 279
198 278
199 278
200 277
201 276
202 275
202 276
203 275
204 274
205 274
206 273
207 272
207 273
208 272
209 271
210 271
211 270
212 269
213 268
213 269
214 267
216 266
217 265
217 266
218 265
219 264
220 263
221 263
222 262
223 261
223 262
224 261
225 260
226 259
226 260
227 258
227 259
228 258
229 257
230 256
230 257
231 256
232 255
233 254
233 255
234 253
234 254
235 252
235 253
236 252
237 251
238 250
238 251
239 250
240 249
241 248
242 247
