194 13 191 195
152 151
153 151
154 151
155 151
156 151
157 152
158 152
159 152
160 53
160 152
161 53
161 152
162 53
162 152
163 53
163 152
164 53
164 152
165 53
165 153
166 53
166 153
167 53
167 153
168 53
168 153
169 53
169 153
170 53
170 154
171 53
171 154
172 53
172 154
173 53
173 154
174 53
174 154
175 53
175 154
176 53
176 154
177 54
177 154
178 54
178 154
178 155
179 54
179 155
180 54
180 155
181 54
181 155
181 205
182 54
182 155
182 205
183 54
183 156
184 54
184 156
184 205
185 53
185 156
186 53
186 65
186 157
187 53
187 65
187 157
188 53
188 66
188 157
188 206
189 53
189 65
189 158
190 53
190 65
190 158
191 53
191 65
191 159
191 207
192 53
192 65
192 159
192 160
193 54
193 65
193 160
194 54
194 65
194 161
195 54
195 66
195 161
195 162
196 54
196 66
196 162
196 163
196 172
196 207
197 54
197 66
197 163
197 164
197 172
197 173
198 54
198 66
198 164
198 173
199 54
199 66
199 165
199 173
200 54
200 66
200 166
200 173
201 54
201 66
201 167
201 173
201 177
201 178
201 179
201 180
201 181
202 54
202 66
202 168
202 174
202 177
203 55
203 66
203 169
203 175
203 176
203 177
204 55
204 66
204 169
204 170
204 175
205 55
205 66
205 170
206 55
206 66
206 174
207 55
207 66
207 174
208 55
208 66
208 168
208 174
209 55
209 66
209 167
209 168
209 169
209 170
209 171
209 172
209 174
210 55
210 66
210 166
210 167
210 174
211 55
211 66
211 164
211 165
211 166
211 174
211 175
212 55
212 66
212 163
212 164
213 55
213 66
213 163
213 170
213 177
214 56
214 66
214 161
214 162
214 163
214 177
214 178
215 56
215 66
215 159
215 161
215 168
215 179
215 180
216 56
216 66
216 158
216 159
216 180
217 56
217 66
217 157
217 158
217 182
218 56
218 65
218 156
218 183
218 184
218 193
218 194
219 56
219 66
219 155
219 162
219 185
219 191
219 192
219 195
219 196
220 66
220 153
220 154
220 160
220 161
220 186
220 190
220 197
220 198
220 199
220 200
220 201
220 202
221 67
221 151
221 152
221 159
221 160
221 186
222 67
222 150
223 67
223 148
223 149
223 157
224 67
224 146
224 147
224 156
225 67
225 144
225 145
225 154
225 188
226 67
226 143
226 144
226 152
227 66
227 143
228 142
229 142
229 190
230 66
230 142
230 190
231 66
231 142
231 190
232 56
232 138
232 140
232 142
233 138
233 139
233 143
234 137
234 138
234 143
235 56
235 136
235 138
235 143
236 56
236 135
236 136
236 144
236 154
237 135
237 144
237 154
237 155
238 56
238 144
238 155
238 156
238 186
239 56
239 145
239 157
239 158
240 145
240 159
240 160
240 161
241 146
241 161
241 162
241 163
242 56
242 164
242 184
243 56
243 147
243 166
243 181
243 182
244 122
244 146
244 149
244 166
244 167
244 168
244 179
244 180
245 168
245 178
245 179
246 67
246 176
246 177
247 57
247 170
247 171
247 174
247 175
247 176
248 152
248 153
248 173
249 154
249 155
249 156
249 172
250 157
250 158
250 159
250 160
250 172
251 161
251 162
251 163
252 101
252 102
252 164
252 171
253 100
253 101
253 132
253 171
254 99
254 133
255 97
255 98
255 133
256 96
256 97
256 133
256 173
257 133
257 173
258 93
258 94
258 133
259 91
259 92
259 133
260 90
260 91
260 132
260 179
261 89
261 90
261 132
261 180
262 88
262 89
262 132
262 180
263 87
263 88
263 133
264 86
264 87
264 133
264 182
264 188
265 85
265 86
265 133
265 198
266 85
266 134
267 84
267 134
267 197
268 134
268 197
269 135
269 196
270 135
270 196
271 135
272 135
273 135
274 135
275 135
276 135
277 135
278 90
278 135
279 135
280 136
281 88
281 136
281 180
282 136
283 135
284 135
284 178
285 5
285 6
285 7
285 8
285 9
285 10
285 76
285 91
285 135
286 10
286 11
286 12
286 76
286 92
286 93
286 94
286 95
286 101
286 135
286 176
286 185
287 13
287 14
287 75
287 96
287 102
287 103
287 135
287 175
287 184
288 96
288 97
288 104
288 173
288 183
289 97
289 105
289 136
289 172
289 182
290 53
290 97
290 136
290 171
290 181
290 182
291 51
291 52
291 53
291 136
291 170
291 180
291 181
292 42
292 43
292 44
292 45
292 46
292 47
292 48
292 49
292 50
292 136
292 169
292 179
292 180
293 34
293 35
293 36
293 37
293 38
293 39
293 40
293 41
293 136
293 168
293 169
293 178
293 179
294 26
294 27
294 28
294 29
294 30
294 31
294 32
294 33
294 34
294 136
294 167
294 168
294 177
294 178
295 23
295 24
295 25
295 73
295 136
295 166
295 167
295 177
296 22
296 103
296 136
296 165
296 166
296 176
297 74
297 102
297 136
297 165
297 175
298 75
298 101
298 102
298 164
298 165
298 181
298 204
298 206
299 75
299 101
299 163
299 164
299 179
299 180
299 181
299 198
299 199
299 202
299 203
299 205
300 76
300 100
300 160
300 161
300 162
300 163
300 178
300 197
300 198
300 199
300 200
300 201
301 99
301 138
301 153
301 154
301 155
301 156
301 157
301 158
301 159
301 196
301 197
301 200
302 88
302 89
302 90
302 91
302 92
302 139
302 140
302 152
302 153
302 201
303 141
303 142
303 151
303 194
303 195
304 142
304 143
304 147
304 148
304 149
304 150
304 194
305 194
306 194
306 205
306 206
307 76
307 194
307 206
308 75
308 76
308 193
308 194
308 205
309 74
309 75
309 192
309 193
310 73
310 74
310 190
310 191
311 72
311 73
311 188
311 189
312 71
312 72
312 187
312 188
312 206
313 70
313 71
313 186
313 187
314 70
314 183
314 184
314 185
314 208
315 69
315 183
315 203
315 207
315 208
316 67
316 68
316 204
316 205
316 206
316 207
317 66
317 67
317 179
317 205
317 206
318 65
319 64
320 63
321 62
321 63
322 61
322 62
323 60
323 61
324 59
324 60
324 154
325 58
325 66
325 153
326 56
326 57
326 152
326 153
327 54
327 55
327 151
327 152
329 149
329 154
330 149
331 148
331 154
331 160
332 155
332 159
336 162
337 143
338 156
339 53
339 154
339 155
340 54
340 55
340 153
341 138
341 150
341 151
341 204
342 137
342 149
342 201
342 203
343 89
343 135
343 136
343 137
343 138
343 147
343 199
343 200
344 198
344 199
345 84
345 125
345 139
345 140
345 142
345 143
345 197
345 207
346 59
346 112
346 196
346 197
347 61
347 127
347 195
347 196
347 204
347 205
348 61
348 62
348 194
348 203
349 129
349 193
349 200
349 201
350 64
350 130
351 115
352 106
352 125
352 191
353 66
353 91
353 107
353 123
353 124
353 125
354 108
355 109
355 120
355 121
355 190
356 120
356 190
357 99
357 119
358 99
358 118
358 119
359 98
359 117
359 118
360 97
360 115
360 116
360 196
361 96
361 97
361 114
361 196
362 95
362 113
362 114
363 95
363 112
363 113
364 94
365 110
365 111
366 93
366 110
367 92
367 93
367 194
368 193
369 91
369 107
370 90
371 90
372 90
373 90
374 91
374 92
375 92
384 53
384 54
385 52
385 53
386 51
386 52
387 50
