160 93 65 146
152 151
152 175
153 151
153 176
154 151
154 176
155 151
155 177
156 177
157 152
157 178
158 152
158 178
159 178
160 190
160 191
161 191
161 192
162 193
162 194
167 170
168 170
168 212
168 217
168 218
168 220
169 169
169 202
170 169
171 168
171 222
171 223
172 168
172 169
172 191
172 192
172 193
172 219
172 220
172 221
173 169
173 170
173 216
173 217
173 218
174 170
174 171
174 213
174 214
174 215
174 216
175 208
175 209
175 210
175 211
176 201
176 202
176 203
176 204
176 205
176 206
176 207
177 193
177 194
177 195
177 196
178 191
178 192
181 205
182 205
183 205
184 205
188 206
191 207
196 172
196 207
197 172
197 173
198 173
199 173
200 173
201 173
201 177
201 178
201 179
201 180
201 181
202 174
202 177
203 168
203 175
203 176
203 177
203 229
205 232
206 174
206 225
206 229
207 174
207 225
208 168
208 174
208 225
208 226
209 167
209 168
209 169
209 170
209 171
209 174
209 225
210 166
210 167
210 172
210 174
210 224
211 164
211 165
211 166
211 174
211 175
211 223
212 164
212 176
212 222
213 163
213 170
213 177
213 222
214 162
214 163
214 169
214 177
214 178
214 220
214 221
215 160
215 167
215 168
215 179
215 180
216 158
216 159
216 165
216 166
216 180
216 181
217 157
217 158
217 182
217 183
218 156
218 184
219 163
219 184
219 221
219 222
219 223
219 224
220 153
220 154
220 160
220 161
220 189
220 190
220 234
221 151
221 159
221 160
221 232
222 150
222 158
222 230
223 149
223 157
223 228
224 146
224 147
224 155
224 156
224 224
224 225
225 144
225 145
225 151
225 153
225 154
225 223
226 144
227 218
