66 140 76 42
69 151
69 152
70 151
71 150
72 150
73 149
73 150
74 149
81 139
82 140
83 141
106 155
106 156
106 157
106 164
106 165
106 166
107 153
107 154
107 158
107 159
107 160
107 161
107 162
107 163
107 167
107 168
107 169
107 170
108 152
108 171
108 172
108 173
108 174
108 175
114 157
114 158
114 159
114 160
114 161
114 162
114 163
114 164
114 165
114 166
114 167
114 168
114 169
114 170
114 171
114 172
114 173
114 176
114 177
115 155
115 156
115 157
115 175
115 176
120 172
120 176
120 177
121 175
121 177
121 178
121 179
122 180
122 181
124 153
125 153
125 154
126 153
126 154
127 153
127 161
127 173
129 162
129 164
129 165
131 161
131 162
131 163
132 150
132 160
132 161
133 150
133 159
133 160
134 150
134 159
135 150
136 151
137 151
138 151
139 151
140 151
