348 39 81 105
341 56
342 56
342 57
345 59
346 59
347 60
347 61
348 61
348 62
348 128
349 63
349 78
349 79
349 80
350 64
350 75
350 76
350 77
350 78
350 114
351 64
351 65
351 71
351 72
351 73
351 74
351 75
351 93
351 94
352 70
352 91
352 92
352 116
353 65
353 66
353 90
354 67
354 88
354 89
354 122
355 68
355 69
355 84
355 85
355 86
355 87
356 70
356 71
356 72
356 73
356 74
356 75
356 76
356 77
356 78
356 79
356 80
356 81
356 82
356 83
357 99
358 99
359 98
360 97
361 96
361 97
362 95
362 96
363 95
364 94
364 111
364 112
365 93
365 94
366 93
366 109
367 92
367 93
367 108
367 109
368 92
368 108
369 91
370 90
370 106
370 107
371 90
371 105
371 106
372 90
372 105
373 90
373 104
374 91
374 92
374 103
374 104
375 92
375 103
376 93
376 102
377 94
377 95
377 102
378 96
378 101
379 97
379 98
379 100
379 101
380 99
411 37
412 36
413 35
414 35
416 32
417 31
418 30
