242 252 40 58
244 290
245 285
245 286
245 287
245 288
245 289
246 283
246 284
247 282
248 271
248 272
248 280
249 269
249 270
249 279
250 269
250 277
250 278
250 279
251 275
251 277
251 309
252 266
252 267
252 273
252 274
254 264
254 270
255 263
256 262
256 268
257 267
257 268
257 304
257 305
258 258
258 259
258 260
258 261
258 267
258 304
259 257
259 261
259 266
259 303
260 256
260 262
260 265
260 302
261 255
261 264
261 301
262 253
262 254
262 263
263 253
263 263
263 300
264 252
264 263
264 298
264 299
265 250
265 251
265 263
265 298
266 249
266 250
266 251
266 262
266 298
267 248
267 261
267 262
268 247
268 248
268 259
268 260
268 297
269 256
269 257
269 258
270 254
270 255
271 253
271 254
272 251
272 252
272 293
272 294
273 249
273 250
273 251
274 246
274 247
274 248
274 249
274 292
275 243
275 244
275 245
276 240
276 241
276 242
276 243
277 240
278 240
278 290
279 290
280 290
281 289
