202 188 27 57
203 229
205 232
206 225
206 229
207 225
208 225
208 226
209 225
210 224
211 223
212 222
213 222
214 220
214 221
215 220
216 219
217 204
217 205
217 206
217 207
217 208
218 193
218 194
218 203
218 206
218 225
218 226
218 227
219 191
219 192
219 195
219 196
219 221
219 222
219 223
219 224
220 189
220 197
220 198
220 199
220 200
220 201
220 202
220 232
220 233
220 234
221 232
222 230
223 228
224 224
224 225
225 223
225 233
225 234
225 235
226 230
226 231
226 232
227 218
228 238
232 211
233 210
234 208
234 209
235 207
235 208
236 206
236 207
237 205
237 206
238 204
238 205
239 204
240 203
241 202
241 203
242 202
243 201
243 202
244 201
245 201
246 200
247 200
248 201
