52 0 168 61
53 46
56 1
57 2
57 3
57 4
57 5
57 6
57 9
57 10
57 11
57 12
57 13
57 14
57 18
58 15
58 16
58 17
58 19
59 16
59 19
60 20
60 30
60 34
61 22
61 26
61 27
62 21
63 19
63 20
64 1
64 2
64 3
64 4
64 5
64 8
64 9
64 10
64 11
64 12
64 13
64 14
64 15
64 16
64 17
64 18
112 51
113 51
114 51
116 51
117 50
118 50
119 50
120 50
121 51
124 51
128 51
129 51
136 52
137 52
138 52
144 52
145 52
192 53
194 54
195 54
196 54
197 54
198 54
199 54
200 54
201 54
202 54
203 55
204 55
205 55
206 55
207 55
208 55
209 55
210 55
211 55
212 55
213 55
214 56
215 56
216 56
217 56
218 56
219 56
