450 0 49 76
439 39
439 40
440 40
440 41
441 41
442 41
443 43
444 43
444 44
445 44
445 45
446 45
446 46
447 47
448 47
448 48
449 48
449 49
450 49
450 51
451 52
452 52
452 53
452 70
453 53
453 54
453 70
454 54
454 64
454 69
455 55
455 64
455 69
456 55
456 56
456 57
456 63
456 68
457 57
457 58
457 63
457 68
458 58
458 59
458 60
458 62
458 68
459 62
459 68
460 62
460 67
461 62
462 62
462 63
462 64
462 65
463 65
464 65
464 66
465 66
466 67
466 68
467 69
468 69
468 70
469 72
470 72
470 73
471 74
471 75
486 5
486 6
486 8
487 6
