103 144 39 80
111 178
111 179
112 179
113 182
114 157
114 158
114 159
114 160
114 161
114 162
114 163
114 164
114 208
114 209
115 155
115 156
115 157
115 207
116 206
117 185
117 205
118 205
119 220
120 171
120 172
120 173
120 175
120 176
120 177
120 217
120 218
120 219
121 165
121 166
121 167
121 168
121 169
121 170
121 175
121 177
121 179
121 187
121 208
121 215
121 216
121 217
122 180
122 181
122 183
122 213
122 214
122 215
123 188
124 163
124 174
125 161
125 162
125 163
125 174
125 183
125 189
126 161
126 162
126 174
126 183
126 184
126 189
127 161
127 162
127 172
127 173
127 183
128 162
128 183
128 189
129 162
129 164
129 165
129 183
129 189
130 183
130 189
131 161
131 162
131 163
131 182
132 182
132 188
133 182
133 188
134 182
134 187
135 181
135 182
136 181
136 187
137 181
137 187
138 180
138 187
139 180
139 186
140 180
140 186
141 180
142 181
143 180
144 180
145 179
146 177
146 178
147 177
148 176
149 176
150 175
151 175
