135 130 45 21
105 138
106 138
107 138
108 138
109 138
110 138
111 138
112 138
113 138
114 139
115 139
116 139
117 139
118 139
119 139
120 139
121 140
122 140
123 140
124 140
125 140
126 140
126 149
127 141
127 149
128 141
128 149
129 141
129 149
130 141
130 149
131 141
131 149
132 140
132 150
133 140
133 150
134 141
134 150
135 141
135 150
136 142
136 151
137 142
137 151
138 143
138 151
139 143
139 151
140 143
140 144
140 151
141 144
142 145
143 145
144 146
145 146
146 147
147 148
167 149
168 149
169 148
170 148
171 148
172 148
172 149
173 149
174 133
174 134
174 150
175 134
175 149
176 134
177 134
178 134
