266 185 101 110
258 174
259 175
259 176
259 177
259 178
260 179
261 179
263 180
263 181
264 181
265 182
265 183
266 183
266 188
266 198
267 184
267 188
268 184
268 185
268 188
268 198
268 246
268 259
268 260
269 185
269 188
269 244
269 245
269 256
269 257
269 258
270 185
270 186
270 188
270 243
270 244
270 254
270 255
271 188
271 195
271 241
271 242
271 253
271 254
272 185
272 189
272 240
272 251
272 252
273 184
273 185
273 189
273 190
273 238
273 249
273 250
273 251
274 184
274 191
274 222
274 236
274 237
274 246
274 247
274 248
274 249
275 183
275 184
275 192
275 222
275 234
275 235
275 243
275 244
275 245
276 183
276 192
276 222
276 234
276 240
276 241
276 242
276 243
277 182
277 183
277 191
277 221
277 240
278 182
278 191
278 240
279 181
279 182
279 190
279 218
279 219
279 234
279 235
279 236
279 237
279 239
279 240
280 181
280 189
280 216
280 217
280 218
280 234
280 238
280 239
281 189
281 214
281 215
281 234
282 179
282 180
282 189
282 214
282 228
282 234
283 179
283 188
283 189
283 225
283 226
283 228
284 187
284 211
284 212
284 225
284 226
284 227
284 232
284 233
285 186
285 187
285 210
285 211
285 231
285 232
286 186
286 206
286 207
286 208
286 209
286 230
287 205
287 219
287 220
287 221
287 222
287 223
287 229
288 202
288 219
288 222
288 229
289 201
289 218
289 219
289 228
290 199
290 218
291 217
291 218
291 227
292 195
292 196
293 193
294 192
294 226
295 188
295 189
296 186
296 187
297 184
297 185
298 174
298 175
298 182
298 183
298 204
298 206
299 173
299 174
299 198
299 199
299 202
299 203
299 205
300 172
300 173
300 197
300 198
300 199
300 200
300 201
300 217
300 221
300 222
301 172
301 196
301 197
301 200
301 218
301 220
302 171
302 201
302 217
303 170
303 171
303 194
303 195
304 194
304 215
304 216
304 220
305 194
305 214
305 215
305 219
306 194
306 205
306 206
306 213
307 194
307 205
307 206
307 213
308 193
308 194
309 192
309 193
309 205
309 215
309 222
310 190
310 191
310 204
310 214
310 215
310 221
310 222
311 188
311 189
311 204
311 213
311 214
311 220
311 221
312 187
312 188
312 205
312 208
312 209
312 210
312 211
312 212
313 186
313 187
314 183
314 184
314 185
314 208
315 182
315 183
315 203
315 207
315 208
316 180
316 181
316 182
316 204
316 205
316 206
316 207
317 179
317 180
317 205
317 206
328 288
329 287
329 288
330 219
330 286
330 287
331 219
332 284
332 285
332 286
333 286
333 287
335 216
339 212
341 204
342 201
342 203
343 199
343 200
344 198
344 199
345 197
345 207
346 196
346 197
347 195
347 196
347 204
347 205
348 194
348 195
348 202
348 203
349 193
349 194
349 200
349 201
350 192
350 193
350 200
351 192
351 199
351 200
353 191
354 190
355 190
357 190
358 191
361 195
362 194
363 193
364 192
365 192
