205 130 105 47
203 169
204 169
204 170
205 170
208 168
209 170
209 171
209 172
212 163
214 161
215 159
215 161
219 155
219 162
220 153
220 154
221 151
221 152
223 148
224 146
224 147
225 144
225 145
226 143
226 144
226 152
227 143
228 142
229 142
230 142
233 138
234 137
235 136
236 135
236 154
237 144
237 154
237 155
238 144
238 155
238 156
239 157
239 158
240 159
240 160
240 161
241 146
241 161
241 162
241 163
242 146
242 164
243 166
244 122
244 146
244 166
244 167
244 168
245 118
245 119
245 120
245 121
245 168
246 115
246 116
246 117
247 113
247 114
248 110
248 111
248 112
248 152
248 153
249 107
249 108
249 109
249 154
249 155
249 156
250 105
250 106
250 107
250 135
250 136
250 157
250 158
250 159
250 160
250 172
251 103
251 104
251 131
251 161
251 162
251 163
252 101
252 102
252 132
252 164
252 171
253 100
253 101
253 171
254 99
255 97
255 98
256 96
256 97
256 173
257 94
257 95
257 173
258 93
258 94
259 91
259 92
260 90
260 91
261 89
261 90
262 88
262 89
263 88
264 86
264 87
286 176
287 175
288 136
294 168
295 167
297 165
298 137
299 137
300 138
301 138
301 139
302 139
302 140
303 141
303 142
304 142
304 143
304 170
305 170
306 169
307 168
307 169
308 168
309 167
310 167
311 166
312 166
313 165
324 154
