431 253 21 51
433 258
433 301
434 258
434 259
434 297
434 298
434 299
434 300
435 258
435 259
435 297
436 259
436 293
436 294
437 290
437 291
437 292
437 293
438 289
439 257
439 262
439 286
439 287
439 288
439 289
440 257
440 281
440 282
440 283
441 279
442 277
442 278
443 275
443 276
443 277
445 272
445 273
446 269
446 270
446 271
447 257
447 268
449 263
449 264
449 265
449 266
450 257
450 261
450 262
450 263
451 257
451 261
452 256
452 257
452 267
452 268
453 255
453 256
453 265
453 266
453 267
454 254
454 255
454 265
455 253
455 254
455 265
456 252
457 251
458 250
459 249
