257 209 186 61
258 258
258 259
258 260
258 261
260 256
260 262
261 255
262 253
262 254
263 253
264 252
265 250
265 251
266 249
266 250
266 251
267 248
268 246
268 247
268 248
268 259
268 260
269 244
269 245
269 256
269 257
269 258
270 243
270 244
270 254
270 255
271 241
271 242
271 253
271 254
272 240
272 251
272 252
273 238
273 249
273 250
273 251
274 222
274 236
274 237
274 246
274 247
274 248
274 249
275 222
275 234
275 235
275 243
275 244
275 245
276 222
276 234
276 240
276 241
276 242
276 243
277 221
277 240
278 240
279 218
279 234
279 235
279 236
279 237
279 239
279 240
280 216
280 217
280 218
280 234
280 238
280 239
281 214
281 215
281 234
282 214
282 228
282 234
283 225
283 226
283 228
284 211
284 212
284 225
284 226
284 227
284 232
284 233
285 210
285 211
285 231
285 232
286 206
286 207
286 208
286 209
286 230
287 205
287 219
287 220
287 221
287 222
287 223
287 229
288 202
288 219
288 229
289 201
289 218
289 219
289 228
290 199
290 218
290 228
291 217
291 218
291 227
292 195
292 196
292 227
293 193
293 226
294 192
294 225
294 226
295 225
296 186
296 224
296 225
297 224
298 182
298 223
299 222
300 217
300 222
301 218
301 220
302 217
304 215
304 216
304 220
305 214
305 215
305 219
306 213
307 213
309 215
310 214
310 215
311 213
311 214
312 208
312 209
312 210
312 211
312 212
330 219
331 219
332 217
332 218
333 217
334 217
336 215
336 216
337 214
337 215
338 213
338 214
339 212
339 213
340 211
340 212
341 208
341 209
341 210
341 211
373 232
373 240
373 241
374 231
374 232
375 232
375 233
375 244
376 233
376 234
378 263
379 263
379 264
380 260
380 261
381 256
424 268
425 267
425 268
426 267
427 266
428 266
429 265
430 264
431 264
432 263
433 258
433 263
434 258
434 259
434 262
435 258
435 259
435 262
436 258
436 259
436 262
437 258
438 258
438 262
439 257
439 262
440 257
440 261
441 258
441 261
442 258
