123 175 43 67
122 183
124 174
124 189
125 174
125 183
125 189
126 174
126 175
126 184
127 183
127 189
128 183
130 183
131 188
132 182
132 188
133 188
135 181
136 181
136 187
137 181
137 187
138 187
139 186
141 180
142 185
143 180
144 180
148 183
151 175
153 183
154 183
155 184
155 185
156 226
157 227
157 228
158 229
159 221
159 229
160 178
161 177
162 177
163 175
163 176
163 193
164 173
164 174
164 175
165 172
165 173
166 171
166 225
166 226
167 221
167 222
167 223
167 224
168 219
169 214
169 215
169 216
