160 200 47 80
161 230
162 226
162 227
162 229
163 228
164 226
164 227
165 226
168 212
168 217
168 218
168 220
169 202
169 203
169 204
169 205
170 196
170 197
170 198
170 199
170 200
170 201
170 202
170 206
170 207
170 208
171 194
171 195
172 191
172 192
172 193
173 181
173 182
173 183
173 184
173 185
173 186
173 187
173 188
173 189
173 190
174 175
174 176
174 177
174 178
174 179
174 180
174 213
174 214
174 215
174 216
175 174
175 206
175 207
175 208
175 209
175 210
175 211
176 201
176 202
176 203
176 204
176 205
176 206
176 207
181 205
182 205
183 205
185 205
186 205
187 206
189 206
190 206
191 236
192 207
192 235
192 236
192 271
193 207
193 234
193 235
194 207
194 232
194 233
194 234
195 208
195 232
196 231
196 232
196 267
196 268
197 207
197 231
197 266
197 267
198 230
198 231
198 265
198 266
199 229
199 230
199 264
199 265
200 228
200 263
200 264
201 229
201 262
201 263
202 229
202 261
202 262
203 260
203 261
204 229
204 258
204 259
205 229
205 230
205 231
205 232
205 257
205 258
206 257
207 254
207 255
208 252
208 253
209 252
210 250
210 251
211 248
211 249
212 247
213 245
214 243
215 240
215 241
215 242
216 239
217 237
