296 176 84 49
298 204
298 206
299 198
299 199
299 202
299 203
299 205
300 178
300 197
300 198
300 199
300 200
300 201
301 197
301 200
302 201
304 194
304 216
304 220
305 194
305 215
305 219
305 220
306 194
306 205
306 206
306 214
307 194
307 205
307 206
307 213
308 193
308 194
308 205
309 192
309 193
309 205
309 215
310 190
310 191
310 204
310 214
310 215
311 204
311 213
311 214
312 187
312 188
312 206
312 208
312 209
312 210
312 211
312 212
312 221
313 186
313 187
313 221
314 208
314 220
315 182
315 220
316 180
316 181
316 182
316 205
316 206
316 207
316 220
317 179
317 180
317 205
317 206
317 220
318 220
319 179
319 220
320 172
320 173
320 178
320 179
320 220
320 221
321 174
321 175
321 176
321 177
321 178
321 221
322 221
327 221
328 221
329 220
332 217
332 218
333 217
334 217
335 216
336 215
336 216
337 214
337 215
338 213
338 214
339 212
339 213
340 211
340 212
341 204
341 208
341 209
341 210
341 211
342 201
342 203
343 199
343 200
344 198
344 199
345 197
345 207
346 196
346 197
347 195
347 196
347 204
347 205
348 194
348 195
348 202
348 203
349 193
349 194
349 200
349 201
350 192
350 193
350 200
351 192
351 199
351 200
353 191
354 190
355 190
357 190
358 191
360 196
361 195
361 196
362 194
363 193
364 192
365 192
366 194
367 193
367 194
368 191
368 192
368 193
368 194
369 191
