244 146 62 31
236 154
237 144
237 154
237 155
238 144
238 155
238 156
239 157
239 158
240 159
240 160
240 161
241 146
241 161
241 162
241 163
242 146
242 164
243 166
244 146
244 166
244 167
244 168
245 168
248 152
248 153
249 154
249 155
249 156
250 157
250 158
250 159
250 160
250 172
251 161
251 162
251 163
252 164
252 171
253 171
256 173
257 173
286 176
287 175
294 168
295 167
297 165
300 138
301 138
302 139
302 140
303 141
303 142
304 142
304 143
304 170
305 170
306 169
307 168
307 169
308 168
309 167
310 167
311 166
312 166
313 165
324 154
