288 261 80 45
292 287
292 288
292 289
293 290
294 291
294 292
295 292
296 293
297 293
298 293
299 292
299 293
324 266
324 267
325 266
326 265
326 266
327 265
328 264
328 288
329 262
329 263
329 287
329 288
346 264
347 265
347 266
347 267
348 267
348 268
349 270
349 271
350 271
350 272
351 272
352 273
353 273
353 274
354 274
355 274
356 275
357 275
358 275
358 276
359 276
360 276
361 276
362 276
363 275
364 275
365 275
366 275
369 299
370 299
371 299
372 299
373 298
374 298
375 298
376 298
377 297
377 298
378 297
379 297
380 296
381 296
382 296
383 295
384 295
385 294
386 293
386 294
387 293
388 292
