284 176 76 49
284 176
284 187
285 176
285 186
285 187
285 210
285 211
286 186
286 206
286 207
286 208
286 209
287 176
287 205
287 219
287 220
287 221
287 222
287 223
288 173
288 174
288 175
288 202
288 219
289 172
289 173
289 201
289 218
289 219
290 171
290 199
290 218
291 170
291 217
291 218
292 169
292 195
292 196
293 193
294 192
296 186
298 174
298 175
298 182
298 204
298 206
299 173
299 174
299 198
299 199
299 202
299 203
299 205
300 172
300 173
300 178
300 197
300 198
300 199
300 200
300 201
301 172
301 197
301 200
302 171
302 201
303 170
303 171
304 194
304 216
304 220
305 194
305 215
305 219
305 220
306 194
306 205
306 206
306 214
307 194
307 205
307 206
307 213
308 193
308 194
308 205
309 192
309 193
309 205
309 215
310 190
310 191
310 204
310 214
310 215
311 204
311 213
311 214
312 187
312 188
312 206
312 208
312 209
312 210
312 211
312 212
312 221
313 186
313 187
313 221
314 208
314 220
315 182
315 183
315 220
316 180
316 181
316 182
316 205
316 206
316 207
316 220
317 179
317 180
317 205
317 206
317 220
318 220
319 179
319 220
320 172
320 173
320 178
320 179
320 220
320 221
321 174
321 175
321 176
321 177
321 178
321 221
322 221
327 221
328 221
329 220
335 216
339 212
341 204
342 201
342 203
343 199
343 200
344 198
344 199
345 197
345 207
346 196
346 197
347 195
347 196
347 204
347 205
348 194
348 195
348 202
348 203
349 193
349 194
349 200
349 201
350 192
350 193
350 200
351 192
351 199
351 200
352 191
353 191
354 190
355 190
356 190
357 190
358 191
