63 141 78 69
63 160
63 161
64 156
64 157
64 158
64 160
65 155
65 156
81 139
82 140
83 141
101 197
101 198
101 199
102 196
102 198
103 197
103 198
104 197
104 198
105 197
105 198
106 155
106 156
106 157
106 164
106 165
106 166
106 199
107 153
107 154
107 158
107 159
107 160
107 161
107 162
107 163
107 167
107 168
107 169
107 170
107 200
107 201
107 202
107 203
107 204
107 205
107 206
108 171
108 172
108 173
108 174
108 175
109 176
109 177
110 177
111 178
112 179
112 180
112 181
113 182
114 157
114 158
114 159
114 160
114 161
114 162
114 163
114 164
114 165
114 166
114 167
114 168
114 169
114 170
114 171
114 172
114 173
114 176
114 177
114 182
114 208
114 209
115 155
115 156
115 157
115 175
115 176
115 183
115 207
116 184
116 185
116 206
117 186
117 205
118 186
118 205
119 187
119 205
120 172
120 176
120 177
120 187
120 205
120 206
121 175
121 177
121 179
121 187
121 188
121 207
121 209
122 180
122 181
122 183
122 188
122 209
123 183
123 188
124 183
124 189
125 163
125 183
125 189
126 183
126 184
126 189
127 161
127 173
127 183
128 183
128 189
129 162
129 164
129 165
129 183
129 189
130 183
130 189
131 161
131 162
131 163
131 182
132 182
133 182
134 182
134 187
135 181
135 182
136 181
136 187
137 181
137 187
138 180
138 187
139 180
139 186
140 180
140 186
141 180
142 181
143 180
144 180
145 179
146 177
146 178
147 177
148 176
149 176
150 175
151 175
