305 206 179 63
304 220
305 219
306 205
306 206
307 205
307 206
308 205
309 205
309 215
310 204
310 214
310 215
311 204
311 213
311 214
312 206
312 208
312 209
312 210
312 211
312 212
312 221
313 221
314 208
314 220
315 220
316 205
316 206
316 207
316 220
317 205
317 206
317 220
318 220
319 220
320 220
320 221
321 221
322 221
326 265
327 221
328 221
328 264
329 220
329 262
329 263
330 219
331 219
332 217
332 218
333 217
334 217
336 215
336 216
337 214
337 215
338 213
338 214
339 213
340 211
340 212
341 205
341 206
341 207
341 208
341 209
341 210
341 211
342 202
346 206
348 195
349 194
350 193
351 192
353 191
354 190
357 190
358 191
373 232
373 240
373 241
374 231
374 232
374 242
375 232
375 233
375 243
375 245
376 233
376 234
376 245
376 246
376 247
376 248
377 234
377 235
378 235
378 236
379 236
379 237
379 238
380 239
380 240
380 262
380 263
381 241
381 242
381 243
381 244
381 257
381 261
382 244
382 245
382 246
382 247
382 248
382 256
382 262
383 249
383 250
383 251
383 252
383 253
383 254
383 255
384 253
385 254
433 258
434 258
434 262
435 258
435 262
436 258
436 262
437 258
438 258
438 262
440 261
441 258
441 261
442 258
444 257
445 257
446 257
447 257
448 257
449 257
449 260
449 263
449 264
449 265
449 266
450 257
450 260
450 261
450 262
450 263
451 257
452 256
452 257
452 267
452 268
453 255
453 256
453 265
453 266
453 267
454 254
454 255
454 261
454 265
455 253
455 254
455 261
455 265
456 252
456 260
457 243
457 244
457 245
457 246
457 247
457 248
457 251
457 259
458 241
458 250
459 231
459 232
459 233
459 234
459 238
459 240
459 249
460 235
460 238
461 247
462 228
462 229
462 246
462 247
463 226
463 228
463 229
463 246
464 229
464 245
465 209
465 229
465 244
466 208
466 243
467 242
468 207
468 229
469 207
469 224
469 229
469 242
470 208
470 224
470 229
470 233
470 241
470 242
471 171
471 172
471 224
471 229
471 233
471 241
472 223
472 224
472 228
472 233
473 223
473 227
473 228
473 233
474 223
474 228
474 233
475 223
475 232
475 238
476 209
476 222
476 227
476 232
476 235
476 237
477 209
477 212
477 227
477 232
478 208
478 212
478 227
478 232
479 208
479 212
479 226
479 231
480 207
480 211
480 221
480 226
480 231
481 207
481 211
481 221
481 226
481 231
482 207
482 221
482 226
482 231
483 221
483 226
483 230
483 231
484 221
484 226
484 230
485 225
485 230
486 229
487 228
487 229
488 228
