195 232 146 88
193 274
194 274
195 274
196 273
197 272
198 272
199 272
201 229
202 229
203 229
204 229
205 229
205 230
205 231
206 229
206 255
206 256
209 251
210 249
210 259
210 260
210 261
210 262
211 261
212 246
213 244
214 242
216 238
217 234
217 235
217 236
220 232
220 233
221 230
221 231
222 229
222 314
223 227
223 242
223 313
224 223
224 226
224 240
224 241
224 312
225 221
225 222
225 239
225 311
226 219
226 220
226 232
226 236
226 238
226 310
226 317
227 217
227 237
227 238
227 316
228 215
228 216
228 238
228 315
229 309
229 310
230 308
231 309
232 235
232 236
232 300
232 301
232 302
232 308
233 236
233 297
233 298
233 299
233 303
233 306
233 308
234 236
234 296
234 303
235 236
235 294
236 235
236 294
236 302
237 235
237 238
237 292
237 302
238 235
238 238
238 291
238 292
239 235
239 239
240 238
241 238
241 249
242 238
242 248
243 237
243 247
244 237
244 246
244 290
245 237
245 246
245 285
245 286
245 287
245 288
245 289
246 237
246 245
246 283
246 284
247 236
247 244
247 245
247 282
248 236
248 244
248 271
248 272
248 280
249 235
249 243
249 269
249 270
249 279
250 235
250 243
250 269
250 277
250 278
250 279
251 235
251 242
251 275
251 277
252 234
252 241
252 266
252 267
252 273
252 274
253 234
253 240
253 241
254 233
254 239
254 240
254 264
254 270
255 233
255 239
256 232
256 233
256 238
256 262
256 268
257 232
257 237
257 238
257 268
257 304
257 305
258 231
258 232
258 236
258 237
258 258
258 259
258 260
258 261
258 267
258 304
259 231
259 236
259 266
259 303
260 230
260 235
260 256
260 262
260 265
260 302
261 234
261 235
261 255
261 264
261 301
262 230
262 233
262 234
262 253
262 254
262 263
263 253
263 263
263 300
264 229
264 252
264 263
264 298
264 299
265 229
265 250
265 251
265 263
265 298
266 229
266 249
266 250
266 251
266 262
266 298
267 228
267 248
267 261
267 262
268 227
268 228
268 246
268 247
268 248
268 259
268 260
268 297
269 227
269 244
269 245
269 256
269 257
269 258
270 226
270 227
270 243
270 244
270 254
270 255
271 225
271 226
271 241
271 242
271 253
271 254
272 224
272 225
272 240
272 251
272 252
272 293
272 294
273 223
273 224
273 238
273 249
273 250
273 251
274 223
274 236
274 237
274 246
274 247
274 248
274 249
274 292
275 234
275 235
275 243
275 244
275 245
275 315
276 234
276 240
276 241
276 242
276 243
276 313
277 240
277 313
278 240
278 290
278 313
279 234
279 235
279 236
279 237
279 239
279 240
279 290
279 312
280 234
280 238
280 239
280 290
281 234
281 289
282 234
283 233
284 232
284 233
285 231
285 232
286 230
291 286
291 287
293 289
312 293
312 294
322 291
323 291
323 298
324 266
324 267
324 290
324 291
324 298
325 266
325 290
325 297
326 265
326 266
326 290
326 297
327 265
327 289
327 297
328 264
328 289
328 297
329 262
329 263
329 297
330 297
331 296
332 296
333 296
334 295
335 295
335 296
336 296
337 296
338 296
339 296
340 296
