248 165 84 166
248 152
248 153
248 186
248 187
249 154
249 155
249 156
249 187
249 188
249 202
250 157
250 158
250 159
250 160
250 187
250 198
250 202
251 161
251 162
251 163
251 164
251 171
251 197
251 202
252 164
252 165
252 166
252 197
252 201
253 197
253 201
254 171
254 197
254 201
254 270
255 171
255 172
255 197
255 201
256 172
256 173
256 197
256 201
256 233
257 173
257 196
257 201
257 232
258 174
258 201
258 231
258 232
258 258
258 259
258 260
258 261
259 175
259 176
259 177
259 178
259 196
259 201
259 231
260 179
260 195
260 201
260 230
260 256
260 262
260 302
261 179
261 195
261 200
261 255
261 301
262 194
262 195
262 200
262 230
262 253
262 254
262 263
263 180
263 181
263 194
263 199
263 253
264 181
264 193
264 198
264 229
264 252
264 263
264 298
264 299
265 182
265 183
265 193
265 229
265 250
265 251
265 263
265 298
266 183
266 188
266 198
266 229
266 249
266 250
266 251
266 262
266 298
267 184
267 188
267 228
267 248
267 261
267 262
268 184
268 185
268 188
268 198
268 227
268 228
268 246
268 247
268 248
268 259
268 260
268 297
269 185
269 188
269 227
269 244
269 245
269 256
269 257
269 258
270 185
270 186
270 188
270 226
270 227
270 243
270 244
270 254
270 255
271 188
271 195
271 225
271 226
271 241
271 242
271 253
271 254
271 328
272 185
272 189
272 224
272 225
272 240
272 251
272 252
272 293
272 294
273 184
273 185
273 189
273 190
273 223
273 224
273 238
273 249
273 250
273 251
274 184
274 191
274 222
274 223
274 236
274 237
274 246
274 247
274 248
274 249
274 292
275 183
275 184
275 192
275 222
275 234
275 235
275 243
275 244
275 245
275 315
276 183
276 192
276 222
276 234
276 240
276 241
276 242
276 243
276 313
277 182
277 183
277 191
277 221
277 240
277 313
278 182
278 191
278 240
278 290
278 313
279 181
279 182
279 190
279 218
279 219
279 234
279 235
279 236
279 237
279 239
279 240
279 290
279 312
280 181
280 189
280 216
280 217
280 218
280 234
280 238
280 239
280 290
281 189
281 214
281 215
281 234
281 289
282 179
282 180
282 189
282 214
282 228
282 234
283 179
283 188
283 189
283 212
283 213
283 225
283 226
283 228
284 176
284 187
284 211
284 212
284 225
284 226
284 227
284 232
284 233
285 176
285 186
285 187
285 210
285 211
285 231
285 232
286 186
286 206
286 207
286 208
286 209
286 230
287 176
287 204
287 205
287 219
287 220
287 221
287 222
287 223
287 229
288 173
288 174
288 175
288 202
288 203
288 219
288 222
288 229
289 172
289 173
289 201
289 202
289 218
289 219
289 228
290 171
290 199
290 200
290 218
291 170
291 197
291 198
291 217
291 218
291 227
291 286
291 287
292 169
292 195
292 196
293 168
293 169
293 193
293 194
293 289
294 167
294 168
294 191
294 192
294 226
295 166
295 167
295 188
295 189
295 190
296 165
296 166
296 186
296 187
297 165
297 184
297 185
298 164
298 165
298 174
298 175
298 181
298 182
298 183
298 204
298 206
299 163
299 164
299 173
299 174
299 179
299 180
299 181
299 198
299 199
299 202
299 203
299 205
299 223
300 160
300 161
300 162
300 163
300 172
300 173
300 178
300 197
300 198
300 199
300 200
300 201
300 217
300 221
300 222
301 159
301 172
301 196
301 197
301 200
301 218
301 219
301 220
301 221
302 171
302 201
302 217
303 170
303 171
303 194
303 195
303 217
304 170
304 194
304 215
304 216
305 170
305 194
305 214
305 215
305 219
305 220
306 169
306 194
306 205
306 206
306 213
306 214
307 168
307 169
307 194
307 205
307 206
307 212
307 213
308 168
308 193
308 194
308 223
309 167
309 192
309 193
309 205
309 222
310 167
310 190
310 191
310 204
310 221
310 222
311 166
311 188
311 189
311 204
311 220
311 221
312 166
312 187
312 188
312 205
313 165
313 186
313 187
314 164
314 165
314 183
314 184
314 185
315 163
315 164
315 182
315 183
315 203
315 207
315 208
316 162
316 163
316 180
316 181
316 182
316 204
317 161
317 162
317 179
317 180
318 160
318 161
318 167
319 159
319 167
319 179
320 158
320 159
320 167
320 172
320 173
320 178
321 158
321 174
321 176
321 178
322 156
322 157
323 155
323 156
323 173
324 153
324 173
325 170
325 172
326 169
326 170
327 169
328 168
329 167
329 168
329 262
329 263
330 167
330 219
331 167
331 219
332 166
333 165
333 166
334 164
335 162
335 163
335 216
336 160
336 161
336 162
337 157
337 159
337 160
338 156
338 157
339 154
339 155
339 212
340 152
340 153
340 154
341 150
341 151
341 152
342 148
342 149
342 150
343 147
343 148
344 146
345 139
345 140
345 142
345 143
