86 166 301 125
62 279
63 279
64 280
65 280
66 280
67 280
68 280
69 280
70 280
71 246
71 280
72 247
72 280
73 280
74 247
74 280
75 247
75 280
76 247
76 280
77 247
77 281
78 248
78 281
79 248
79 249
79 281
80 249
80 281
81 249
81 281
82 250
82 281
83 250
83 281
84 249
84 250
84 281
85 250
85 281
86 251
86 281
87 251
87 252
87 253
87 281
88 253
88 254
88 281
89 249
89 254
89 257
89 258
89 281
90 249
90 258
90 281
91 249
91 258
91 281
92 249
92 259
92 281
93 259
93 282
94 259
94 282
95 259
95 282
96 259
96 282
97 260
97 283
98 260
98 283
99 261
99 283
100 241
100 261
100 266
100 283
101 261
101 266
101 283
102 261
102 266
102 283
103 261
103 266
103 283
104 261
104 266
105 261
105 266
106 261
106 266
106 276
107 262
107 266
107 274
107 275
108 262
108 266
108 274
109 229
109 231
109 262
109 266
109 274
110 218
110 219
110 220
110 221
110 222
110 223
110 224
110 225
110 226
110 227
110 262
110 266
110 273
111 178
111 179
111 213
111 215
111 217
111 262
111 273
112 211
112 212
112 262
112 273
113 182
113 262
113 272
114 262
114 272
115 262
115 272
116 206
116 262
116 272
117 185
117 205
117 235
117 236
117 262
117 272
118 205
118 228
118 229
118 230
118 231
118 232
118 233
118 234
118 237
118 262
118 272
119 220
119 221
119 222
119 223
119 224
119 225
119 226
119 227
119 262
119 272
120 171
120 173
120 175
120 176
120 177
120 217
120 218
120 219
120 263
120 272
121 165
121 166
121 167
121 168
121 169
121 170
121 175
121 177
121 178
121 179
121 187
121 208
121 215
121 216
121 217
121 263
121 272
122 180
122 183
122 213
122 214
122 215
122 263
122 264
122 272
122 273
123 183
123 188
123 264
123 265
123 273
124 174
124 183
124 265
124 273
125 174
125 183
125 266
125 267
125 273
126 174
126 175
126 183
126 184
126 189
126 267
126 268
126 272
127 172
127 189
127 269
127 272
128 170
128 171
128 183
128 189
128 269
129 164
129 165
129 168
129 169
129 189
130 166
130 167
130 183
130 189
131 188
132 182
132 188
133 188
134 187
135 181
136 181
136 187
137 181
137 187
138 187
139 186
141 180
142 185
144 180
144 213
145 213
146 213
147 213
148 183
148 213
149 212
150 212
151 175
152 287
153 183
153 197
153 281
153 285
153 286
154 183
154 184
154 195
154 196
154 282
154 283
154 284
155 184
155 185
155 194
155 200
156 185
156 186
156 192
156 193
156 199
156 200
156 201
156 202
156 203
156 207
156 208
156 209
156 223
156 224
156 225
157 187
157 188
157 189
157 190
157 191
157 204
157 205
157 206
157 210
157 223
158 211
158 215
158 216
158 217
158 218
158 219
158 222
158 228
159 212
159 214
159 220
159 222
160 190
160 191
160 222
161 191
161 192
161 230
162 193
162 194
162 226
162 227
162 229
163 228
164 226
164 227
165 226
168 212
168 217
168 218
168 220
169 202
172 191
172 192
172 193
176 201
176 202
176 203
176 204
176 205
176 206
176 207
177 193
177 194
177 195
177 196
178 191
178 192
181 205
182 205
185 205
186 205
187 206
189 206
190 158
190 206
191 159
191 236
192 160
192 207
192 236
192 271
193 160
193 207
194 161
194 207
194 232
194 233
194 234
195 161
195 208
195 232
196 162
196 172
196 231
196 232
196 267
196 268
197 163
197 173
197 207
197 266
197 267
198 164
198 173
198 230
198 265
198 266
199 165
199 173
199 229
199 230
199 264
199 265
200 166
200 173
200 228
200 263
200 264
201 167
201 173
201 177
201 178
201 179
201 180
201 181
201 229
201 262
201 263
202 168
202 174
202 229
202 261
202 262
203 168
203 169
203 176
203 229
203 260
203 261
204 169
204 170
204 175
204 229
204 258
204 259
205 170
205 226
205 229
205 230
205 231
205 257
205 258
206 174
206 225
206 226
206 229
206 255
206 256
206 257
207 174
207 225
207 226
207 254
207 255
208 174
208 225
208 226
208 252
208 253
209 172
209 174
209 225
209 251
209 252
210 174
210 224
210 249
210 250
210 251
210 257
210 258
211 174
211 175
211 223
211 248
211 249
212 163
212 176
212 222
212 246
212 247
213 177
213 222
213 244
213 245
214 161
214 169
214 177
214 178
214 220
214 221
214 242
214 243
214 268
215 159
215 160
215 161
215 167
215 179
215 180
215 220
215 241
215 267
216 165
216 166
216 180
216 181
216 219
216 238
216 239
217 183
217 204
217 205
217 206
217 207
217 208
217 234
217 235
217 236
218 183
218 193
218 194
218 203
218 206
218 209
218 225
218 226
218 227
219 155
219 184
219 185
219 191
219 192
219 195
219 196
219 210
220 153
220 154
220 185
220 189
220 197
220 198
220 199
220 200
220 201
220 202
220 211
220 213
220 214
220 215
220 216
220 217
220 218
220 219
220 220
220 232
220 233
221 151
221 152
221 212
221 230
221 231
222 186
222 187
222 229
223 187
223 227
224 187
224 223
224 226
225 221
225 222
226 188
226 219
226 220
227 189
227 217
228 189
228 215
228 216
229 214
229 215
230 213
230 214
231 212
231 213
232 191
232 210
233 191
233 209
234 191
234 208
235 191
235 207
236 191
236 206
237 186
237 187
237 191
237 205
237 206
238 187
238 191
238 204
239 185
239 186
239 191
240 185
240 191
241 184
241 185
241 191
241 202
242 183
242 184
242 190
242 202
243 165
243 182
243 190
243 201
243 202
244 168
244 179
244 180
244 191
244 201
244 290
245 178
245 192
245 201
245 285
245 286
245 287
245 288
245 289
246 169
246 176
246 192
246 193
246 200
246 283
246 284
247 192
247 200
247 272
247 273
247 283
248 151
248 152
248 153
248 172
248 186
248 187
248 192
248 201
248 271
248 272
248 280
248 281
249 154
249 155
249 156
249 187
249 188
249 191
249 192
249 202
249 269
249 270
249 279
249 280
250 157
250 158
250 159
250 160
250 187
250 191
250 198
250 202
250 268
250 269
250 277
250 278
250 279
251 161
251 162
251 164
251 171
251 191
251 197
251 202
251 267
251 268
251 275
251 276
251 277
252 164
252 165
252 166
252 190
252 197
252 201
252 234
252 267
252 273
252 274
253 190
253 197
253 201
253 234
253 265
253 271
254 171
254 190
254 197
254 201
254 233
255 171
255 172
255 190
255 197
255 201
255 233
255 263
255 268
255 269
256 172
256 173
256 190
256 197
256 201
256 232
256 233
257 189
257 196
257 201
257 232
257 267
258 174
258 189
258 201
258 231
258 232
258 236
258 237
259 175
259 176
259 177
259 178
259 189
259 196
259 201
259 231
259 236
259 257
259 261
260 189
260 195
260 201
260 230
260 231
260 235
261 179
261 189
261 195
261 200
261 230
261 234
261 235
262 189
262 194
262 195
262 200
262 229
262 230
262 233
262 234
263 180
263 181
263 188
263 194
263 199
263 229
264 181
264 193
264 198
264 229
265 182
265 183
265 193
265 198
265 229
266 183
266 188
266 198
266 229
267 184
267 188
267 197
267 228
268 184
268 185
268 188
268 197
268 198
268 227
268 228
269 185
269 188
269 196
269 227
270 185
270 186
270 188
270 196
270 226
270 227
271 188
271 195
271 225
271 226
272 185
272 189
272 224
272 225
273 184
273 185
273 189
273 190
273 223
273 224
274 184
274 191
274 222
274 223
275 183
275 184
275 192
275 222
275 244
276 183
276 192
276 221
276 222
277 182
277 183
277 191
277 221
278 182
278 191
278 220
279 181
279 182
279 190
279 218
279 219
279 220
280 181
280 189
281 180
281 189
282 179
282 180
282 189
282 213
283 179
283 188
283 189
283 212
283 213
283 233
283 234
284 176
284 178
284 187
285 176
285 186
285 187
285 232
286 176
286 185
286 186
286 230
287 175
287 176
287 184
287 204
287 229
288 174
288 175
288 183
288 203
288 222
288 229
289 173
289 182
289 200
289 202
289 228
290 181
290 182
290 200
290 228
291 180
291 181
291 197
291 198
291 227
292 179
292 180
292 227
293 178
293 179
293 194
293 226
294 168
294 177
294 178
294 191
294 225
294 226
295 167
295 177
295 188
295 189
295 190
295 225
296 176
296 187
296 224
296 225
297 165
297 175
297 184
297 185
297 224
298 174
298 175
298 181
298 183
298 223
299 173
299 174
299 179
299 180
299 181
299 222
299 223
300 172
300 173
300 221
301 172
301 196
301 219
301 221
302 171
303 170
303 171
303 194
303 195
303 216
303 217
304 170
305 170
305 220
306 169
306 214
307 168
307 169
307 205
307 212
308 168
308 205
308 223
309 167
309 205
309 222
310 167
310 204
310 221
310 222
311 166
311 188
311 189
311 204
311 220
311 221
312 166
312 205
312 206
312 221
313 165
313 221
314 164
314 183
314 184
314 185
314 220
315 182
315 183
315 203
315 207
315 208
315 220
316 180
316 181
316 182
316 204
316 220
317 180
317 220
318 220
319 179
319 220
320 172
320 173
320 178
320 220
320 221
321 174
321 176
321 178
321 221
322 221
323 173
324 154
324 173
325 170
325 172
326 169
326 170
326 265
327 169
327 221
327 265
328 168
328 221
328 264
329 167
329 168
329 220
329 262
329 263
330 167
330 219
331 167
331 219
332 166
333 165
333 166
334 164
335 162
335 163
335 216
336 160
336 161
336 162
337 157
337 159
337 160
338 156
338 157
339 154
339 155
339 212
340 152
340 153
340 154
341 150
341 151
341 152
341 204
342 148
342 149
342 150
342 201
342 203
343 147
343 148
343 199
343 200
344 146
344 198
344 199
345 139
345 140
345 142
345 143
345 197
345 207
346 196
346 197
346 264
347 195
347 196
347 204
347 205
347 265
347 266
347 267
348 194
348 195
348 202
348 203
348 267
348 268
349 193
349 194
349 200
349 201
349 270
349 271
350 192
350 193
350 200
350 271
350 272
351 192
351 199
351 200
351 272
352 191
352 273
353 191
353 273
353 274
354 190
354 274
355 190
355 274
356 190
356 275
357 190
357 275
358 191
358 275
358 276
359 276
360 196
360 276
361 195
361 196
361 276
362 194
362 276
363 193
363 275
364 192
364 275
365 192
365 275
366 194
366 275
367 193
367 194
368 191
368 192
368 193
368 194
369 191
369 259
370 259
370 265
371 260
371 265
372 257
372 260
372 266
373 232
373 240
373 241
373 256
373 260
373 267
374 231
374 232
374 257
374 267
375 232
375 233
375 244
375 257
375 267
375 268
376 233
376 234
376 250
376 258
377 251
377 263
377 270
377 272
378 252
378 256
378 258
378 263
379 252
379 256
379 259
379 263
379 264
380 255
380 256
380 260
380 261
381 256
