285 198 69 117
285 210
285 211
286 206
286 207
286 208
286 209
287 205
287 219
287 220
287 221
287 222
287 223
287 229
288 202
288 219
288 222
288 229
289 201
289 218
289 219
289 228
290 199
290 218
291 217
291 218
291 227
292 195
292 196
293 193
294 191
294 192
294 226
295 188
295 189
295 190
296 186
296 187
297 184
297 185
298 182
298 183
298 204
298 206
299 198
299 199
299 202
299 203
299 205
300 197
300 198
300 199
300 200
300 201
300 217
300 221
300 222
301 196
301 197
301 200
301 218
301 220
302 201
302 217
304 215
304 216
304 220
305 214
305 215
305 219
306 205
306 206
306 213
307 205
307 206
307 213
308 223
309 205
309 215
309 222
310 204
310 214
310 215
310 221
310 222
311 204
311 213
311 214
311 220
311 221
312 205
312 208
312 209
312 210
312 211
312 212
314 208
315 203
315 207
315 208
316 204
316 205
316 206
316 207
317 205
317 206
328 288
329 287
329 288
330 219
330 286
330 287
331 219
332 217
332 218
333 217
334 217
335 216
339 212
341 204
342 201
342 203
343 199
343 200
344 198
344 199
345 197
345 207
346 196
346 197
347 195
347 196
347 204
347 205
348 195
348 202
348 203
349 194
349 200
349 201
350 193
350 200
351 192
351 199
351 200
353 191
354 190
355 190
357 190
358 191
