47 38 78 168
48 202
48 204
50 195
50 198
51 188
53 46
53 186
54 43
54 44
54 150
54 151
55 42
55 151
55 184
56 41
56 151
56 158
57 40
57 150
57 159
57 160
57 169
57 176
57 177
57 182
58 39
58 40
58 143
58 144
58 145
58 146
58 147
58 148
58 149
58 150
58 151
58 160
58 161
58 168
58 169
58 174
58 175
58 179
58 180
58 181
59 32
59 142
59 156
59 161
59 173
59 179
60 30
60 31
60 33
60 34
60 35
60 36
60 40
60 41
60 42
60 155
60 156
60 172
60 178
61 22
61 23
61 24
61 25
61 26
61 27
61 28
61 29
61 37
61 39
61 40
61 41
61 154
61 162
61 177
62 21
62 38
62 39
62 163
62 164
62 165
62 166
62 169
62 170
62 171
62 175
62 176
63 38
63 160
63 161
63 167
63 168
63 174
63 175
64 156
64 157
64 158
64 160
65 155
65 156
68 152
69 151
69 152
70 151
71 150
72 150
73 149
73 150
74 149
75 148
76 148
77 148
78 147
79 128
79 147
80 128
80 146
80 147
81 128
81 139
81 146
82 104
82 128
82 140
82 141
82 146
83 102
83 103
83 105
83 129
83 130
83 141
83 145
84 99
84 100
84 101
84 131
84 132
84 141
84 145
85 132
85 141
85 145
86 132
86 140
86 145
87 133
87 134
87 139
87 140
87 145
88 135
88 137
88 138
88 139
88 145
89 135
89 140
89 145
90 135
90 140
90 144
91 135
91 144
92 136
92 145
93 136
93 145
94 136
94 144
95 136
95 144
96 136
96 144
97 136
97 144
98 136
98 144
99 136
99 144
100 137
100 144
101 137
101 145
101 197
101 198
101 199
102 137
102 145
102 196
102 198
103 137
103 145
103 197
103 198
104 53
104 138
104 145
104 197
104 198
105 53
105 97
105 145
105 197
105 198
106 53
106 97
106 145
106 155
106 156
106 157
106 164
106 165
106 166
106 199
107 53
107 98
107 146
107 153
107 154
107 158
107 159
107 160
107 161
107 162
107 163
107 167
107 168
107 169
107 170
107 200
107 201
107 202
107 203
107 204
107 205
107 206
108 52
108 146
108 152
108 171
108 172
108 173
108 174
108 175
109 51
109 64
109 65
109 80
109 88
109 98
109 99
109 100
109 101
109 102
109 103
109 104
109 105
109 107
109 108
109 112
109 113
109 114
109 115
109 116
109 117
109 118
109 146
109 151
109 176
109 177
110 51
110 62
110 63
110 66
110 69
110 93
110 94
110 95
110 96
110 97
110 98
110 106
110 109
110 110
110 111
110 119
110 146
110 150
110 177
111 60
111 61
111 62
111 120
111 146
111 149
112 148
112 149
112 179
112 180
112 181
113 147
113 148
113 182
114 147
114 149
114 157
114 158
114 159
114 160
114 161
114 162
114 163
114 164
114 165
114 166
114 167
114 168
114 169
114 170
114 171
114 172
114 173
114 176
114 177
114 182
115 145
115 155
115 156
115 157
115 175
115 176
115 183
116 145
116 154
116 155
116 184
116 185
117 145
117 186
118 145
118 186
119 145
119 187
120 145
120 172
120 176
120 177
120 187
121 146
121 175
121 177
121 178
121 179
121 187
121 188
122 146
122 180
122 181
122 188
123 146
123 183
124 146
124 183
127 161
129 162
