264 15 96 73
232 56
233 56
234 56
235 56
236 56
237 56
238 56
239 56
240 56
241 57
242 56
243 56
244 57
245 57
246 57
247 57
248 57
249 57
250 57
251 57
252 57
253 57
254 57
255 57
256 57
257 57
258 57
259 58
260 58
261 58
262 58
263 58
264 58
265 57
265 85
265 86
266 57
266 85
267 57
267 84
268 57
268 84
269 56
269 83
270 56
270 83
271 56
271 82
272 82
273 81
274 81
275 80
276 80
277 79
278 79
279 79
280 78
281 78
282 78
283 77
284 77
285 53
285 76
285 77
286 53
286 76
287 53
287 75
288 14
288 54
288 74
289 54
289 74
290 73
291 73
292 42
292 48
292 49
292 50
292 73
293 72
294 26
294 73
296 22
296 74
296 86
297 87
298 87
299 76
299 87
300 87
301 76
302 77
303 77
304 77
305 77
306 77
307 76
308 76
315 69
319 64
320 63
321 62
321 63
322 61
322 62
323 60
323 61
324 59
324 60
325 58
325 66
326 56
326 57
326 66
327 54
327 55
327 66
328 53
328 54
328 67
329 52
329 53
329 67
330 52
330 68
331 51
331 68
332 51
332 68
333 51
333 68
334 51
334 68
335 51
335 69
336 51
336 69
337 70
338 52
338 70
339 53
339 54
339 70
340 54
340 55
340 64
340 65
343 58
344 58
344 59
344 69
345 65
345 66
346 59
347 61
348 61
348 62
350 64
352 65
353 66
354 64
355 64
356 63
357 63
358 62
359 62
360 61
360 62
361 61
362 61
363 60
364 60
365 59
366 59
367 58
367 59
368 58
369 58
370 57
371 57
372 57
373 57
374 57
375 56
376 56
377 56
378 56
379 56
380 55
380 56
381 55
382 55
383 55
384 53
384 54
385 52
385 53
386 51
386 52
387 50
388 49
389 49
390 48
390 49
391 48
