315 60 36 102
318 65
319 64
320 63
321 62
322 61
323 60
323 61
324 59
324 60
325 58
325 66
325 153
326 56
326 57
326 152
326 153
327 54
327 55
327 151
327 152
329 149
329 150
330 149
331 148
331 160
332 147
332 148
332 154
332 156
332 157
332 158
333 146
333 147
334 145
334 146
335 144
335 145
336 143
336 144
337 142
337 143
341 72
341 138
342 72
342 137
343 63
343 73
343 89
343 135
343 136
343 137
343 138
344 74
345 67
345 68
345 75
345 81
345 82
345 84
345 125
346 76
346 77
346 78
346 79
346 112
347 127
349 129
350 130
352 92
353 91
