190 231 55 121
191 236
192 235
192 236
193 234
193 235
193 274
194 232
194 233
194 234
194 274
195 232
195 274
196 231
196 232
196 273
197 231
197 272
198 230
198 231
198 272
199 229
199 230
199 272
200 228
201 229
202 229
203 229
204 229
205 229
205 230
205 231
206 229
206 255
206 256
209 251
210 249
210 259
210 260
210 261
210 262
211 257
211 260
211 261
212 246
212 332
212 333
212 334
212 335
212 336
212 337
212 338
212 339
212 340
213 244
213 328
213 329
213 330
213 331
213 341
213 342
213 343
213 344
213 345
213 346
213 347
213 348
214 242
214 325
214 326
214 327
215 240
215 242
215 323
215 324
215 325
216 238
216 321
216 322
216 334
216 335
216 336
216 337
216 338
216 343
216 344
216 345
217 234
217 235
217 236
217 237
217 319
217 320
217 330
217 331
217 332
217 333
217 339
217 340
217 341
217 346
217 347
217 348
218 327
218 328
218 329
219 325
219 327
220 232
220 233
220 324
221 230
221 231
221 232
221 321
221 323
222 229
222 314
222 320
223 227
223 228
223 242
223 313
224 223
224 226
224 240
224 241
224 312
225 221
225 222
225 233
225 234
225 235
225 239
225 319
226 219
226 220
226 230
226 231
226 232
226 236
226 238
226 317
226 318
227 217
227 237
227 238
227 316
228 215
228 216
228 238
229 311
229 312
229 313
229 314
232 235
232 236
233 236
233 304
233 305
233 307
234 236
234 304
235 236
235 295
235 303
236 235
236 303
237 235
237 238
237 293
238 235
238 238
239 235
239 239
240 238
241 238
241 249
242 238
242 248
243 237
243 247
244 237
244 246
245 237
245 246
246 237
246 245
247 236
247 244
247 245
247 283
248 236
248 244
248 281
249 235
249 243
249 280
250 235
250 243
251 235
251 242
251 276
252 234
252 241
253 234
253 240
253 241
254 233
254 239
254 240
255 233
255 239
256 232
256 238
257 237
257 238
258 236
258 237
259 236
260 235
261 234
261 235
262 233
262 234
