195 251 35 101
193 274
194 274
195 274
196 273
197 272
198 272
199 272
206 255
206 256
209 251
210 249
210 259
210 260
210 261
210 262
211 257
211 260
211 261
212 246
212 332
212 333
212 334
212 335
212 336
212 337
212 338
212 339
212 340
213 244
213 328
213 329
213 330
213 331
213 341
213 342
213 343
213 344
213 345
213 346
213 347
213 348
214 242
214 325
214 326
214 327
215 240
215 242
215 323
215 324
215 325
216 238
216 321
216 322
216 334
216 335
216 336
216 337
216 338
216 343
216 344
216 345
217 234
217 235
217 236
217 237
217 319
217 320
217 330
217 331
217 332
217 333
217 339
217 340
217 341
217 346
217 347
217 348
218 327
218 328
218 329
219 325
219 327
220 324
221 323
222 320
223 313
229 311
229 312
229 313
229 314
233 304
233 305
233 307
234 304
235 303
236 303
