270 285 43 48
275 314
276 314
279 313
280 312
281 311
282 310
282 311
283 309
283 310
284 308
284 309
285 308
286 307
286 308
287 307
288 306
288 307
289 306
290 305
291 286
291 287
291 304
291 305
292 287
292 288
292 289
292 304
293 289
293 290
293 303
294 291
294 292
294 303
294 309
295 292
295 302
295 307
295 308
296 293
296 302
296 307
297 293
297 302
297 306
298 293
298 301
298 306
298 307
299 292
299 293
299 301
299 307
300 300
301 300
302 299
303 299
303 304
303 305
304 299
304 304
305 298
305 299
305 304
306 298
306 303
307 298
307 303
308 298
308 303
309 297
309 303
310 297
310 302
311 296
311 297
311 302
312 293
312 294
312 295
312 301
313 301
314 301
315 300
316 300
317 300
318 300
319 299
320 299
321 299
322 299
323 298
324 298
325 297
326 297
327 297
328 297
329 297
330 297
331 296
332 296
333 296
334 295
335 295
