168 204 61 40
168 212
176 201
176 202
176 203
176 204
176 205
176 206
176 207
181 205
182 205
185 205
186 205
187 206
189 206
190 206
192 207
193 207
194 207
195 208
197 207
205 226
205 232
206 226
207 226
219 221
219 222
219 223
219 224
220 234
221 232
222 230
223 228
224 224
224 225
225 223
225 233
225 234
225 235
226 230
226 231
226 232
227 218
228 238
232 211
233 209
233 210
234 208
234 209
235 207
235 208
236 206
236 207
237 205
237 206
238 204
238 205
239 204
240 203
241 202
241 203
242 202
243 201
243 202
244 201
245 201
246 200
247 200
248 201
