257 243 112 73
258 258
258 259
258 260
258 261
260 256
260 262
261 255
262 253
262 254
263 253
264 252
265 250
265 251
266 249
266 250
266 251
267 248
268 246
268 247
268 248
268 259
268 260
269 244
269 245
269 256
269 257
269 258
270 243
270 244
270 254
270 255
271 241
271 242
271 253
271 254
272 240
272 251
272 252
273 249
273 250
273 251
274 246
274 247
274 248
274 249
275 243
275 244
275 245
276 240
276 241
276 242
276 243
277 240
278 240
279 240
292 287
324 266
324 267
325 266
326 265
326 266
327 265
328 264
329 262
329 263
346 264
347 265
347 266
347 267
348 267
348 268
349 270
349 271
350 271
350 272
351 272
352 273
353 273
353 274
354 274
355 274
356 275
357 275
358 275
358 276
359 276
360 276
361 276
362 276
363 275
364 275
364 300
365 275
365 300
366 275
366 300
367 300
368 300
369 299
370 299
371 299
372 299
373 298
374 298
375 298
376 298
377 297
377 298
378 297
379 297
380 296
381 296
382 296
383 295
384 295
385 294
386 293
386 294
387 293
388 292
