66 57 115 100
69 151
69 152
70 151
71 150
72 150
73 149
73 150
74 149
75 148
76 148
77 148
78 147
79 128
79 147
80 128
80 146
80 147
81 128
81 139
81 146
82 104
82 128
82 140
82 141
82 146
83 102
83 105
83 129
83 130
83 141
83 145
84 99
84 100
84 101
84 131
84 132
84 141
84 145
85 98
85 132
85 141
85 145
86 97
86 98
86 132
86 140
86 145
87 97
87 133
87 134
87 139
87 140
87 145
88 97
88 135
88 137
88 138
88 139
88 145
89 97
89 135
89 140
89 145
90 97
90 135
90 140
90 144
91 97
91 135
91 144
92 97
92 136
92 145
93 97
93 136
93 145
94 97
94 136
94 144
95 97
95 136
95 144
96 97
96 136
96 144
97 97
97 136
97 144
98 97
98 136
98 144
99 136
99 144
100 98
100 137
100 144
101 98
101 137
101 145
102 137
102 145
103 137
103 145
104 138
104 145
105 138
105 145
106 138
106 145
107 138
107 146
108 138
108 146
109 64
109 65
109 73
109 76
109 77
109 78
109 79
109 81
109 82
109 83
109 84
109 85
109 86
109 87
109 89
109 90
109 91
109 92
109 138
109 146
110 62
110 63
110 66
110 67
110 68
110 69
110 70
110 71
110 72
110 75
110 119
110 138
110 146
110 150
111 60
111 61
111 62
111 120
111 138
111 146
111 149
112 138
112 148
112 149
113 138
113 147
113 148
114 62
114 139
114 147
114 149
115 62
115 139
115 145
116 139
116 145
117 139
117 145
117 153
117 154
118 139
118 145
118 153
119 62
119 139
119 145
119 153
120 139
120 145
120 153
121 62
121 140
121 146
121 153
122 63
122 140
122 146
122 153
123 63
123 140
123 146
123 153
124 63
124 140
124 146
124 153
125 62
125 140
125 153
125 154
126 62
126 140
126 149
126 153
126 154
127 62
127 141
127 149
127 153
128 141
128 149
129 63
129 141
129 149
130 63
130 141
130 149
131 62
131 141
131 149
132 140
132 150
133 62
133 140
133 150
134 63
134 141
134 150
135 63
135 141
135 150
136 63
136 142
136 151
137 142
137 151
138 143
138 151
139 143
139 151
140 143
140 144
140 151
141 144
142 145
143 145
143 151
144 146
144 151
144 152
145 146
145 152
146 147
146 152
147 148
147 152
148 151
149 151
150 151
151 151
167 149
168 131
168 149
169 131
169 148
170 132
170 148
171 132
171 148
172 133
172 148
172 149
173 133
173 149
174 133
174 134
174 150
175 134
175 149
176 134
177 134
178 134
