398 105 87 129
445 95
446 96
447 97
447 100
447 101
448 98
448 99
448 102
449 103
450 104
450 105
450 106
450 107
451 107
451 108
452 108
452 109
453 109
454 114
454 115
454 116
455 113
455 117
457 119
458 120
458 121
458 122
458 123
458 124
458 125
461 218
461 219
461 222
461 223
461 224
462 111
462 220
462 221
462 225
463 111
463 226
464 111
464 229
465 111
465 209
466 115
466 207
467 110
467 115
468 115
468 148
468 207
468 229
469 109
469 115
469 148
469 207
469 224
469 229
470 109
470 115
470 208
470 224
470 229
470 233
471 109
471 170
471 171
471 172
471 224
471 229
471 233
472 108
472 147
472 223
472 224
472 228
472 233
473 108
473 147
473 173
473 174
473 204
473 223
473 227
473 228
473 233
474 113
474 204
474 223
474 228
474 233
475 108
475 113
475 146
475 204
475 223
475 232
476 107
476 113
476 146
476 172
476 203
476 222
476 227
476 232
477 113
477 146
477 172
477 203
477 209
477 212
477 227
477 232
478 145
478 150
478 172
478 203
478 208
478 212
478 227
478 232
479 112
479 145
479 149
479 171
479 202
479 226
479 231
480 112
480 144
480 149
480 171
480 202
480 207
480 211
480 221
480 226
480 231
481 144
481 148
481 170
481 202
481 207
481 211
481 221
481 226
481 231
482 143
482 170
482 202
482 207
482 221
482 226
482 231
483 106
483 143
483 170
483 201
483 221
483 226
483 230
483 231
484 142
484 169
484 201
484 221
484 226
484 230
485 108
485 142
485 201
485 225
485 230
486 142
486 200
486 229
487 228
487 229
488 228
