142 147 88 93
136 142
137 142
138 143
139 143
140 143
140 144
141 144
141 185
142 145
142 185
143 145
143 185
144 146
144 185
145 146
145 184
146 147
147 148
147 183
148 183
149 182
150 182
151 182
152 183
153 197
154 184
154 195
154 196
155 194
155 200
156 185
156 186
156 192
156 193
156 199
156 200
156 201
156 202
156 203
156 207
156 208
156 209
156 223
156 224
156 225
157 187
157 188
157 189
157 190
157 191
157 204
157 205
157 206
157 210
157 223
158 211
158 215
158 216
158 217
158 218
158 219
158 222
159 212
159 214
159 220
159 222
160 190
160 191
160 222
161 191
161 192
162 193
162 194
168 212
168 217
168 218
168 220
169 202
172 191
172 192
172 193
172 220
176 201
176 202
176 203
176 204
176 205
176 206
176 207
177 193
177 194
177 195
177 196
178 191
178 192
181 205
182 205
183 205
184 205
188 206
191 207
192 207
193 207
194 207
195 208
196 207
203 168
205 232
209 167
209 168
209 169
210 166
210 167
210 172
211 164
211 165
211 166
212 163
212 164
212 176
213 163
213 170
214 161
214 162
214 163
214 169
215 159
215 160
215 161
215 167
215 168
216 158
216 159
216 165
216 166
216 181
217 157
217 158
217 183
218 156
219 155
219 162
219 163
219 184
219 221
219 222
219 223
219 224
220 153
220 154
220 160
220 161
220 189
220 190
220 234
221 151
221 159
221 160
221 232
222 150
222 158
222 230
223 149
223 157
223 228
224 146
224 147
224 155
224 156
224 224
224 225
225 144
225 145
225 151
225 153
225 154
225 223
226 144
227 218
232 211
233 210
234 209
235 208
236 207
238 205
239 204
240 203
241 202
241 203
242 202
243 201
243 202
244 201
245 201
246 200
247 200
248 201
