42 194 119 158
32 256
38 228
39 228
40 229
41 229
41 230
41 266
41 267
42 230
42 231
42 247
42 248
42 249
42 267
43 232
43 246
43 247
44 217
44 218
44 246
44 269
44 270
45 246
45 271
47 235
47 236
48 202
48 204
48 230
48 234
48 237
48 238
48 239
48 240
48 241
48 242
48 243
48 248
48 249
49 233
49 249
49 250
50 195
50 198
50 250
50 277
50 278
51 248
51 250
51 251
51 278
51 279
52 239
52 240
52 241
52 243
52 244
52 251
52 252
52 279
53 253
53 254
53 279
54 253
54 280
55 281
56 253
56 281
57 253
57 281
58 247
58 254
58 280
59 248
59 254
59 255
59 280
60 248
60 256
60 280
61 248
61 257
61 280
62 248
62 279
63 247
63 279
64 247
64 249
64 250
64 280
65 249
65 250
65 280
66 250
66 280
67 280
68 249
68 280
69 249
69 280
70 249
70 280
71 246
71 280
72 247
72 280
72 292
73 247
73 280
74 247
74 280
74 292
74 293
74 294
75 280
76 247
76 280
77 247
77 281
78 248
78 281
79 248
79 249
79 281
80 249
80 281
81 249
81 281
82 250
83 250
84 249
84 250
85 247
85 250
86 247
86 251
87 247
87 251
87 252
87 253
88 248
88 253
88 254
89 249
89 254
89 257
89 258
90 249
90 258
91 249
91 258
92 225
92 226
92 227
92 228
92 249
92 259
93 221
93 222
93 223
93 224
93 229
93 230
93 259
94 217
94 218
94 219
94 220
94 231
94 232
94 233
94 234
94 259
95 214
95 215
95 216
95 234
95 235
95 236
95 259
96 212
96 213
96 214
96 236
96 237
96 259
97 210
97 211
97 238
97 239
97 260
98 206
98 207
98 208
98 209
98 239
98 240
98 260
99 204
99 205
99 240
99 241
99 261
100 203
100 241
100 261
100 266
101 197
101 198
101 199
101 201
101 202
101 224
101 225
101 261
101 266
102 196
102 198
102 219
102 220
102 221
102 222
102 223
102 226
102 227
102 228
102 229
102 261
102 266
103 197
103 198
103 217
103 218
103 230
103 231
103 232
103 233
103 234
103 235
103 236
103 261
103 266
104 197
104 198
104 214
104 215
104 216
104 261
104 266
105 197
105 198
105 212
105 213
105 261
105 266
106 199
106 210
106 211
106 261
106 266
107 200
107 201
107 202
107 203
107 204
107 205
107 206
107 207
107 208
107 209
107 262
107 266
107 274
107 275
108 262
108 266
108 274
109 229
109 230
109 231
109 262
109 266
109 274
110 218
110 219
110 220
110 221
110 222
110 223
110 224
110 225
110 226
110 227
110 228
110 232
110 233
110 235
110 262
110 266
110 273
111 213
111 214
111 215
111 216
111 217
111 233
111 234
111 262
111 273
112 210
112 211
112 212
112 234
112 262
112 273
113 235
113 262
113 272
114 209
114 262
114 272
115 262
115 272
116 262
116 272
117 262
117 272
118 228
118 229
118 230
118 231
118 262
118 272
119 205
119 220
119 221
119 222
119 223
119 224
119 225
119 226
119 227
119 238
119 239
119 262
119 272
120 205
120 206
120 217
120 218
120 219
120 263
120 272
121 207
121 208
121 209
121 215
121 216
121 217
121 263
121 272
122 209
122 213
122 214
122 215
122 263
122 264
122 272
122 273
123 264
123 265
123 273
124 265
124 273
125 266
125 267
125 273
126 267
126 268
126 272
127 269
127 272
128 269
128 273
129 273
130 273
130 274
131 274
132 274
133 274
134 275
135 275
135 276
136 276
137 276
138 276
139 209
139 276
140 210
140 276
140 288
141 211
141 276
141 288
142 212
142 276
142 288
143 213
143 276
143 289
144 213
144 276
144 289
145 213
145 277
145 289
146 213
146 277
146 289
147 213
147 277
147 289
148 213
148 277
148 289
149 212
149 277
149 289
150 212
150 277
150 288
151 278
151 288
152 279
153 279
153 280
154 183
154 278
155 184
155 185
155 278
156 226
156 278
157 227
157 228
157 278
158 228
158 229
158 278
159 221
159 229
159 278
160 278
161 230
161 278
162 226
162 227
162 229
162 278
163 228
163 278
164 278
165 278
166 278
167 278
168 278
169 278
170 278
171 278
172 278
173 277
173 278
174 277
