319 259 70 74
322 291
323 291
324 266
324 267
324 290
324 291
325 266
325 290
326 265
326 266
326 290
327 265
327 289
328 264
328 288
328 289
329 262
329 263
329 287
329 288
330 286
330 287
332 284
332 285
332 286
333 286
333 287
335 296
336 296
337 296
338 296
339 296
340 296
346 264
347 265
347 266
347 267
348 267
348 268
348 269
348 327
348 328
349 270
349 271
349 325
349 326
349 327
350 271
350 272
351 272
352 273
352 323
352 324
353 273
353 274
353 324
353 325
354 274
354 326
355 274
355 327
356 275
357 275
358 275
358 276
359 276
360 276
361 276
362 276
363 275
364 275
364 300
365 275
365 300
366 275
366 300
367 300
368 300
369 259
369 299
370 259
370 265
370 299
371 260
371 265
371 299
372 260
372 266
372 299
373 260
373 267
373 298
374 267
374 298
375 267
375 268
375 298
376 298
377 263
377 270
377 272
377 297
377 298
378 258
378 263
378 297
379 259
379 263
379 264
379 297
380 260
380 261
380 296
381 296
382 296
383 295
384 295
385 294
386 293
386 294
387 293
388 292
