356 72 108 49
357 99
358 99
359 98
360 97
361 96
361 97
361 114
362 95
362 96
363 95
363 112
363 113
364 94
364 111
364 112
365 93
365 94
365 110
365 111
366 93
366 109
366 110
367 92
367 93
367 108
367 109
368 92
368 108
369 91
369 107
370 90
370 106
370 107
371 90
371 105
371 106
372 90
372 105
373 90
373 104
374 91
374 92
374 103
374 104
375 92
375 103
376 93
376 102
377 94
377 95
377 102
378 96
378 101
379 97
379 98
379 100
379 101
380 99
435 80
437 83
438 84
439 85
440 87
440 88
441 88
441 89
442 74
442 90
443 74
445 73
445 93
445 94
446 73
446 92
447 72
447 92
447 96
448 72
449 71
449 72
449 91
450 90
451 90
452 89
452 103
453 88
453 89
453 102
453 110
454 88
454 102
454 109
454 110
455 87
455 88
455 109
455 110
456 87
456 92
456 108
457 87
457 92
457 108
458 86
458 91
458 92
458 108
459 86
459 91
460 85
460 86
460 91
461 85
461 90
462 85
462 90
463 84
463 89
464 84
465 84
466 83
467 83
468 83
469 83
470 82
