426 96 67 114
445 95
446 96
447 97
447 100
447 101
448 98
448 99
448 102
449 103
450 104
450 105
450 106
450 107
451 107
451 108
452 108
452 109
453 109
454 114
454 115
454 116
455 113
455 117
457 119
458 120
458 121
458 122
458 123
458 124
458 125
459 126
459 127
459 128
460 129
460 130
460 131
461 132
461 133
461 134
462 111
462 135
462 136
462 137
462 138
463 111
463 139
463 140
463 141
463 142
463 143
464 111
464 203
464 204
464 205
465 111
465 198
465 199
465 200
465 201
465 202
465 206
465 209
466 115
466 191
466 192
466 193
466 194
466 195
466 196
466 197
466 207
467 110
467 115
467 184
467 185
467 186
467 187
467 188
467 189
467 190
468 115
468 148
468 175
468 176
468 177
468 178
468 182
468 183
468 207
469 109
469 115
469 148
469 179
469 180
469 181
469 207
470 109
470 115
470 208
471 109
472 108
472 147
473 78
473 108
473 147
473 174
473 204
474 80
474 82
474 113
474 204
475 83
475 108
475 113
475 146
475 204
476 84
476 87
476 107
476 113
476 146
476 203
477 85
477 88
477 113
477 146
477 203
477 209
478 89
478 101
478 145
478 150
478 203
478 208
479 90
479 91
479 101
479 112
479 145
479 149
479 202
480 91
480 93
480 94
480 95
480 96
480 101
480 112
480 144
480 149
480 202
480 207
481 97
481 100
481 144
481 148
481 170
481 202
481 207
482 143
482 170
482 202
482 207
483 106
483 112
483 143
483 201
484 111
484 142
484 201
485 108
485 142
485 201
486 142
486 200
486 209
487 142
487 201
488 201
488 202
489 143
489 148
489 149
489 164
489 165
489 200
490 149
490 150
490 173
490 200
491 161
491 171
491 172
491 176
491 177
