174 36 133 139
137 63
138 63
139 63
140 63
141 63
142 63
143 63
144 63
145 63
146 63
147 63
148 63
149 63
150 63
151 63
152 64
152 151
153 64
153 151
154 64
154 151
155 63
155 151
156 63
156 151
157 64
157 152
158 64
158 152
159 64
159 152
160 53
160 64
160 152
161 53
161 64
161 152
162 53
162 64
162 152
163 53
163 64
163 152
164 53
164 64
164 152
165 53
165 64
165 153
166 53
166 64
166 153
167 53
167 64
167 153
168 53
168 63
168 131
168 153
169 53
169 63
169 131
169 153
170 53
170 63
170 132
170 154
170 169
171 53
171 63
171 132
171 148
171 154
171 168
172 53
172 64
172 133
172 148
172 149
172 154
172 168
172 169
173 53
173 64
173 133
173 149
173 154
173 169
173 170
174 53
174 64
174 133
174 134
174 150
174 154
174 170
174 171
175 53
175 64
175 134
175 149
175 154
176 53
176 64
176 134
176 154
177 54
177 64
177 134
177 154
178 54
178 64
178 134
178 154
178 155
179 54
179 64
179 155
180 54
180 64
180 155
181 54
181 64
181 155
182 54
182 64
182 155
183 54
183 64
183 156
184 54
184 65
184 156
185 53
185 65
185 156
186 53
186 65
186 157
187 53
187 65
187 157
188 53
188 66
188 157
189 53
189 65
189 158
190 53
190 65
190 158
191 53
191 65
191 159
192 53
192 65
192 159
192 160
193 54
193 65
193 160
194 54
194 65
194 161
195 54
195 66
195 161
195 162
196 54
196 66
196 162
196 163
196 172
197 54
197 66
197 163
197 164
197 172
197 173
198 54
198 66
198 164
198 173
199 54
199 66
199 165
199 173
200 54
200 66
200 166
200 173
201 54
201 66
201 167
201 173
202 54
202 66
202 168
203 55
203 66
203 169
204 55
204 66
204 169
204 170
205 55
205 66
205 170
206 55
206 66
207 55
207 66
208 55
208 66
208 168
209 55
209 66
209 167
209 168
209 169
209 170
209 171
209 172
210 55
210 66
210 166
210 167
211 55
211 66
211 164
211 165
211 166
212 55
212 66
212 163
212 164
213 55
213 66
213 163
213 170
214 56
214 66
214 161
214 162
214 163
214 169
215 56
215 66
215 159
215 161
215 167
215 168
216 56
216 66
216 158
216 159
216 166
217 56
217 66
217 157
217 158
218 56
218 65
218 156
219 56
219 66
219 155
219 163
220 66
220 153
220 160
220 161
221 67
221 152
221 159
221 160
222 67
222 150
222 158
223 67
223 148
223 149
223 157
224 67
224 155
224 156
225 67
225 153
225 154
226 67
226 143
226 152
227 66
227 143
228 142
229 142
230 66
230 142
231 66
231 142
232 56
232 138
232 140
232 142
233 139
233 143
234 138
234 143
235 56
235 138
235 143
236 56
236 136
236 144
236 154
237 135
237 144
237 154
237 155
238 56
238 144
238 155
238 156
239 56
239 145
239 157
239 158
240 145
240 159
240 160
240 161
241 146
241 161
241 162
241 163
242 56
242 164
243 56
243 146
243 147
243 166
244 122
244 123
244 124
244 125
244 126
244 127
244 128
244 129
244 130
244 131
244 132
244 133
244 134
244 135
244 146
244 147
244 148
244 149
244 166
244 167
244 168
245 118
245 119
245 120
245 121
245 136
245 137
245 138
245 139
245 140
245 141
245 142
245 143
245 144
245 145
245 168
246 67
246 115
246 116
246 117
247 57
247 113
247 114
248 110
248 111
248 112
248 151
248 152
248 153
249 107
249 108
249 109
249 154
249 155
249 156
250 105
250 106
250 107
250 135
250 136
250 137
250 138
250 139
250 140
250 157
250 158
250 159
250 160
250 172
251 103
251 104
251 131
251 161
251 162
251 163
252 132
252 164
252 171
253 132
253 171
254 99
254 133
255 97
255 98
255 133
256 96
256 97
256 133
256 173
257 94
257 95
257 133
257 173
258 93
258 94
258 133
259 91
259 92
259 133
260 90
260 91
260 132
261 89
261 90
261 132
262 88
262 89
262 132
263 87
263 88
263 133
264 86
264 87
264 133
265 85
265 86
265 133
266 85
266 134
267 84
267 134
268 134
269 135
270 135
271 135
272 135
273 135
274 135
275 135
276 135
277 135
278 89
278 92
278 135
279 91
279 92
279 135
280 92
280 136
281 88
281 136
282 88
282 136
283 88
283 135
284 89
284 135
285 76
285 89
285 90
285 91
285 135
286 76
286 88
286 89
286 92
286 93
286 94
286 95
286 101
286 135
287 75
287 88
287 96
287 102
287 103
287 135
288 88
288 97
288 104
289 88
289 97
289 105
289 136
290 53
290 87
290 97
290 98
290 105
290 136
291 51
291 52
291 53
291 87
291 98
291 105
291 136
292 43
292 44
292 45
292 46
292 47
292 87
292 99
292 104
292 105
292 136
293 34
293 35
293 36
293 37
293 38
293 39
293 40
293 41
293 87
293 99
293 100
293 104
293 136
294 27
294 28
294 29
294 30
294 31
294 32
294 33
294 34
294 86
294 99
294 100
294 103
294 104
294 136
294 168
295 23
295 24
295 25
295 73
295 86
295 103
295 136
295 167
296 86
296 103
296 136
297 74
297 87
297 102
297 136
297 165
298 75
298 87
298 102
299 75
299 87
299 101
300 76
300 87
301 86
301 87
301 88
301 138
301 139
302 88
302 89
302 90
302 91
302 92
302 139
302 140
303 141
303 142
304 142
304 143
307 76
308 75
308 76
309 74
309 75
310 73
310 74
311 72
311 73
312 71
312 72
313 70
313 71
314 70
315 69
316 67
316 68
317 66
317 67
324 154
