101 140 181 73
88 145
89 145
90 144
91 144
92 145
93 145
94 144
95 144
96 144
97 144
98 144
99 144
100 144
101 145
102 145
103 145
104 145
105 145
106 145
107 146
108 146
109 146
109 151
110 146
110 150
111 146
111 149
111 178
111 179
112 148
112 149
113 147
113 148
113 182
114 147
114 149
114 208
115 145
116 145
116 154
116 155
116 206
117 153
117 154
117 185
117 205
118 153
118 205
119 153
120 153
120 171
120 173
120 175
121 153
121 165
121 166
121 167
121 168
121 169
121 170
121 178
121 187
121 208
122 153
122 183
123 153
123 183
123 188
124 153
124 163
124 174
124 183
125 153
125 154
125 161
125 162
125 163
125 174
125 183
126 153
126 154
126 161
126 162
126 174
126 175
126 183
126 184
126 189
127 153
127 162
127 172
127 189
128 162
128 170
128 171
128 189
129 168
129 169
129 183
129 189
130 166
130 167
130 189
131 182
131 188
132 160
132 161
132 188
133 159
133 160
133 182
133 188
134 159
134 182
134 187
135 182
136 142
136 187
137 142
137 187
138 143
138 180
138 187
139 143
139 180
139 186
140 143
140 144
140 180
140 186
141 144
141 180
141 185
142 145
142 181
142 185
143 145
143 185
144 146
144 185
145 146
145 179
145 184
146 147
146 177
146 178
147 148
147 183
148 176
148 183
149 176
149 182
150 175
150 182
151 175
151 182
152 175
152 183
153 176
153 197
154 176
154 184
154 195
154 196
155 177
155 194
155 200
156 177
156 185
156 186
156 192
156 193
156 199
156 200
156 201
156 202
156 203
156 207
156 208
156 209
157 178
157 187
157 188
157 189
157 190
157 191
157 204
157 205
157 206
157 210
158 178
158 211
159 178
159 212
160 190
160 191
161 191
161 192
162 193
162 194
167 170
168 170
168 212
169 169
169 202
170 169
171 168
172 169
172 191
172 192
172 193
173 169
173 170
174 170
174 171
176 201
176 202
176 203
176 204
176 205
176 206
176 207
177 193
177 194
177 195
177 196
178 191
178 192
181 205
182 205
183 205
184 205
188 206
191 207
196 207
201 181
202 177
203 168
203 175
203 177
209 167
209 168
209 169
209 170
209 171
210 166
210 167
210 172
211 164
211 165
211 166
212 163
212 164
212 176
213 163
213 170
214 161
214 162
214 163
214 169
215 159
215 160
215 161
215 167
215 168
216 158
216 159
216 165
216 166
216 181
217 157
217 158
217 183
218 156
219 155
219 162
219 163
219 184
220 153
220 154
220 160
220 161
220 185
220 189
220 190
221 151
221 159
221 160
222 150
222 158
222 186
222 187
223 149
223 157
223 187
224 146
224 147
224 155
224 156
224 187
225 144
225 145
225 151
225 153
225 154
225 188
226 144
226 188
227 189
228 189
229 190
230 190
231 190
232 138
232 191
233 138
233 139
233 191
234 137
234 138
234 191
235 138
235 191
236 191
237 186
237 187
237 191
238 186
238 187
238 191
239 185
239 186
239 191
240 185
240 191
241 184
241 185
241 191
242 146
242 183
242 190
243 146
243 165
243 181
243 190
244 123
244 124
244 125
244 126
244 127
244 128
244 129
244 130
244 131
244 132
244 133
244 134
244 135
244 147
244 148
244 149
244 191
245 118
245 119
245 120
245 121
245 136
245 137
245 138
245 139
245 140
245 141
245 142
245 143
245 144
245 145
245 179
245 192
246 115
246 116
246 117
246 169
246 177
246 192
246 193
247 113
247 114
247 174
247 175
247 176
247 192
248 110
248 111
248 112
248 151
248 172
248 173
248 186
248 187
248 192
249 107
249 108
249 109
249 172
249 187
249 188
249 191
249 192
250 105
250 106
250 107
250 135
250 136
250 137
250 138
250 139
250 140
250 172
250 187
250 191
250 198
251 103
251 104
251 164
251 171
251 191
251 197
252 101
252 102
252 165
252 166
252 171
252 190
252 197
252 201
253 100
253 101
253 171
253 190
253 197
253 201
254 99
254 171
254 190
254 197
254 201
255 97
255 98
255 171
255 172
255 190
255 197
255 201
256 96
256 97
256 172
256 190
256 197
256 201
257 94
257 95
257 189
257 196
257 201
258 93
258 94
258 174
258 189
258 201
259 91
259 92
259 175
259 176
259 177
259 178
259 189
259 196
259 201
260 90
260 91
260 189
260 195
260 201
261 89
261 90
261 179
261 180
261 189
261 195
261 200
262 88
262 89
262 180
262 189
262 194
262 195
262 200
263 88
263 180
263 181
263 188
263 194
263 199
264 86
264 87
264 181
264 182
264 188
264 193
264 198
265 182
265 183
265 193
265 198
266 183
266 188
266 198
267 184
267 188
267 197
268 184
268 185
268 188
268 197
268 198
269 185
269 188
269 196
270 185
270 186
270 188
270 196
271 188
271 195
272 185
272 189
273 184
273 185
273 189
273 190
274 184
274 191
275 183
275 184
275 192
276 183
276 192
277 183
277 191
278 182
278 191
279 182
279 190
280 189
281 180
282 179
282 180
283 179
284 178
