449 219 41 117
447 257
450 257
451 257
451 261
452 257
457 243
457 244
457 245
457 246
457 247
457 248
458 241
458 242
458 250
459 231
459 232
459 233
459 234
459 238
459 239
459 240
459 249
460 230
460 235
460 236
460 237
460 238
460 248
461 217
461 218
461 219
461 222
461 223
461 224
461 229
461 247
462 216
462 220
462 221
462 225
463 210
463 211
463 215
463 229
464 212
464 213
464 214
465 229
468 242
472 240
472 241
473 239
473 240
474 239
476 236
486 225
487 221
487 228
488 221
488 224
488 225
488 227
489 208
489 209
489 221
489 223
489 226
489 227
490 207
490 210
490 215
490 216
490 217
490 218
490 219
491 204
491 205
491 206
491 211
491 212
491 213
491 214
