416 27 64 49
414 53
414 54
415 54
415 55
416 55
416 56
417 40
417 50
417 56
417 57
418 40
418 41
418 50
418 57
418 58
419 40
419 41
419 50
419 58
419 59
420 40
420 49
420 60
421 40
421 49
421 60
421 61
422 44
422 49
422 62
423 44
423 48
423 63
424 44
424 48
424 51
424 64
425 44
425 48
425 51
425 64
425 65
426 44
426 47
426 51
426 65
426 66
426 67
427 44
427 47
427 67
427 68
428 46
428 47
428 50
428 64
428 68
428 69
429 29
429 47
429 50
429 64
429 69
429 70
430 46
430 50
430 70
430 71
431 30
431 38
431 50
431 71
432 30
432 31
433 31
433 37
433 62
434 32
434 62
434 66
435 61
435 65
436 35
436 61
436 65
437 61
437 64
437 71
438 37
438 60
438 64
438 71
439 38
439 39
439 60
439 64
440 40
440 41
440 59
440 64
440 70
441 41
441 58
441 64
441 70
441 75
442 41
442 42
442 58
442 70
443 43
443 49
443 50
443 58
443 62
443 69
444 43
444 44
444 50
444 51
444 57
444 62
444 69
444 74
445 45
445 52
445 57
445 61
445 68
445 69
446 56
446 57
446 61
446 68
446 73
447 56
447 60
447 67
448 55
448 56
448 67
449 55
449 66
449 72
450 50
450 51
450 55
450 66
450 71
451 52
451 65
452 52
452 53
452 65
452 70
453 53
453 70
454 54
454 64
454 69
455 55
455 64
455 69
456 55
456 56
456 63
456 68
457 63
457 68
458 59
458 62
458 68
459 62
459 68
460 62
460 67
461 62
462 62
462 63
462 64
463 65
464 65
464 66
465 66
466 67
466 68
467 68
467 69
468 69
468 70
469 71
469 72
470 72
470 73
471 74
471 75
472 75
