91 175 35 67
96 237
97 238
97 239
98 239
98 240
99 240
99 241
101 225
102 223
102 226
102 227
102 228
102 229
103 230
103 231
103 232
103 233
103 234
103 235
103 236
104 197
104 198
105 197
105 198
106 155
106 156
106 157
106 164
106 165
106 166
106 199
107 153
107 154
107 158
107 159
107 160
107 161
107 162
107 163
107 167
107 168
107 169
107 170
107 200
107 201
107 202
107 203
107 204
107 205
108 171
108 172
108 173
108 174
108 175
109 176
109 177
109 229
109 231
110 177
110 218
110 219
110 220
110 221
110 222
110 223
110 224
110 225
110 226
110 227
110 228
111 178
111 179
111 214
111 216
111 217
112 179
112 180
112 181
112 210
114 176
114 177
114 182
114 208
114 209
115 175
115 176
115 183
115 207
116 184
116 185
116 206
117 185
117 186
117 205
117 235
117 236
118 186
118 205
118 233
118 234
118 237
119 187
119 205
120 175
120 176
120 177
120 187
120 205
120 206
121 175
121 177
121 179
121 188
121 207
121 209
122 180
122 181
122 183
122 188
122 209
125 183
126 184
127 183
128 183
130 183
132 182
135 181
136 181
137 181
141 180
143 180
144 180
147 177
151 175
