466 0 33 102
458 62
459 62
460 62
461 62
462 62
462 63
462 64
462 65
463 65
464 65
464 66
465 66
466 67
466 68
467 69
467 88
468 69
468 70
468 88
469 72
469 87
470 72
470 73
470 87
471 74
471 75
471 82
472 76
473 77
473 78
473 82
474 78
474 79
474 80
474 81
475 83
476 84
476 86
476 87
477 85
477 88
477 89
477 101
478 102
479 102
480 91
480 92
480 93
480 94
480 95
480 96
480 101
480 102
481 97
481 100
482 98
482 99
486 5
486 6
486 8
487 6
487 7
487 9
487 10
487 11
487 12
487 13
487 14
488 15
488 16
489 17
492 15
