209 21 90 39
160 53
161 53
162 53
163 53
164 53
165 53
166 53
167 53
168 53
169 53
170 53
171 53
172 53
173 53
174 53
175 53
176 53
177 54
178 54
179 54
180 54
181 54
182 54
183 54
184 54
185 53
186 53
187 53
188 53
189 53
190 53
191 53
192 53
193 54
194 54
195 54
196 54
197 54
198 54
199 54
200 54
201 54
202 54
203 55
204 55
205 55
206 55
207 55
208 55
209 55
210 55
211 55
212 55
213 55
214 56
215 56
233 56
234 56
237 56
240 56
241 57
244 57
245 57
246 57
248 57
249 57
250 57
251 57
252 57
253 57
254 57
255 57
256 57
257 57
258 57
259 58
260 58
261 58
262 58
263 58
264 58
265 57
266 57
267 57
268 57
269 56
270 56
271 56
285 53
286 53
287 53
288 54
289 54
290 53
291 51
291 52
291 53
292 43
292 44
292 45
292 46
292 47
293 34
293 35
293 36
293 37
293 38
293 39
293 40
293 41
294 27
294 28
294 29
294 30
294 31
294 32
294 33
294 34
295 23
295 24
295 25
