467 200 32 92
473 239
473 240
474 239
476 209
476 236
479 208
479 212
486 225
487 209
487 221
487 228
488 221
488 224
488 225
488 227
489 201
489 202
489 208
489 209
489 221
489 223
489 226
489 227
490 207
490 210
490 215
490 216
490 217
490 218
490 219
491 177
491 178
491 181
491 182
491 183
491 184
491 185
491 186
491 187
491 188
491 189
491 190
491 191
491 192
491 193
491 194
491 195
491 196
491 197
491 198
491 199
491 204
491 205
491 206
491 211
491 212
491 213
491 214
492 179
492 180
493 222
