240 48 121 121
186 65
187 65
188 66
189 65
190 65
191 65
192 65
193 65
194 65
195 66
196 66
197 66
198 66
199 66
200 66
201 66
202 66
203 66
204 66
205 66
206 66
207 66
208 66
209 66
210 66
211 66
212 66
213 66
214 66
215 66
216 66
217 66
218 65
219 66
220 66
221 67
222 67
223 67
224 67
225 67
226 67
227 66
230 66
231 66
232 56
232 142
233 143
234 143
235 56
235 143
236 56
236 144
236 154
237 144
237 154
237 155
238 56
238 144
238 155
238 156
239 56
239 145
239 157
239 158
240 145
240 159
240 160
240 161
241 146
241 161
241 162
241 163
242 56
242 164
243 56
243 147
243 166
244 122
244 146
244 149
244 166
244 167
244 168
245 168
246 67
247 57
248 152
248 153
249 154
249 155
249 156
250 157
250 158
250 159
250 160
251 161
251 162
251 163
252 101
252 102
252 164
253 100
253 101
253 132
254 99
254 133
255 97
255 98
255 133
256 96
256 97
256 133
257 133
258 93
258 94
258 133
259 91
259 92
259 133
260 90
260 91
260 132
261 89
261 90
261 132
262 88
262 89
262 132
263 87
263 88
263 133
264 86
264 87
264 133
265 85
265 86
265 133
266 85
266 134
267 84
267 134
268 134
269 135
270 135
271 135
272 135
273 135
274 135
275 135
276 135
277 135
278 90
278 135
279 135
280 136
281 136
282 136
283 135
284 135
285 76
285 135
286 76
286 135
287 75
287 135
288 96
289 136
290 53
290 105
290 136
291 51
291 52
291 53
291 105
291 136
292 42
292 43
292 44
292 45
292 46
292 47
292 48
292 49
292 50
292 105
292 136
293 34
293 35
293 36
293 37
293 38
293 39
293 40
293 41
293 136
293 168
293 169
294 26
294 27
294 28
294 29
294 30
294 31
294 32
294 33
294 34
294 136
294 167
294 168
295 23
295 24
295 25
295 73
295 136
295 166
295 167
296 22
296 136
296 165
296 166
297 74
297 136
297 165
298 75
298 101
298 164
298 165
299 75
299 163
299 164
300 76
300 100
300 160
300 161
300 162
300 163
301 98
301 99
301 153
301 154
301 155
301 156
301 157
301 158
301 159
302 88
302 89
302 90
302 91
302 92
302 93
302 94
302 95
302 96
302 97
302 98
302 152
302 153
303 151
304 144
304 145
304 146
304 147
304 148
304 149
304 150
308 75
309 74
309 75
310 73
310 74
311 72
311 73
312 71
312 72
313 70
313 71
314 70
315 69
316 67
316 68
317 66
317 67
318 65
318 167
319 64
319 167
320 63
320 167
321 62
321 63
322 61
322 62
322 162
323 60
323 61
324 59
324 60
325 58
325 66
325 153
326 56
326 57
326 152
326 153
327 54
327 55
327 151
327 152
329 149
329 154
330 149
331 148
331 154
331 160
332 155
332 159
336 162
337 143
338 156
339 53
339 154
339 155
340 54
340 55
340 153
341 138
341 150
341 151
342 137
342 149
343 89
343 135
343 136
343 137
343 138
343 147
345 84
345 125
345 139
345 140
345 142
345 143
346 59
346 112
347 61
347 127
348 61
348 62
349 129
350 64
350 130
351 115
352 106
352 125
353 66
353 91
353 107
353 123
353 124
353 125
354 108
355 109
355 120
355 121
356 120
357 99
357 119
358 99
358 118
358 119
359 98
359 117
359 118
360 97
360 115
360 116
361 96
361 97
362 95
363 95
364 94
366 93
367 92
367 93
369 91
370 90
371 90
384 53
384 54
385 52
385 53
386 51
386 52
387 50
