120 166 64 46
111 178
111 179
113 182
114 208
115 207
116 206
117 185
117 205
118 205
120 171
120 173
120 175
121 165
121 166
121 167
121 168
121 169
121 170
121 175
121 178
121 187
121 208
122 183
123 183
123 188
124 174
124 183
125 174
125 183
126 174
126 175
126 183
126 184
126 189
127 172
127 189
128 170
128 171
128 189
129 164
129 165
129 168
129 169
129 183
129 189
130 166
130 167
130 189
131 182
131 188
132 188
133 182
133 188
134 182
134 187
135 181
135 182
136 181
136 187
137 181
137 187
138 187
139 186
140 186
141 180
141 185
142 185
144 180
148 183
151 175
153 183
153 197
154 183
154 195
154 196
155 184
155 185
155 200
156 199
156 200
156 201
156 202
156 203
156 207
156 208
156 209
157 204
157 205
157 206
157 210
158 211
159 212
160 178
161 177
162 177
163 175
163 176
163 193
164 173
164 174
164 175
165 172
165 173
166 171
169 203
169 204
169 205
169 210
169 211
170 196
170 197
170 198
170 199
170 200
170 201
170 202
170 206
170 207
170 208
170 209
171 194
171 195
173 181
173 182
173 183
173 184
173 185
173 186
173 187
173 188
173 189
173 190
174 175
174 176
174 177
174 178
174 179
174 180
175 172
175 174
175 206
175 207
175 208
175 209
175 210
175 211
178 190
