279 10 61 99
278 88
278 90
281 87
282 87
282 88
283 88
284 89
285 53
285 89
285 90
286 53
286 88
286 89
287 53
287 88
288 14
288 54
288 88
288 96
289 54
289 88
290 87
290 98
290 105
291 87
291 98
291 105
292 42
292 48
292 49
292 50
292 87
292 99
292 104
292 105
293 87
293 99
293 100
293 104
294 26
294 86
294 99
294 100
294 103
294 104
295 23
295 24
295 25
295 86
295 103
296 22
296 86
296 103
297 87
297 102
298 87
298 102
299 87
299 101
300 87
301 76
301 86
301 87
301 88
301 98
302 77
302 90
302 91
302 92
302 93
302 94
302 95
302 96
302 97
302 98
303 77
304 77
305 77
306 77
307 76
308 76
315 69
319 64
320 63
321 62
321 63
322 61
322 62
323 60
323 61
324 59
324 60
325 58
325 66
326 56
326 57
326 66
327 54
327 55
327 66
328 53
328 54
328 67
329 53
329 67
330 68
331 68
332 68
333 68
334 68
335 69
336 69
337 70
338 70
