460 105 19 45
454 114
454 115
454 116
455 113
455 117
456 118
457 119
458 120
458 121
458 122
458 123
458 124
458 125
459 126
459 127
459 128
460 129
460 130
460 131
461 132
461 133
461 134
462 111
462 135
462 136
462 137
462 138
463 111
463 139
463 140
463 141
463 142
463 143
464 111
464 144
464 145
464 146
465 111
465 146
465 147
466 115
466 147
466 148
467 110
467 115
467 148
467 149
468 115
469 109
469 115
470 109
470 115
470 148
471 109
471 148
472 108
473 108
474 113
475 108
475 113
476 107
476 113
477 113
479 112
480 112
486 142
