342 256 47 84
344 304
345 304
346 264
346 303
347 265
347 266
347 267
347 303
348 267
348 268
348 269
348 303
348 328
349 270
349 271
349 302
350 271
350 272
350 302
351 272
351 302
352 273
352 302
353 273
353 274
353 302
354 274
354 302
354 326
355 274
355 302
355 327
356 275
356 301
357 275
357 301
358 275
358 276
359 276
360 276
361 276
362 276
363 275
364 275
365 275
366 275
369 259
369 299
370 259
370 265
370 299
371 260
371 265
371 299
372 257
372 260
372 266
372 299
373 256
373 260
373 267
373 298
374 257
374 267
374 298
375 257
375 267
375 268
375 298
376 258
376 269
376 298
377 263
377 270
377 272
377 297
377 298
378 256
378 258
378 263
378 297
379 256
379 259
379 263
379 264
379 297
380 255
380 256
380 260
380 261
380 296
381 256
381 257
381 296
382 256
382 296
383 252
383 253
383 254
383 295
384 295
385 294
386 293
386 294
387 293
388 292
