345 259 107 37
346 264
347 265
347 266
347 267
348 267
348 268
348 269
349 270
349 271
350 271
350 272
351 272
352 273
353 273
353 274
354 274
355 274
356 275
357 275
358 275
358 276
359 276
360 276
361 276
362 276
363 275
364 275
365 275
366 275
369 259
370 259
370 265
371 260
371 265
372 260
372 266
373 260
373 267
374 267
375 267
375 268
376 269
377 263
377 270
377 272
378 258
378 270
378 271
378 272
379 259
380 262
380 263
381 261
382 262
424 268
425 267
425 268
426 267
427 266
428 266
429 265
430 264
431 264
432 263
433 258
433 263
434 258
434 259
435 258
435 259
435 262
436 259
436 262
438 262
438 284
438 285
439 257
439 262
439 286
439 287
439 288
439 289
440 257
440 261
440 279
440 280
440 281
441 261
441 279
442 277
442 278
443 275
443 276
443 277
445 272
445 273
446 269
446 270
446 271
447 268
449 260
449 263
449 264
449 265
449 266
450 260
450 261
450 262
450 263
451 261
452 267
452 268
453 265
453 266
453 267
454 265
455 265
