243 251 49 81
244 290
245 285
245 286
245 287
245 288
245 289
246 283
246 284
247 282
248 271
248 272
248 280
249 269
249 270
249 279
250 269
250 277
250 278
250 279
251 275
251 277
252 266
252 267
252 273
252 274
254 264
254 270
256 262
256 268
257 268
258 258
258 259
258 260
258 261
258 267
259 257
259 261
259 266
260 256
260 262
260 265
260 302
261 255
261 264
261 301
262 253
262 254
262 263
263 253
263 263
264 252
264 263
264 298
264 299
265 250
265 251
265 263
265 298
266 249
266 250
266 251
266 262
266 298
267 248
267 261
267 262
268 247
268 248
268 259
268 260
268 297
269 256
269 257
269 258
270 254
270 255
271 253
271 254
271 328
272 251
272 252
272 293
272 294
273 249
273 250
273 251
273 293
274 246
274 247
274 248
274 249
274 292
275 243
275 244
275 245
275 292
275 315
276 240
276 241
276 242
276 243
276 291
276 313
277 240
277 291
277 313
278 240
278 290
278 313
279 240
279 290
279 312
280 289
280 290
281 289
295 302
296 302
297 302
298 301
299 301
300 300
301 300
302 299
303 299
304 299
305 298
305 299
306 298
307 298
308 298
