297 131 196 79
253 132
254 133
255 133
256 133
257 133
258 133
259 133
260 132
261 132
262 132
263 133
264 133
265 133
266 134
267 134
268 134
269 135
270 135
271 135
272 135
273 135
274 135
275 135
276 135
277 135
278 135
279 135
280 136
281 136
282 136
283 135
284 135
285 135
286 135
287 135
288 136
289 136
290 136
291 136
292 136
293 136
294 136
295 136
296 136
297 136
298 137
298 204
298 206
299 137
299 198
299 199
299 202
299 203
299 205
300 138
300 178
300 197
300 198
300 199
300 200
300 201
301 153
301 154
301 155
301 156
301 157
301 158
301 197
301 200
302 152
302 153
302 201
303 151
304 144
304 145
304 146
304 147
304 148
304 149
304 150
304 170
304 194
305 170
305 194
306 169
306 194
306 205
306 206
307 168
307 169
307 194
307 205
307 206
308 168
308 193
308 194
308 205
309 167
309 192
309 193
309 205
310 167
310 190
310 191
310 204
311 166
311 204
312 166
312 187
312 188
312 206
313 165
313 186
313 187
314 164
314 165
314 208
315 163
315 164
315 182
316 162
316 163
316 180
316 181
316 182
316 205
316 206
316 207
317 161
317 162
317 179
317 180
317 205
317 206
318 160
318 161
318 167
319 159
319 167
319 179
320 158
320 159
320 167
320 172
320 173
320 178
320 179
321 158
321 174
321 175
321 176
321 177
321 178
322 156
322 157
322 162
323 155
323 156
323 162
323 163
323 173
324 153
324 163
324 169
324 172
324 173
325 163
325 170
325 171
325 172
326 163
326 169
326 170
327 169
328 150
328 168
329 150
329 167
329 168
330 154
330 161
330 167
331 167
332 147
332 148
332 154
332 156
332 157
332 158
332 166
333 146
333 147
333 165
333 166
334 145
334 146
334 164
335 144
335 145
335 162
335 163
336 143
336 144
336 160
336 161
337 142
337 157
337 158
337 159
337 160
338 142
338 157
339 141
340 152
340 154
341 152
341 205
341 206
341 207
342 148
342 150
342 202
343 148
344 127
344 128
344 129
344 130
344 131
344 132
344 133
344 134
344 144
344 145
344 146
345 141
345 144
346 206
352 191
356 190
360 196
361 196
367 194
368 193
370 190
371 189
371 190
372 188
372 189
465 209
466 148
466 150
466 207
467 148
467 149
468 148
468 207
469 148
469 207
470 148
470 208
471 148
471 170
471 171
471 172
472 147
473 147
473 173
473 174
473 204
474 204
475 146
475 204
476 146
476 172
476 203
477 146
477 172
477 203
477 209
478 145
478 150
478 172
478 203
478 208
479 145
479 149
479 171
479 202
480 144
480 149
480 171
480 202
480 207
481 144
481 148
481 170
481 202
481 207
482 143
482 170
482 202
482 207
483 112
483 143
483 170
483 201
484 111
484 142
484 169
484 201
485 142
485 201
486 142
486 200
486 209
487 142
487 201
488 201
488 202
489 143
489 148
489 149
489 164
489 165
489 200
489 201
490 149
490 150
490 173
490 200
491 161
491 171
491 172
491 176
491 177
