241 63 257 187
186 65
187 65
188 66
189 65
190 65
191 65
192 65
193 65
194 65
195 66
196 66
197 66
198 66
199 66
200 66
201 66
202 66
203 66
204 66
205 66
206 66
207 66
208 66
209 66
210 66
211 66
212 66
213 66
214 66
215 66
216 66
217 66
218 65
219 66
220 66
221 67
222 67
223 67
224 67
225 67
226 67
227 66
230 66
231 66
232 142
233 143
234 143
235 143
235 191
236 144
236 154
236 191
237 144
237 154
237 155
238 144
238 155
238 156
239 145
239 157
239 158
239 191
240 145
240 159
240 160
240 161
240 191
241 146
241 161
241 162
241 163
242 164
242 190
243 147
243 166
243 190
244 122
244 146
244 166
244 167
244 168
244 179
244 180
244 191
245 168
245 178
245 192
246 67
246 176
246 192
246 193
247 170
247 171
247 192
248 152
248 153
248 173
248 186
248 187
248 192
249 154
249 155
249 156
249 172
249 187
249 188
249 191
249 192
249 202
250 157
250 158
250 159
250 160
250 172
250 187
250 191
250 202
251 161
251 162
251 163
251 171
251 191
251 202
252 101
252 102
252 164
252 171
252 190
252 201
253 100
253 101
253 132
253 171
253 190
253 201
254 99
254 133
254 190
254 201
255 97
255 98
255 133
255 190
255 197
255 201
256 96
256 97
256 133
256 173
256 190
256 197
256 201
257 133
257 173
257 189
257 196
257 201
258 93
258 94
258 133
258 189
258 201
259 91
259 92
259 133
259 178
259 189
259 196
259 201
260 90
260 91
260 132
260 179
260 189
260 201
260 231
261 89
261 90
261 132
261 180
261 189
261 200
261 230
262 88
262 89
262 132
262 180
262 189
262 195
262 200
262 229
263 87
263 88
263 133
263 188
263 194
263 199
263 229
264 86
264 87
264 133
264 182
264 188
264 198
265 85
265 86
265 133
266 85
266 134
266 188
266 198
267 84
267 134
267 188
268 134
268 188
268 246
269 135
269 185
269 188
269 244
269 245
270 135
270 185
270 186
270 188
270 243
270 244
271 135
271 188
271 195
271 241
271 242
272 135
272 185
272 189
272 240
273 135
273 184
273 185
273 190
273 238
274 135
274 184
274 191
274 236
274 237
275 135
275 183
275 184
275 192
275 234
275 235
276 135
276 183
276 192
276 221
276 234
277 135
277 182
277 183
278 90
278 135
278 182
278 191
278 220
279 135
279 181
279 182
279 190
279 220
279 234
279 235
279 236
279 237
279 239
280 136
280 181
280 189
280 216
280 217
280 218
280 234
280 238
280 239
281 136
281 189
281 214
281 215
281 234
282 136
282 179
282 180
282 189
282 213
282 214
282 228
282 234
283 135
283 179
283 188
283 189
283 225
283 226
283 228
283 234
284 135
284 176
284 187
284 211
284 212
284 225
284 226
284 227
284 232
284 233
285 76
285 135
285 176
285 186
285 187
285 210
285 211
285 231
286 76
286 135
286 186
286 206
286 207
286 208
286 209
287 75
287 135
287 176
287 205
287 219
287 220
287 221
287 222
287 223
288 96
288 104
288 136
288 173
288 174
288 175
288 202
288 219
289 105
289 136
289 172
289 173
289 200
289 201
289 218
289 219
290 136
290 171
290 199
290 218
290 228
291 136
291 170
291 217
291 218
292 136
292 169
292 195
292 196
292 227
293 72
293 136
293 168
293 169
293 193
293 226
294 73
294 136
294 167
294 192
294 225
295 73
295 136
295 166
295 225
296 74
296 136
296 165
296 166
296 186
296 224
296 225
297 74
297 136
297 224
298 75
298 101
298 137
298 164
298 165
298 174
298 175
298 182
298 204
298 206
298 223
299 75
299 76
299 137
299 163
299 164
299 173
299 174
299 198
299 199
299 202
299 203
299 205
299 222
300 76
300 100
300 138
300 160
300 161
300 162
300 163
300 172
300 173
300 178
300 197
300 198
300 199
300 200
300 201
300 217
300 222
301 98
301 99
301 153
301 154
301 155
301 156
301 157
301 158
301 159
301 172
301 197
301 200
301 218
301 220
302 88
302 89
302 93
302 94
302 95
302 96
302 97
302 98
302 152
302 153
302 171
302 201
302 217
303 151
303 170
303 171
303 216
303 217
304 144
304 145
304 146
304 147
304 148
304 149
304 150
304 170
304 194
304 215
304 216
304 220
305 170
305 194
305 214
305 215
305 219
305 220
306 169
306 194
306 205
306 206
306 213
306 214
307 168
307 169
307 194
307 206
307 212
307 213
308 75
308 168
308 193
308 194
308 205
309 74
309 75
309 167
309 192
309 193
309 215
310 73
310 74
310 167
310 190
310 191
310 214
310 215
311 72
311 73
311 166
311 213
311 214
312 71
312 72
312 166
312 187
312 188
312 206
312 208
312 209
312 210
312 211
312 212
312 221
313 70
313 71
313 165
313 186
313 187
313 221
314 70
314 164
314 165
314 208
314 220
315 163
315 164
315 220
316 67
316 68
316 162
316 163
316 205
316 206
316 207
316 220
317 66
317 67
317 161
317 162
317 179
317 205
317 206
317 220
318 65
318 160
318 161
318 167
318 220
319 159
319 167
319 220
320 158
320 159
320 167
320 172
320 173
320 179
320 220
320 221
321 158
321 174
321 175
321 177
321 221
322 156
322 157
322 162
322 221
323 155
323 156
323 162
323 163
323 173
324 153
324 163
324 169
324 172
324 173
325 163
325 170
325 171
325 172
326 163
326 169
326 170
327 54
327 169
327 221
328 150
328 168
328 221
329 150
329 167
329 168
329 220
330 154
330 161
330 167
331 167
332 147
332 148
332 154
332 156
332 157
332 158
332 166
332 217
332 218
333 146
333 147
333 165
333 166
333 217
334 145
334 146
334 164
334 217
335 144
335 145
335 162
335 163
336 143
336 144
336 160
336 161
336 215
336 216
337 142
337 157
337 158
337 159
337 160
337 214
337 215
338 142
338 157
338 213
338 214
339 141
339 213
340 152
340 154
340 211
340 212
341 72
341 152
341 205
341 206
341 207
341 208
341 209
341 210
341 211
342 72
342 91
342 148
342 150
342 202
343 63
343 73
343 88
343 90
343 91
343 92
343 120
343 121
343 122
343 123
343 148
344 74
344 85
344 86
344 87
344 91
344 117
344 118
344 119
344 124
344 127
344 128
344 129
344 130
344 131
344 132
344 133
344 134
344 144
344 145
344 146
345 67
345 68
345 75
345 81
345 82
345 83
345 91
345 92
345 113
345 114
345 115
345 116
345 141
345 144
346 59
346 76
346 77
346 78
346 79
346 80
346 92
346 110
346 111
346 126
346 206
347 61
347 106
347 107
347 108
347 109
348 61
348 62
348 102
348 103
348 104
348 105
348 128
349 78
349 79
349 80
349 97
349 98
349 99
349 100
349 101
349 102
350 64
350 75
350 76
350 77
350 78
350 95
350 96
350 114
351 71
351 72
351 73
351 74
351 75
351 93
351 94
352 70
352 91
352 92
352 106
352 116
352 125
352 191
353 66
353 90
353 107
353 123
353 124
354 88
354 89
354 108
354 122
355 84
355 85
355 86
355 87
355 109
355 120
355 121
355 190
356 70
356 71
356 72
356 73
356 74
356 75
356 76
356 77
356 78
356 79
356 80
356 81
356 82
356 83
356 120
356 190
357 99
357 119
358 99
358 118
358 119
359 98
359 117
359 118
360 97
360 115
360 116
360 196
361 96
361 97
361 114
361 196
362 95
362 96
362 113
362 114
363 95
363 112
363 113
364 94
364 111
364 112
365 93
365 94
365 110
365 111
366 93
366 109
366 110
367 92
367 93
367 108
367 109
367 194
368 92
368 108
368 193
369 91
369 107
370 90
370 106
370 107
370 190
371 90
371 105
371 106
371 189
371 190
372 90
372 105
372 188
372 189
373 90
373 104
374 91
374 92
374 103
374 104
374 242
375 92
375 103
375 243
375 245
376 93
376 102
376 245
376 246
376 247
376 248
377 94
377 95
377 102
378 96
378 101
379 97
379 98
379 100
379 101
380 99
420 59
435 80
437 83
438 64
438 84
439 85
440 64
440 87
440 88
441 64
441 88
441 89
442 74
442 90
443 74
445 73
446 73
446 93
447 72
448 72
449 71
449 72
452 89
453 88
453 89
453 102
454 88
455 88
456 92
457 243
457 244
457 245
457 246
457 247
457 248
458 241
459 231
459 232
459 233
459 234
459 238
459 240
460 235
460 238
461 247
462 111
462 228
462 229
462 246
462 247
463 89
463 111
463 226
463 228
463 246
464 111
464 229
464 245
465 88
465 111
465 209
465 244
466 115
466 148
466 150
466 207
466 243
467 68
467 110
467 115
467 148
467 149
467 242
468 115
468 148
468 207
468 229
469 71
469 109
469 115
469 148
469 207
469 224
469 229
469 242
470 109
470 115
470 148
470 208
470 224
470 229
470 233
470 241
470 242
471 109
471 114
471 148
471 170
471 171
471 172
471 224
471 229
471 233
471 241
472 75
472 82
472 108
472 114
472 147
472 223
472 224
472 228
472 233
473 108
473 114
473 147
473 173
473 174
473 204
473 223
473 227
473 228
473 233
474 82
474 113
474 204
474 223
474 228
474 233
475 108
475 113
475 146
475 204
475 223
475 232
475 238
476 107
476 113
476 146
476 172
476 203
476 222
476 227
476 232
476 235
476 237
477 85
477 113
477 146
477 172
477 203
477 209
477 212
477 227
477 232
478 89
478 101
478 112
478 145
478 150
478 172
478 203
478 208
478 212
478 227
478 232
479 90
479 91
479 101
479 112
479 145
479 149
479 171
479 202
479 226
479 231
480 91
480 112
480 144
480 149
480 171
480 202
480 207
480 211
480 221
480 226
480 231
481 100
481 112
481 144
481 148
481 170
481 202
481 207
481 211
481 221
481 226
481 231
482 143
482 170
482 202
482 207
482 221
482 226
482 231
483 106
483 112
483 143
483 170
483 201
483 221
483 226
483 230
483 231
484 111
484 142
484 169
484 201
484 221
484 226
484 230
485 108
485 142
485 201
485 221
485 225
485 230
486 142
486 200
486 209
486 221
486 229
487 142
487 201
487 228
487 229
488 201
488 202
488 222
488 228
489 143
489 148
489 149
489 164
489 165
489 200
489 201
489 208
489 222
490 149
490 150
490 173
490 200
490 220
491 161
491 171
491 172
491 176
491 177
491 205
