41 215 41 82
32 256
38 228
39 228
40 229
41 229
41 230
42 230
42 231
42 247
42 248
42 249
43 232
43 246
43 247
44 217
44 218
44 246
45 246
46 207
46 208
47 208
47 209
47 210
47 235
47 236
48 211
48 212
48 213
48 214
48 215
48 216
48 230
48 234
48 237
48 238
48 239
48 240
48 241
48 242
48 243
48 248
48 249
49 233
49 249
49 250
50 250
51 248
51 250
51 251
52 239
52 240
52 241
52 243
52 244
52 251
52 252
53 253
53 254
54 253
56 253
57 253
58 247
58 254
59 248
59 254
59 255
60 248
60 256
61 248
61 257
62 248
63 247
64 247
64 249
64 250
65 249
65 250
66 250
68 249
69 249
70 249
70 291
71 291
71 292
72 292
73 293
74 291
74 292
74 293
74 294
75 295
75 296
