462 180 28 31
464 203
464 204
464 205
465 198
465 199
465 200
465 201
465 202
465 206
466 191
466 192
466 193
466 194
466 195
466 196
466 197
466 207
467 184
467 185
467 186
467 187
467 188
467 189
467 190
468 175
468 176
468 177
468 178
468 182
468 183
468 207
469 174
469 179
469 180
469 181
469 207
470 173
470 208
471 171
471 172
471 173
473 204
474 204
475 204
476 203
477 203
477 209
478 203
478 208
479 202
480 202
480 207
481 202
481 207
482 202
482 207
483 201
484 201
485 201
486 200
486 209
487 201
488 201
488 202
489 200
490 200
491 177
