195 211 195 66
193 274
194 274
195 274
196 273
197 272
198 272
199 272
201 229
202 229
203 229
204 229
205 226
205 229
205 230
205 231
206 225
206 226
206 229
206 255
206 256
207 225
207 226
208 225
208 226
209 225
209 251
210 224
210 249
210 259
210 260
210 261
210 262
211 223
211 261
212 222
212 246
213 222
213 244
214 220
214 221
214 242
215 220
216 219
216 238
217 204
217 205
217 206
217 207
217 208
217 234
217 235
217 236
218 203
218 206
218 209
218 225
218 226
218 227
219 210
220 211
220 213
220 214
220 215
220 216
220 217
220 218
220 219
220 220
220 232
220 233
221 212
221 230
221 231
222 229
223 227
223 242
224 223
224 226
224 240
224 241
225 221
225 222
225 239
226 219
226 220
226 236
226 238
227 217
227 237
227 238
228 215
228 216
229 214
229 215
230 213
230 214
231 212
231 213
232 210
232 236
233 209
233 236
234 208
235 207
235 236
236 206
237 205
237 206
237 235
237 238
238 204
238 235
238 238
239 235
239 239
240 238
241 202
241 238
241 249
242 202
242 238
242 248
243 201
243 202
243 237
243 247
244 201
244 237
244 246
245 201
245 237
245 246
246 200
246 237
246 245
247 200
247 236
247 244
247 245
248 201
248 236
248 244
248 271
248 272
249 235
249 243
249 269
249 270
250 235
250 243
250 269
251 235
251 242
252 234
252 241
252 266
252 267
253 234
253 240
253 241
254 233
254 239
254 240
254 264
254 270
255 233
255 239
256 232
256 233
256 238
256 262
257 232
257 237
257 238
258 231
258 232
258 236
258 237
258 258
258 259
258 260
258 261
259 231
259 236
260 230
260 235
260 256
260 262
261 234
261 235
261 255
262 230
262 233
262 234
262 253
262 254
262 263
263 253
264 229
264 252
264 263
265 229
265 250
265 251
265 263
266 229
266 249
266 250
266 251
266 262
267 228
267 248
267 261
267 262
268 227
268 228
268 246
268 247
268 248
268 259
268 260
269 227
269 244
269 245
269 256
269 257
269 258
270 226
270 227
270 243
270 244
270 254
270 255
271 225
271 226
271 241
271 242
271 253
271 254
272 224
272 225
272 240
272 251
272 252
273 223
273 224
273 238
273 249
273 250
273 251
274 222
274 223
274 236
274 237
274 246
274 247
274 248
274 249
275 222
275 234
275 235
275 243
275 244
275 245
276 222
276 234
276 240
276 241
276 242
276 243
277 221
277 240
278 240
279 218
279 219
279 234
279 235
279 236
279 237
279 239
279 240
280 216
280 217
280 218
280 234
280 238
280 239
281 214
281 215
281 234
282 214
282 228
282 234
283 212
283 213
283 225
283 226
283 228
284 211
284 212
284 225
284 226
284 227
284 232
284 233
285 210
285 211
285 231
285 232
286 206
286 207
286 208
286 209
286 230
287 204
287 205
287 219
287 220
287 221
287 222
287 223
287 229
288 202
288 203
288 219
288 222
288 229
289 201
289 202
289 218
289 219
289 228
290 199
290 200
290 218
291 197
291 198
291 217
291 218
291 227
292 195
292 196
293 193
293 194
294 191
294 192
294 226
295 188
295 189
295 190
296 186
296 187
297 184
297 185
298 182
298 183
299 223
300 217
300 221
300 222
301 218
301 219
301 220
301 221
302 217
304 215
304 216
305 214
305 215
305 219
305 220
306 213
306 214
307 212
307 213
308 223
309 222
310 221
310 222
311 220
311 221
330 219
331 219
335 216
339 212
346 264
347 265
347 266
348 267
369 259
370 259
370 265
371 260
371 265
372 257
372 260
372 266
373 232
373 240
373 241
373 256
373 260
373 267
374 231
374 232
374 257
374 267
375 232
375 233
375 244
375 257
375 267
375 268
376 233
376 234
376 250
376 258
377 251
377 263
377 270
377 272
378 252
378 256
378 258
378 263
379 252
379 256
379 259
379 263
379 264
380 255
380 256
380 260
380 261
381 256
