40 252 92 37
32 256
41 266
41 267
42 267
44 269
44 270
45 271
48 248
48 249
49 249
49 250
50 250
50 277
50 278
51 248
51 250
51 251
51 278
51 279
52 251
52 252
52 279
53 253
53 254
53 279
54 253
54 280
55 281
56 253
56 281
57 253
57 281
58 254
58 280
59 254
59 255
59 280
60 256
60 280
61 257
61 280
62 279
63 279
71 246
72 247
73 247
74 247
76 247
77 247
78 248
79 248
79 249
80 249
81 249
82 250
83 250
84 249
84 250
85 250
86 251
87 251
87 252
87 253
88 253
88 254
89 254
89 257
89 258
90 258
91 258
92 259
93 259
94 259
95 259
96 259
97 260
98 260
99 261
100 261
100 266
101 261
101 266
102 261
102 266
103 261
103 266
104 261
104 266
105 261
105 266
106 261
106 266
106 276
107 262
107 266
107 274
107 275
108 262
108 266
108 274
109 262
109 266
109 274
110 262
110 266
110 273
111 262
111 273
112 262
112 273
113 262
113 272
114 262
114 272
115 262
115 272
116 262
116 272
117 262
117 272
118 262
118 272
119 262
119 272
120 263
120 272
121 263
121 272
122 263
122 264
122 272
122 273
123 264
123 265
123 273
124 265
124 273
125 266
125 267
125 273
126 267
126 268
126 272
127 269
127 272
128 269
128 273
129 273
130 273
130 274
131 274
132 274
