152 166 283 186
148 183
152 279
152 287
153 183
153 197
153 279
153 281
153 285
153 286
154 183
154 184
154 195
154 196
154 278
154 282
154 283
154 284
155 184
155 185
155 194
155 200
155 278
156 185
156 186
156 192
156 193
156 199
156 200
156 201
156 202
156 203
156 207
156 208
156 209
156 223
156 224
156 225
156 278
157 187
157 188
157 189
157 190
157 191
157 204
157 205
157 206
157 210
157 223
157 278
158 211
158 215
158 216
158 217
158 218
158 219
158 222
158 228
158 278
159 212
159 214
159 220
159 222
159 278
160 190
160 191
160 222
160 278
161 191
161 192
161 230
161 278
162 193
162 194
162 226
162 227
162 229
162 278
163 228
163 278
164 226
164 227
164 278
165 226
165 278
166 278
167 278
168 212
168 217
168 218
168 220
168 278
169 202
169 278
169 285
170 278
170 290
170 291
171 278
171 292
172 191
172 192
172 193
172 278
172 296
172 297
173 277
173 278
173 280
173 281
173 298
174 277
174 281
175 276
175 282
176 201
176 202
176 203
176 204
176 205
176 206
176 207
176 276
176 282
177 193
177 194
177 195
177 196
177 276
177 282
178 191
178 192
178 276
178 282
179 276
179 282
180 276
180 283
181 205
181 275
181 283
182 205
182 275
182 283
183 275
183 283
184 275
184 283
185 205
185 274
185 283
186 205
186 274
186 283
187 206
187 273
187 282
188 273
188 282
189 206
189 272
189 282
190 158
190 206
190 272
190 281
191 159
191 236
191 271
191 281
192 160
192 207
192 236
192 270
192 281
193 160
193 207
193 270
193 274
193 280
194 161
194 207
194 232
194 233
194 234
194 269
194 274
194 280
195 161
195 208
195 232
195 268
195 274
195 280
196 162
196 172
196 231
196 232
196 273
196 279
197 163
197 173
197 207
197 272
197 279
198 164
198 173
198 230
198 272
198 278
199 165
199 173
199 229
199 230
199 272
199 278
200 166
200 173
200 228
200 277
201 167
201 173
201 177
201 178
201 179
201 180
201 181
201 229
201 276
202 168
202 174
202 229
202 275
202 276
203 168
203 169
203 176
203 229
203 275
204 169
204 170
204 175
204 229
204 274
205 170
205 226
205 229
205 230
205 231
205 274
206 174
206 225
206 226
206 229
206 255
206 256
206 273
207 174
207 225
207 226
207 272
207 273
208 174
208 225
208 226
208 272
209 172
209 174
209 225
209 251
209 271
210 174
210 224
210 249
210 259
210 260
210 261
210 262
210 271
211 174
211 175
211 223
211 261
211 270
212 163
212 176
212 222
212 246
212 269
212 332
212 333
212 334
212 335
212 336
212 337
212 338
212 339
212 340
213 177
213 222
213 244
213 268
213 269
213 329
213 330
213 331
213 341
213 342
213 343
213 344
213 345
213 346
213 347
213 348
214 161
214 177
214 178
214 220
214 221
214 242
214 267
214 268
214 327
215 159
215 161
215 179
215 180
215 220
215 267
215 323
216 165
216 180
216 181
216 219
216 238
216 266
216 321
216 322
216 334
216 335
216 336
216 337
216 338
216 343
216 344
217 182
217 183
217 204
217 205
217 206
217 207
217 208
217 234
217 235
217 236
217 265
217 266
217 319
217 320
217 330
217 332
217 333
217 339
217 340
217 341
217 347
217 348
218 183
218 184
218 193
218 194
218 203
218 206
218 209
218 225
218 226
218 227
218 265
219 155
219 184
219 185
219 191
219 192
219 195
219 196
219 210
219 264
220 153
220 154
220 185
220 186
220 189
220 197
220 198
220 199
220 200
220 201
220 202
220 211
220 213
220 214
220 215
220 216
220 217
220 218
220 219
220 220
220 232
220 233
220 263
220 324
221 151
221 152
221 186
221 212
221 230
221 231
221 263
221 321
222 186
222 187
222 229
222 262
222 314
223 187
223 227
223 242
223 261
223 262
223 313
224 187
224 223
224 226
224 240
224 241
224 261
224 312
225 221
225 222
225 239
225 260
225 311
225 319
226 188
226 219
226 220
226 236
226 238
226 259
226 260
226 310
226 317
226 318
227 189
227 217
227 237
227 238
227 258
227 259
227 316
228 189
228 215
228 216
228 258
228 315
229 214
229 215
229 257
229 309
229 310
230 213
230 214
230 256
230 257
230 308
231 212
231 213
231 256
231 309
232 191
232 210
232 236
232 255
232 300
232 301
232 302
232 308
233 191
233 209
233 236
233 254
233 255
233 297
233 298
233 299
233 303
233 306
233 308
234 191
234 208
234 253
234 254
234 296
234 303
235 191
235 207
235 236
235 252
235 253
235 294
236 154
236 191
236 206
236 235
236 252
236 294
236 302
237 154
237 155
237 186
237 187
237 191
237 205
237 206
237 235
237 238
237 251
237 292
237 302
238 155
238 156
238 187
238 191
238 204
238 235
238 238
238 250
238 251
238 291
238 292
239 157
239 158
239 185
239 186
239 191
239 235
239 239
239 250
240 159
240 160
240 161
240 185
240 191
240 238
240 249
241 161
241 162
241 163
241 184
241 185
241 191
241 202
241 238
241 248
241 249
242 164
242 184
242 190
242 202
242 238
242 247
242 248
243 165
243 166
243 182
243 190
243 201
243 202
243 237
243 247
244 166
244 167
244 168
244 179
244 180
244 191
244 201
244 237
244 246
244 290
245 168
245 178
245 192
245 201
245 237
245 246
245 285
245 286
245 287
245 288
245 289
246 169
246 176
246 192
246 193
246 200
246 237
246 245
246 283
246 284
247 170
247 171
247 192
247 200
247 236
247 244
247 245
247 282
247 283
248 152
248 153
248 172
248 186
248 187
248 192
248 201
248 236
248 244
248 271
248 272
248 280
248 281
249 154
249 155
249 156
249 187
249 188
249 191
249 192
249 202
249 235
249 243
249 269
249 270
249 279
249 280
250 157
250 158
250 159
250 160
250 187
250 191
250 198
250 202
250 235
250 243
250 269
250 277
250 278
250 279
251 161
251 162
251 163
251 164
251 171
251 191
251 197
251 202
251 235
251 242
251 275
251 277
252 164
252 165
252 166
252 190
252 197
252 201
252 234
252 241
252 266
252 267
252 273
252 274
253 190
253 197
253 201
253 234
253 240
253 241
254 171
254 190
254 197
254 201
254 233
254 239
254 240
254 264
254 270
255 171
255 172
255 190
255 197
255 201
255 233
255 239
256 172
256 173
256 190
256 197
256 201
256 232
256 233
256 238
256 262
256 268
257 173
257 189
257 196
257 201
257 232
257 237
257 238
257 268
258 174
258 189
258 201
258 231
258 232
258 236
258 237
258 258
258 259
258 260
258 261
258 267
259 175
259 176
259 177
259 178
259 189
259 196
259 201
259 231
259 236
259 266
260 179
260 189
260 195
260 201
260 230
260 235
260 256
260 262
260 265
260 302
261 179
261 189
261 195
261 200
261 234
261 235
261 255
261 264
261 301
262 189
262 194
262 195
262 200
262 230
262 233
262 234
262 253
262 254
262 263
263 180
263 181
263 188
263 194
263 199
263 253
263 263
263 346
263 347
264 181
264 193
264 198
264 229
264 252
264 263
264 298
264 299
264 344
264 345
265 182
265 183
265 193
265 229
265 250
265 251
265 263
265 298
265 343
265 344
266 183
266 188
266 198
266 229
266 249
266 250
266 251
266 262
266 298
267 184
267 188
267 228
267 248
267 261
267 262
268 184
268 185
268 188
268 198
268 227
268 228
268 246
268 247
268 248
268 259
268 260
268 297
269 185
269 188
269 227
269 244
269 245
269 256
269 257
269 258
270 185
270 186
270 188
270 226
270 227
270 243
270 244
270 254
270 255
271 188
271 195
271 225
271 226
271 241
271 242
271 253
271 254
271 328
272 185
272 189
272 224
272 225
272 240
272 251
272 252
272 293
272 294
273 184
273 185
273 189
273 190
273 223
273 224
273 238
273 249
273 250
273 251
274 184
274 191
274 222
274 223
274 236
274 237
274 246
274 247
274 248
274 249
274 292
275 183
275 184
275 192
275 222
275 234
275 235
275 243
275 244
275 245
275 315
276 183
276 192
276 222
276 234
276 240
276 241
276 242
276 243
276 313
277 182
277 183
277 191
277 221
277 240
277 313
278 182
278 191
278 240
278 290
278 313
279 181
279 182
279 190
279 218
279 219
279 234
279 235
279 236
279 237
279 239
279 240
279 290
279 312
280 181
280 189
280 216
280 217
280 218
280 234
280 238
280 239
280 290
281 189
281 214
281 215
281 234
281 289
282 179
282 180
282 189
282 214
282 228
282 234
283 179
283 188
283 189
283 212
283 213
283 225
283 226
283 228
283 233
284 176
284 187
284 211
284 212
284 225
284 226
284 227
284 232
284 233
285 176
285 186
285 187
285 210
285 211
285 231
285 232
286 186
286 206
286 207
286 208
286 209
286 230
287 176
287 204
287 205
287 219
287 220
287 221
287 222
287 223
287 229
288 173
288 174
288 175
288 202
288 203
288 219
288 222
288 229
289 172
289 173
289 201
289 202
289 218
289 219
289 228
290 171
290 199
290 200
290 218
291 170
291 197
291 198
291 217
291 218
291 227
291 286
291 287
292 169
292 195
292 196
293 168
293 169
293 193
293 194
293 289
294 167
294 168
294 191
294 192
294 226
295 166
295 167
295 188
295 189
295 190
296 165
296 166
296 186
296 187
297 165
297 184
297 185
298 164
298 165
298 174
298 175
298 181
298 182
298 183
298 204
298 206
299 163
299 164
299 173
299 174
299 179
299 180
299 181
299 198
299 199
299 202
299 203
299 205
299 223
300 160
300 161
300 162
300 163
300 172
300 173
300 178
300 197
300 198
300 199
300 200
300 201
300 217
300 221
300 222
301 159
301 172
301 196
301 197
301 200
301 218
301 219
301 220
301 221
302 171
302 201
302 217
303 170
303 171
303 194
303 195
304 170
304 194
304 215
304 216
304 220
305 170
305 194
305 214
305 215
305 219
306 169
306 194
306 205
306 206
306 213
307 168
307 169
307 194
307 205
307 206
307 213
308 168
308 193
308 194
308 223
309 167
309 192
309 193
309 205
309 215
309 222
310 167
310 190
310 191
310 204
310 214
310 215
310 221
310 222
311 166
311 188
311 189
311 204
311 213
311 214
311 220
311 221
312 166
312 187
312 188
312 205
312 208
312 209
312 210
312 211
312 212
313 165
313 186
313 187
314 164
314 183
314 184
314 185
314 208
315 163
315 182
315 183
315 203
315 207
315 208
316 162
316 163
316 180
316 181
316 182
316 204
317 161
317 162
317 179
317 180
318 160
318 161
318 167
319 159
319 167
319 179
320 158
320 159
320 167
320 172
320 173
320 178
320 179
321 158
321 174
321 175
321 176
321 177
321 178
322 156
322 157
323 155
323 156
323 173
324 153
324 169
324 172
324 173
324 266
324 267
325 170
325 171
325 172
325 266
326 169
326 170
326 265
326 266
327 169
327 265
328 168
328 264
329 167
329 168
329 262
329 263
330 167
330 219
331 167
331 219
332 166
333 165
333 166
334 164
335 162
335 163
335 216
336 160
336 161
336 162
337 157
337 159
337 160
338 156
338 157
339 154
339 155
339 212
340 152
340 153
340 154
341 150
341 151
341 152
341 204
342 148
342 149
342 150
342 201
342 203
343 147
343 148
343 199
343 200
344 146
344 198
344 199
345 139
345 140
345 142
345 143
345 197
345 207
346 196
346 197
346 264
347 195
347 196
347 204
347 205
347 265
347 266
347 267
348 194
348 195
348 202
348 203
348 267
348 268
348 327
349 193
349 194
349 200
349 201
349 270
349 271
349 325
349 326
349 327
350 192
350 193
350 200
350 271
350 272
351 192
351 199
351 200
351 272
352 273
352 323
352 324
353 191
353 273
353 274
353 324
353 325
354 190
354 274
354 326
355 190
355 274
355 327
356 275
357 190
357 275
358 191
358 275
358 276
359 276
360 276
361 195
361 276
362 194
362 276
363 193
363 275
364 192
364 275
365 192
365 275
366 194
366 275
367 193
368 191
368 192
368 194
369 191
369 259
370 259
370 265
371 260
371 265
372 257
372 260
372 266
373 232
373 240
373 241
373 256
373 260
373 267
374 231
374 232
374 257
374 267
375 232
375 233
375 244
375 257
375 267
375 268
376 233
376 234
376 250
376 258
377 251
377 263
377 270
377 272
378 252
378 256
378 258
378 263
379 252
379 256
379 259
379 263
379 264
380 255
380 256
380 260
380 261
381 256
383 295
384 295
385 294
386 293
386 294
387 293
388 292
415 339
417 344
418 343
418 344
419 342
419 343
420 341
420 342
421 340
421 341
422 339
423 337
423 338
424 268
424 335
424 337
425 267
425 268
425 334
425 335
426 267
426 333
426 334
427 266
427 331
427 332
427 333
428 266
428 329
428 330
428 331
429 265
429 328
429 329
430 264
431 264
432 263
433 263
434 262
435 262
436 262
