185 213 44 30
194 232
194 233
195 232
196 231
196 232
198 230
199 229
199 230
200 228
201 229
202 229
203 229
204 229
205 226
205 232
206 225
206 226
206 229
207 225
207 226
208 225
219 221
219 222
219 223
219 224
220 234
221 232
222 230
223 228
224 224
224 225
225 223
225 233
225 234
225 235
226 219
226 220
226 230
226 231
226 232
227 217
227 218
228 215
228 216
228 238
229 214
229 215
230 213
231 212
231 213
232 210
232 211
233 209
233 210
234 208
234 209
235 207
235 208
236 206
236 207
237 205
237 206
238 204
238 205
239 204
240 203
241 202
241 203
242 202
243 201
243 202
244 201
245 201
246 200
247 200
248 201
