448 60 36 92
445 95
446 96
447 97
447 100
447 101
448 98
448 99
448 102
449 103
450 104
450 105
450 106
450 107
451 107
451 108
452 103
452 108
452 109
452 110
453 109
453 110
454 102
454 109
454 110
454 114
454 115
454 116
455 109
455 110
455 113
455 117
456 57
456 108
456 112
456 118
457 57
457 58
457 108
457 119
458 58
458 60
458 108
458 120
458 121
458 122
458 123
458 124
458 125
459 126
459 127
459 128
460 129
460 130
460 131
461 132
461 133
461 134
462 65
462 135
462 136
462 137
462 138
463 116
463 139
463 140
463 141
463 142
463 143
464 116
464 144
464 145
464 146
465 88
465 116
465 146
465 147
466 147
466 148
467 68
467 148
467 149
468 110
469 71
470 148
471 114
471 148
472 75
472 82
472 108
472 114
473 78
473 108
473 114
474 80
474 82
474 108
475 83
475 108
476 107
477 85
477 107
478 89
478 101
478 102
478 107
478 112
479 90
479 91
479 101
479 102
480 91
480 102
481 100
481 112
486 142
