45 136 53 84
46 190
46 191
46 192
46 193
48 202
48 204
50 195
50 198
51 188
53 185
53 186
54 150
54 185
55 151
56 151
56 158
56 183
57 150
57 159
57 160
57 169
57 176
57 177
58 143
58 144
58 145
58 146
58 147
58 148
58 149
58 150
58 151
58 160
58 161
58 168
58 169
58 174
58 175
58 179
58 180
58 181
59 142
59 156
59 161
59 173
59 179
60 155
60 156
60 172
60 178
61 154
61 162
61 177
62 163
62 164
62 165
62 166
62 169
62 170
62 171
62 175
62 176
63 160
63 161
63 167
63 168
63 174
63 175
64 156
64 157
64 158
64 159
64 160
65 155
65 156
66 154
67 153
