142 135 143 149
136 142
137 142
138 143
139 143
140 143
140 144
141 144
141 185
142 145
142 185
143 145
143 185
144 146
144 185
144 213
145 146
145 184
145 213
146 147
146 213
147 148
147 183
147 213
148 183
148 213
149 212
150 212
153 183
153 197
154 183
154 184
154 195
154 196
155 184
155 194
155 200
156 185
156 186
156 192
156 193
156 199
156 200
156 201
156 202
156 203
156 207
156 208
156 209
156 223
156 224
156 225
157 187
157 188
157 189
157 190
157 191
157 204
157 205
157 206
157 210
157 223
158 211
158 215
158 216
158 217
158 218
158 219
158 222
158 228
159 212
159 214
159 220
159 222
160 190
160 191
160 222
161 191
161 192
161 230
162 193
162 194
162 226
162 227
162 229
163 228
164 226
164 227
165 226
168 212
168 217
168 218
168 220
169 202
172 191
172 192
172 193
176 201
176 202
176 203
176 204
176 205
176 206
176 207
177 193
177 194
177 195
177 196
178 191
178 192
181 205
182 205
184 205
185 205
186 205
188 206
189 206
190 158
190 206
191 159
191 207
192 160
192 271
196 172
196 207
196 267
196 268
197 173
197 207
197 266
197 267
198 173
198 265
198 266
199 264
199 265
200 263
200 264
201 181
201 262
201 263
202 261
202 262
203 168
203 229
203 260
203 261
204 175
204 258
204 259
205 232
205 257
205 258
206 225
206 229
206 255
206 256
206 257
207 225
207 254
207 255
208 225
208 226
208 252
208 253
209 225
209 251
209 252
210 172
210 224
210 249
210 250
210 251
210 257
210 258
211 223
211 248
211 249
211 257
211 260
212 163
212 176
212 222
212 246
212 247
213 222
213 244
213 245
214 161
214 169
214 220
214 221
214 242
214 243
214 268
215 159
215 160
215 161
215 167
215 220
215 240
215 241
215 242
215 267
216 165
216 166
216 181
216 219
216 238
216 239
217 183
217 234
217 235
217 236
217 237
218 183
218 193
218 194
218 225
218 226
218 227
219 155
219 162
219 163
219 184
219 185
219 191
219 192
219 221
219 222
219 223
219 224
220 153
220 154
220 185
220 189
220 232
220 233
220 234
221 151
221 152
221 232
222 158
222 186
222 187
222 230
223 148
223 187
223 228
224 146
224 147
224 155
224 187
224 224
224 225
225 144
225 145
225 151
225 153
225 223
225 233
225 234
225 235
226 144
226 152
226 188
226 230
226 231
226 232
227 189
227 218
228 189
228 238
232 191
232 211
232 235
233 138
233 191
233 210
234 137
234 191
234 209
234 236
235 136
235 191
235 208
236 135
236 191
236 207
236 235
237 186
237 187
237 191
238 186
238 187
238 191
238 205
239 185
239 186
239 191
239 204
240 185
240 191
240 203
241 184
241 185
241 191
241 202
241 203
242 146
242 183
242 190
242 202
243 146
243 165
243 181
243 190
243 201
243 202
244 122
244 123
244 124
244 125
244 126
244 127
244 128
244 129
244 130
244 131
244 132
244 133
244 134
244 135
244 147
244 148
244 149
244 191
244 201
245 118
245 119
245 120
245 121
245 136
245 137
245 138
245 139
245 140
245 141
245 142
245 143
245 144
245 145
245 179
245 192
245 201
246 115
246 116
246 117
246 169
246 177
246 192
246 193
246 200
247 113
247 114
247 174
247 175
247 176
247 192
247 200
247 272
247 273
248 110
248 111
248 112
248 151
248 172
248 186
248 187
248 192
248 201
249 107
249 108
249 109
249 187
249 188
249 191
249 192
249 202
250 105
250 106
250 107
250 135
250 136
250 137
250 138
250 139
250 140
250 187
250 191
250 198
250 202
250 268
251 103
251 104
251 164
251 171
251 191
251 197
251 202
251 267
251 268
252 101
252 102
252 165
252 166
252 190
252 197
252 201
253 100
253 101
253 190
253 197
253 201
253 265
253 271
254 99
254 171
254 190
254 197
254 201
255 97
255 98
255 171
255 172
255 190
255 197
255 201
255 263
255 268
255 269
256 96
256 97
256 172
256 190
256 197
256 201
257 94
257 95
257 189
257 196
257 201
257 267
258 93
258 94
258 174
258 189
258 201
259 91
259 92
259 175
259 176
259 177
259 178
259 189
259 196
259 201
259 257
259 261
260 90
260 91
260 189
260 195
260 201
260 230
260 231
261 89
261 90
261 179
261 189
261 195
261 200
261 230
262 88
262 89
262 189
262 194
262 195
262 200
262 229
263 88
263 180
263 181
263 188
263 194
263 199
263 229
264 86
264 87
264 181
264 188
264 193
264 198
264 229
265 182
265 183
265 193
265 198
265 229
266 183
266 188
266 198
266 229
267 184
267 188
267 197
267 228
268 184
268 185
268 188
268 197
268 198
268 227
268 228
269 185
269 188
269 196
269 227
270 185
270 186
270 188
270 196
270 226
270 227
271 188
271 195
271 225
271 226
272 185
272 189
272 224
272 225
273 184
273 185
273 189
273 190
273 223
273 224
274 184
274 191
274 222
274 223
275 183
275 184
275 192
275 222
276 183
276 192
276 221
276 222
277 182
277 183
277 191
277 221
278 182
278 191
278 220
279 181
279 182
279 190
279 218
279 219
279 220
280 181
280 189
281 180
281 189
282 179
282 180
282 189
282 213
283 179
283 188
283 189
283 212
283 213
283 233
283 234
284 178
284 187
285 186
285 187
285 232
286 185
286 186
286 230
287 184
287 204
288 183
288 203
289 182
289 200
289 202
290 181
290 182
290 200
291 180
291 181
291 197
291 198
292 179
292 180
293 178
293 179
293 194
294 177
294 178
294 191
295 177
295 188
295 189
295 190
296 176
296 187
297 175
297 184
297 185
298 174
298 175
298 183
299 173
299 174
300 172
300 173
301 172
302 171
303 170
303 171
