122 180 45 82
111 178
111 179
112 179
112 180
112 181
114 182
115 183
116 184
116 185
117 185
117 186
118 186
119 187
119 205
120 175
120 176
120 177
120 187
120 205
120 206
121 175
121 177
121 178
121 179
121 188
121 207
121 208
121 209
122 180
122 181
122 183
122 188
122 209
124 189
125 183
125 189
126 184
127 183
127 189
128 183
130 183
131 188
132 182
132 188
133 188
135 181
136 181
136 187
137 181
137 187
138 187
139 186
140 210
141 180
141 211
142 185
142 212
143 180
143 213
144 180
144 213
145 213
146 213
147 213
148 183
148 213
149 212
150 212
151 175
153 183
153 197
154 183
154 195
154 196
155 184
155 185
155 194
156 185
156 186
156 192
156 226
157 187
157 188
157 189
157 227
157 228
158 229
159 221
159 229
162 226
162 227
163 193
163 228
164 226
164 227
165 226
166 225
166 226
167 221
167 222
167 223
167 224
168 219
169 214
169 215
169 216
