280 168 42 61
281 189
282 189
282 228
283 188
283 189
283 225
283 226
283 228
284 176
284 187
284 225
284 226
284 227
285 176
285 186
285 187
285 210
285 211
286 186
286 206
286 207
286 208
286 209
287 176
287 205
287 219
287 220
287 221
287 222
287 223
288 173
288 174
288 175
288 202
288 219
289 172
289 173
289 201
289 218
289 219
290 171
290 199
290 218
290 228
291 170
291 217
291 218
292 169
292 195
292 196
292 227
293 168
293 169
293 193
293 226
294 167
294 168
294 192
294 225
295 166
295 167
295 225
296 165
296 166
296 186
296 224
296 225
297 165
297 184
297 185
297 224
298 164
298 165
298 174
298 175
298 181
298 182
298 183
298 204
298 206
298 223
299 163
299 164
299 173
299 174
299 179
299 180
299 181
299 198
299 199
299 202
299 203
299 205
299 222
299 223
300 160
300 161
300 162
300 163
300 172
300 173
300 178
300 197
300 198
300 199
300 200
300 201
300 217
300 222
301 159
301 172
301 196
301 197
301 200
301 218
301 219
301 220
301 221
302 171
302 201
303 170
303 171
303 194
303 195
303 216
303 217
304 170
304 220
305 170
305 220
306 169
306 214
307 168
307 169
307 212
308 168
308 205
308 223
309 167
309 222
310 167
310 221
310 222
311 166
311 188
311 189
311 220
311 221
312 166
312 205
312 206
312 221
313 165
313 221
314 164
314 183
314 184
314 185
314 220
315 163
315 182
315 183
315 203
315 207
315 208
315 220
316 180
316 181
316 182
316 204
316 220
317 180
317 220
318 220
319 179
319 220
320 172
320 173
320 178
320 220
320 221
321 174
321 176
321 178
321 221
322 221
324 154
