448 0 40 107
439 39
440 40
440 41
441 41
442 41
442 42
443 43
444 43
444 44
445 44
445 45
446 45
446 46
447 47
448 47
448 48
449 48
449 49
449 91
450 49
450 51
450 90
451 52
451 90
452 52
452 53
452 70
452 89
452 103
453 53
453 54
453 70
453 88
453 89
453 102
454 54
454 64
454 69
454 88
454 102
455 55
455 64
455 69
455 87
455 88
456 55
456 56
456 57
456 63
456 68
456 87
456 92
457 57
457 58
457 63
457 68
457 87
457 92
458 58
458 59
458 60
458 62
458 68
458 86
458 91
458 92
459 62
459 68
459 86
459 91
460 62
460 67
460 85
460 86
460 91
461 62
461 85
461 90
462 62
462 63
462 64
462 65
462 85
462 90
463 65
463 84
463 89
463 94
464 65
464 66
464 84
464 89
464 94
465 66
465 84
465 89
465 94
466 67
466 68
466 83
466 93
467 69
467 83
467 88
467 93
468 69
468 70
468 83
468 88
469 72
469 83
469 87
470 72
470 73
470 82
470 87
471 74
471 75
471 82
472 76
473 77
473 78
473 82
474 78
474 79
474 80
474 81
475 83
476 84
476 86
476 87
477 85
477 88
477 89
477 101
478 102
479 102
480 91
480 92
480 93
480 94
480 95
480 96
480 101
480 102
481 97
481 100
482 98
482 99
