413 135 61 135
433 258
434 258
434 262
435 258
435 262
436 258
436 262
437 258
438 258
438 262
440 261
441 258
441 261
442 258
444 257
445 257
446 257
448 257
449 257
449 260
449 263
449 264
449 265
449 266
450 260
450 261
450 262
450 263
452 256
452 267
452 268
453 255
453 256
453 265
453 266
453 267
454 114
454 115
454 116
454 254
454 255
454 261
454 265
455 113
455 117
455 253
455 254
455 261
455 265
456 252
456 260
457 119
457 243
457 244
457 245
457 246
457 247
457 248
457 251
457 259
458 120
458 121
458 122
458 123
458 124
458 125
458 241
458 242
458 250
459 126
459 127
459 128
459 231
459 232
459 233
459 234
459 238
459 240
459 249
460 129
460 130
460 131
460 235
460 238
460 248
461 132
461 133
461 134
461 247
462 135
462 136
462 137
462 138
462 228
462 229
462 246
462 247
463 139
463 140
463 141
463 142
463 143
463 226
463 228
463 246
464 144
464 145
464 146
464 229
464 245
465 146
465 147
465 209
465 244
466 207
466 208
466 243
467 242
468 148
468 207
468 229
469 148
469 207
469 224
469 229
469 242
470 208
470 224
470 229
470 233
470 241
470 242
471 170
471 171
471 172
471 224
471 229
471 233
471 241
472 147
472 223
472 224
472 228
472 233
473 147
473 173
473 223
473 227
473 228
473 233
474 223
474 228
474 233
475 223
475 232
475 238
476 222
476 232
476 235
476 237
477 232
478 232
479 231
480 231
481 231
482 231
483 230
483 231
484 230
485 230
486 229
487 228
487 229
488 228
