432 203 64 149
433 301
434 259
434 297
434 298
434 299
434 300
435 259
435 297
436 259
436 293
436 294
437 290
437 291
437 292
437 293
438 289
439 257
439 262
440 257
440 282
440 283
444 274
444 275
447 257
448 267
450 257
451 257
451 261
452 257
455 253
455 254
456 252
457 243
457 244
457 245
457 246
457 247
457 248
457 251
457 259
458 241
458 242
458 250
459 231
459 232
459 233
459 234
459 238
459 239
459 240
459 249
460 230
460 235
460 236
460 237
460 238
460 248
461 217
461 218
461 219
461 222
461 223
461 224
461 229
461 247
462 216
462 220
462 221
462 225
463 210
463 211
463 215
463 229
464 203
464 204
464 205
464 212
464 213
464 214
465 198
465 199
465 200
465 201
465 202
465 206
465 209
465 229
466 191
466 192
466 193
466 194
466 195
466 196
466 197
466 208
467 184
467 185
467 186
467 187
467 188
467 189
467 190
468 175
468 176
468 177
468 178
468 182
468 183
468 242
469 174
469 179
469 180
469 181
470 173
471 171
471 172
471 173
472 240
472 241
473 239
473 240
474 239
476 209
476 236
479 208
479 212
485 230
487 209
487 221
487 228
489 208
489 209
490 207
490 210
491 204
491 205
491 206
491 211
493 222
