432 50 33 49
431 73
431 74
432 75
433 76
434 76
434 77
434 78
434 79
435 81
436 81
436 82
437 71
438 71
438 85
439 86
440 40
440 41
441 41
441 64
441 75
441 90
442 42
442 74
442 91
443 43
443 49
443 74
443 91
443 92
444 43
444 74
444 92
445 73
445 93
446 92
447 72
447 92
448 72
449 71
449 72
449 91
450 50
450 90
451 90
452 89
453 54
453 88
453 89
454 88
455 87
455 88
456 87
456 92
457 87
457 92
458 60
458 86
458 91
458 92
459 86
459 91
460 85
460 86
460 91
461 85
461 90
462 85
462 90
463 84
463 89
463 94
464 84
464 89
464 94
465 84
465 89
465 94
466 83
466 93
467 83
467 93
468 83
469 83
470 82
