194 129 150 181
181 205
182 205
184 205
185 205
186 205
188 206
189 206
190 158
190 206
191 159
191 207
192 160
193 160
194 161
195 161
195 162
196 162
196 163
196 172
196 207
196 268
197 163
197 164
197 173
197 207
197 266
197 267
198 164
198 173
198 265
198 266
199 165
199 173
199 264
199 265
200 166
200 173
200 263
200 264
201 167
201 173
201 177
201 178
201 179
201 180
201 181
201 229
201 262
201 263
202 168
202 174
202 229
202 261
202 262
203 168
203 169
203 176
203 229
203 260
203 261
204 169
204 170
204 175
204 229
204 258
204 259
205 170
205 226
205 229
205 230
205 231
205 257
205 258
206 174
206 225
206 226
206 229
206 255
206 256
206 257
207 174
207 225
207 226
207 254
207 255
208 174
208 225
208 226
208 252
208 253
209 172
209 174
209 225
209 251
209 252
210 174
210 224
210 249
210 250
210 251
210 257
210 258
211 174
211 175
211 223
211 248
211 249
212 163
212 176
212 222
212 246
212 247
213 177
213 222
213 244
213 245
214 161
214 177
214 178
214 220
214 221
214 242
214 243
215 159
215 161
215 179
215 180
215 220
216 165
216 180
216 181
216 219
216 238
217 182
217 183
217 204
217 205
217 206
217 207
217 208
217 234
217 235
217 236
218 183
218 184
218 193
218 194
218 203
218 206
218 209
218 225
218 226
218 227
219 155
219 162
219 184
219 185
219 191
219 192
219 195
219 196
219 210
220 153
220 154
220 185
220 186
220 189
220 197
220 198
220 199
220 200
220 201
220 202
220 211
220 213
220 214
220 215
220 216
220 217
220 218
220 219
220 220
220 232
220 233
221 151
221 152
221 186
221 212
221 230
221 231
222 186
222 187
222 229
223 148
223 187
223 227
224 146
224 147
224 187
224 223
224 226
225 144
225 145
225 151
225 221
225 222
226 144
226 152
226 188
226 219
226 220
226 236
227 189
227 217
228 189
228 215
228 216
229 214
229 215
229 309
229 310
230 213
230 214
230 308
231 212
231 213
231 309
232 191
232 210
232 300
232 301
232 302
232 308
233 138
233 191
233 209
233 297
233 298
233 299
233 303
233 306
233 307
233 308
234 137
234 191
234 208
234 296
234 303
234 304
235 136
235 191
235 207
235 294
235 303
236 135
236 154
236 191
236 206
236 294
236 302
236 303
237 144
237 154
237 155
237 186
237 187
237 191
237 205
237 206
237 292
237 302
238 155
238 156
238 187
238 191
238 204
238 291
238 292
239 157
239 158
239 185
239 186
239 191
240 159
240 160
240 161
240 185
240 191
241 161
241 162
241 163
241 184
241 185
241 191
241 202
242 146
242 164
242 184
242 190
242 202
243 146
243 165
243 166
243 182
243 190
243 201
243 202
244 122
244 123
244 124
244 125
244 126
244 127
244 128
244 129
244 130
244 131
244 132
244 133
244 134
244 135
244 146
244 147
244 148
244 166
244 167
244 168
244 179
244 180
244 191
244 201
244 290
245 118
245 119
245 120
245 121
245 136
245 137
245 138
245 139
245 140
245 141
245 142
245 143
245 144
245 145
245 168
245 178
245 192
245 201
245 285
245 286
245 287
245 288
245 289
246 115
246 116
246 117
246 169
246 176
246 192
246 193
246 200
246 283
246 284
247 113
247 114
247 170
247 171
247 192
247 200
247 273
247 283
248 110
248 111
248 112
248 151
248 152
248 153
248 172
248 186
248 187
248 192
248 201
248 271
248 272
248 280
248 281
249 107
249 108
249 109
249 154
249 155
249 156
249 187
249 188
249 191
249 192
249 202
249 269
249 270
249 279
249 280
250 105
250 106
250 107
250 135
250 136
250 137
250 138
250 139
250 140
250 157
250 158
250 159
250 160
250 187
250 191
250 198
250 202
250 268
250 269
250 277
250 278
250 279
251 103
251 104
251 131
251 161
251 162
251 164
251 171
251 191
251 197
251 202
251 267
251 268
251 275
251 276
251 277
251 309
252 101
252 102
252 132
252 164
252 165
252 166
252 190
252 197
252 201
252 266
252 267
252 273
252 274
253 100
253 101
253 190
253 197
253 201
253 265
253 271
254 99
254 171
254 190
254 197
254 201
254 264
254 270
255 97
255 98
255 171
255 172
255 190
255 197
255 201
255 263
255 268
255 269
256 96
256 97
256 172
256 173
256 190
256 197
256 201
256 262
257 94
257 95
257 189
257 196
257 201
257 267
257 304
257 305
258 93
258 94
258 174
258 189
258 201
258 258
258 259
258 260
258 261
258 304
259 91
259 92
259 175
259 176
259 177
259 178
259 189
259 196
259 201
259 257
259 261
259 303
260 90
260 91
260 179
260 189
260 195
260 201
260 231
260 256
260 262
260 302
261 89
261 90
261 179
261 189
261 195
261 200
261 230
261 255
261 301
262 88
262 89
262 189
262 194
262 195
262 200
262 229
262 253
262 254
262 263
263 88
263 180
263 181
263 188
263 194
263 199
263 229
263 253
263 300
264 86
264 87
264 181
264 193
264 198
264 252
264 263
264 298
264 299
265 182
265 183
265 193
265 250
265 251
265 298
266 183
266 188
266 198
266 249
266 250
266 251
266 298
267 184
267 188
267 248
268 184
268 185
268 188
268 198
268 246
268 247
268 248
268 259
268 260
268 297
269 185
269 188
269 244
269 245
269 256
269 257
269 258
270 185
270 186
270 188
270 243
270 244
270 254
270 255
271 188
271 195
271 241
271 242
271 253
271 254
272 185
272 189
272 240
272 251
272 252
272 293
272 294
273 184
273 185
273 189
273 190
273 238
273 249
273 250
273 251
274 184
274 191
274 236
274 237
274 246
274 247
274 248
274 249
274 292
275 183
275 184
275 192
275 234
275 235
275 243
275 245
276 183
276 192
276 221
276 240
276 241
276 242
276 243
277 182
277 183
277 191
277 221
277 240
278 182
278 191
278 220
278 290
279 181
279 182
279 190
279 218
279 219
279 220
279 290
280 181
280 189
280 290
281 189
281 289
282 179
282 180
282 189
282 213
283 179
283 188
283 189
283 212
283 213
283 233
283 234
284 176
284 187
285 176
285 186
285 187
286 185
286 186
287 176
287 184
287 204
288 136
288 173
288 174
288 175
288 183
288 203
288 222
289 173
289 182
289 200
289 202
290 181
290 182
290 200
290 228
291 180
291 181
291 197
291 198
291 227
291 286
291 287
292 179
292 180
292 227
293 178
293 179
293 194
293 226
293 289
294 168
294 177
294 178
294 191
294 225
294 226
295 167
295 177
295 188
295 189
295 190
295 225
296 176
296 187
296 224
296 225
297 165
297 175
297 184
297 185
297 224
298 137
298 174
298 175
298 181
298 183
298 223
299 137
299 173
299 174
299 179
299 180
299 181
299 222
299 223
300 138
300 172
300 173
300 221
301 138
301 139
301 172
301 196
301 219
301 221
302 139
302 140
302 171
303 141
303 142
303 170
303 171
303 194
303 195
303 216
303 217
304 142
304 143
304 170
305 170
305 220
306 169
306 214
307 168
307 169
307 205
307 212
308 168
308 205
308 223
309 167
309 205
309 222
310 167
310 204
310 221
310 222
311 166
311 188
311 189
311 204
311 220
311 221
312 166
312 205
312 206
312 221
313 165
313 221
314 164
314 165
314 183
314 184
314 185
314 220
315 164
315 182
315 183
315 203
315 207
315 208
315 220
316 180
316 181
316 182
316 204
316 220
317 180
317 220
318 220
319 179
319 220
320 172
320 173
320 178
320 220
320 221
321 174
321 176
321 178
321 221
322 221
323 173
324 154
324 163
324 173
325 153
325 163
325 170
325 172
326 152
326 153
326 163
326 169
326 170
327 151
327 152
327 169
327 221
328 150
328 168
328 221
329 149
329 154
329 167
329 168
329 220
330 149
330 154
330 161
330 167
330 219
331 148
331 154
331 160
331 167
331 219
332 155
332 159
332 166
333 165
333 166
334 164
335 162
335 163
335 216
336 160
336 161
336 162
337 143
337 157
337 159
337 160
338 142
338 156
338 157
339 141
339 154
339 155
339 212
340 152
340 153
340 154
341 138
341 150
341 151
341 152
341 204
342 137
342 148
342 149
342 150
342 201
342 203
343 135
343 136
343 137
343 138
343 147
343 148
343 199
343 200
344 146
344 198
344 199
345 139
345 140
345 142
345 143
345 197
346 196
346 197
347 195
347 196
348 195
349 194
350 193
351 192
352 191
353 191
354 190
355 190
356 190
357 190
358 191
