297 120 33 49
253 132
254 133
255 133
256 133
257 133
258 133
259 133
260 132
261 132
262 132
263 133
264 133
265 133
266 134
267 134
268 134
269 135
270 135
271 135
272 135
273 135
274 135
275 135
276 135
277 135
278 135
279 135
280 136
281 136
282 136
283 135
284 135
285 135
286 135
287 135
288 136
289 136
290 136
291 136
292 136
293 136
298 137
299 137
300 138
301 138
301 139
301 153
301 154
301 155
301 156
301 157
301 158
302 139
302 152
302 153
303 151
304 144
304 145
304 146
304 147
304 148
304 149
304 150
318 167
319 167
320 167
325 153
326 152
326 153
327 151
327 152
329 149
329 154
330 149
331 148
331 154
331 160
332 155
332 159
337 143
338 142
339 141
