246 190 33 49
242 190
243 190
244 191
245 192
246 192
246 193
247 192
248 192
249 191
249 192
249 202
250 191
250 198
250 202
251 191
251 197
251 202
252 190
252 197
252 201
253 190
253 197
253 201
254 190
254 197
254 201
255 190
255 197
255 201
256 190
256 197
256 201
257 189
257 196
257 201
258 189
258 201
259 189
259 196
259 201
260 189
260 195
260 201
260 231
261 189
261 195
261 200
261 230
262 189
262 194
262 195
262 200
262 229
263 188
263 194
263 199
263 229
264 193
264 198
265 193
266 198
268 198
269 188
270 188
270 196
271 188
271 195
272 189
273 189
273 190
274 191
275 192
276 192
276 221
277 191
278 191
278 220
279 190
279 218
279 219
279 220
280 189
282 213
283 212
283 213
