340 66 112 43
341 56
341 72
342 56
342 57
342 72
342 91
343 73
343 88
343 90
343 91
343 92
344 69
344 74
344 85
344 86
344 87
344 91
345 59
345 65
345 66
345 67
345 68
345 75
345 81
345 82
345 83
345 91
345 92
346 59
346 76
346 77
346 78
346 79
346 80
346 92
347 60
347 61
348 61
348 62
349 63
349 78
349 79
349 80
350 64
350 75
350 76
350 77
350 78
351 64
351 65
351 71
351 72
351 73
351 74
351 75
351 93
351 94
352 70
352 91
352 92
353 65
353 66
353 90
354 67
354 88
354 89
355 68
355 69
355 84
355 85
355 86
355 87
356 70
356 71
356 72
356 73
356 74
356 75
356 76
356 77
356 78
356 79
356 80
356 81
356 82
356 83
357 99
358 99
359 98
360 97
361 96
361 97
362 95
362 96
363 95
364 94
365 93
365 94
366 93
367 92
367 93
368 92
369 91
370 90
371 90
372 90
373 90
374 91
374 92
375 92
376 93
377 94
377 95
378 96
379 97
420 59
435 80
437 71
437 83
438 64
438 71
438 84
439 85
440 64
440 70
440 87
440 88
441 64
441 70
441 75
441 88
441 89
442 70
442 90
443 69
444 69
444 74
445 68
445 69
445 93
445 94
446 68
446 73
446 92
447 67
447 92
447 96
448 67
448 72
449 66
449 72
449 91
450 66
450 71
450 90
451 65
451 90
452 65
452 89
452 103
453 88
453 89
453 102
454 88
454 102
455 87
455 88
456 87
457 87
458 86
459 86
460 85
460 86
461 85
462 85
463 84
464 84
465 84
466 83
467 83
468 83
469 83
470 82
