0 0 330 107
8 54
12 56
14 56
15 56
16 56
17 55
18 55
19 55
20 55
21 55
22 55
23 55
35 56
36 56
37 57
37 58
38 59
53 46
57 9
57 10
57 11
57 12
57 13
57 14
57 18
58 15
58 16
58 17
58 19
59 16
59 19
60 20
60 30
60 34
61 22
61 26
61 27
62 21
63 19
63 20
64 8
64 9
64 10
64 11
64 12
64 13
64 14
64 15
64 16
64 17
64 18
82 104
83 102
83 105
84 99
84 100
84 101
85 98
86 97
86 98
87 97
88 97
89 97
90 97
91 97
92 97
93 97
94 97
95 97
96 97
97 97
98 97
99 97
100 98
101 98
102 98
103 97
104 97
108 52
109 51
109 73
110 51
110 62
110 67
110 68
110 70
110 71
110 72
111 51
111 60
111 61
111 62
112 51
113 51
113 62
114 51
114 62
115 51
115 62
116 51
116 62
117 50
117 62
118 50
118 62
119 50
119 62
120 50
120 62
121 51
121 62
122 51
122 63
123 51
123 63
124 51
124 63
125 51
125 62
126 51
126 62
127 51
127 62
128 51
128 62
129 51
129 63
130 51
130 63
131 51
131 62
132 51
132 62
133 51
133 62
134 51
134 63
135 51
135 63
136 52
136 63
137 52
137 63
138 52
138 63
139 52
139 63
140 52
140 63
141 52
142 52
143 52
144 52
145 52
146 52
147 52
148 52
149 52
150 52
151 52
152 52
153 52
154 52
155 53
156 53
157 53
158 53
159 53
160 53
161 53
162 53
163 53
164 53
165 53
166 53
167 53
168 53
169 53
170 53
171 53
172 53
173 53
174 53
175 53
176 53
177 54
178 54
179 54
180 54
181 54
182 54
183 54
184 54
185 53
186 53
187 53
188 53
189 53
190 53
191 53
192 53
193 54
194 54
194 65
195 54
196 54
197 54
197 66
198 54
198 66
199 54
199 66
200 54
200 66
201 54
201 66
202 54
202 66
203 55
203 66
204 55
204 66
205 55
205 66
206 55
206 66
207 55
207 66
208 55
208 66
209 55
209 66
210 55
210 66
211 55
211 66
212 55
212 66
213 55
213 66
214 56
214 66
215 56
215 66
216 56
216 66
217 56
217 66
218 56
218 65
219 56
219 66
220 66
221 67
222 67
223 67
224 67
225 67
226 67
227 66
228 66
229 66
230 66
231 66
232 56
232 67
233 56
233 67
234 56
234 67
235 56
235 67
236 56
236 67
237 56
237 67
238 56
238 67
239 56
239 67
240 56
240 67
241 57
241 67
242 56
242 67
243 56
243 68
244 57
244 68
245 57
245 67
246 57
246 67
247 57
248 57
249 57
250 57
251 57
252 57
253 57
254 57
255 57
256 57
257 57
258 57
259 58
260 58
261 58
262 58
263 58
264 58
265 57
266 57
267 57
268 57
268 84
269 56
269 83
270 56
270 83
271 56
271 82
272 82
273 81
274 81
275 80
276 80
277 79
278 79
278 88
278 89
278 92
279 79
279 91
279 92
280 78
280 92
281 78
281 87
281 88
282 78
282 87
282 88
283 77
283 88
284 77
284 89
285 4
285 5
285 6
285 7
285 8
285 9
285 10
285 53
285 77
285 89
285 90
285 91
286 10
286 11
286 12
286 53
286 88
286 89
286 92
286 93
286 94
286 95
286 101
287 13
287 14
287 53
287 88
287 96
287 102
287 103
288 15
288 16
288 54
288 74
288 88
288 97
288 104
289 16
289 17
289 54
289 74
289 88
289 97
289 105
290 17
290 53
290 73
290 87
290 97
290 98
290 105
291 51
291 52
291 53
291 73
291 87
291 98
291 105
292 43
292 44
292 45
292 46
292 47
292 73
292 87
292 99
292 104
292 105
293 34
293 35
293 36
293 37
293 38
293 39
293 40
293 41
293 87
293 99
293 100
293 104
294 27
294 28
294 29
294 30
294 31
294 32
294 33
294 34
294 86
294 99
294 100
294 103
294 104
295 23
295 24
295 25
295 73
295 86
295 103
296 86
296 103
297 74
297 87
297 102
298 75
298 87
298 102
299 75
299 87
299 101
300 76
300 87
301 76
301 86
301 87
301 88
302 77
302 88
302 89
302 90
302 91
302 92
303 77
304 77
305 77
306 77
307 76
308 76
315 69
319 64
320 63
321 62
321 63
322 61
322 62
323 60
323 61
324 59
324 60
325 58
326 56
326 57
327 54
327 55
328 53
328 54
329 53
