204 129 103 106
203 169
203 229
204 169
204 170
205 170
205 232
206 174
206 225
206 229
207 174
207 225
208 168
208 174
208 225
208 226
209 170
209 171
209 172
209 174
209 225
210 174
210 224
211 174
211 175
211 223
212 163
212 222
213 177
213 222
214 161
214 177
214 178
214 220
214 221
215 159
215 161
215 179
215 180
215 220
216 165
216 180
216 219
217 182
217 204
217 205
217 206
217 207
217 208
218 183
218 184
218 193
218 194
218 203
218 206
218 209
218 225
218 226
218 227
219 155
219 162
219 185
219 191
219 192
219 195
219 196
219 210
220 153
220 154
220 186
220 190
220 197
220 198
220 199
220 200
220 201
220 202
220 211
220 213
220 214
220 215
220 216
220 217
220 218
220 219
220 220
220 232
220 233
220 234
221 151
221 152
221 186
221 212
221 230
221 231
222 229
222 230
223 148
223 227
224 146
224 147
224 223
224 224
224 225
224 226
225 144
225 145
225 151
225 188
225 221
225 222
225 223
226 144
226 152
226 219
226 220
227 217
227 218
228 215
228 216
229 190
229 214
229 215
230 190
230 213
230 214
231 190
231 212
231 213
232 191
232 210
232 211
233 138
233 191
233 209
233 210
234 137
234 208
234 209
235 136
235 207
235 208
236 135
236 154
236 206
236 207
237 144
237 154
237 155
237 186
237 187
237 205
237 206
238 144
238 155
238 156
238 187
238 204
238 205
239 157
239 158
239 185
239 186
239 204
240 159
240 160
240 161
240 185
240 203
241 161
241 162
241 163
241 184
241 203
242 146
242 164
242 184
243 146
243 165
243 166
243 182
244 122
244 123
244 124
244 125
244 126
244 127
244 128
244 129
244 130
244 131
244 132
244 133
244 134
244 135
244 146
244 147
244 148
244 166
244 167
244 168
244 179
244 180
245 118
245 119
245 120
245 121
245 136
245 137
245 138
245 139
245 140
245 141
245 142
245 143
245 144
245 145
245 168
245 178
246 115
246 116
246 117
246 169
246 176
247 113
247 114
247 170
247 171
248 110
248 111
248 112
248 151
248 152
248 153
248 172
249 107
249 108
249 109
249 154
249 155
249 156
250 105
250 106
250 107
250 135
250 136
250 137
250 138
250 139
250 140
250 157
250 158
250 159
250 160
251 103
251 104
251 131
251 161
251 162
251 164
251 171
252 101
252 102
252 132
252 164
252 165
252 166
253 100
253 101
254 99
254 171
255 97
255 98
255 171
255 172
256 96
256 97
256 172
256 173
257 94
257 95
258 93
258 94
258 174
259 91
259 92
259 175
259 176
259 177
259 178
260 90
260 91
260 231
261 89
261 90
261 179
261 180
261 195
261 230
262 88
262 89
262 180
262 194
262 229
263 88
263 180
263 181
263 229
264 86
264 87
264 181
264 182
264 188
264 193
265 182
265 183
265 193
265 198
266 183
267 184
267 197
268 184
268 185
268 197
269 185
269 196
270 185
270 186
270 188
270 196
271 188
272 185
272 189
273 184
273 185
273 189
274 184
275 183
275 184
276 183
276 221
277 183
277 191
278 182
278 191
278 220
279 182
279 190
279 219
279 220
280 189
281 180
281 189
282 179
282 180
282 189
282 213
283 179
283 188
283 189
283 212
283 213
284 176
284 178
284 187
285 176
285 186
285 187
286 176
286 185
286 186
287 175
287 184
287 204
288 136
288 183
288 203
288 222
289 182
289 200
289 202
290 181
290 182
290 200
290 228
291 180
291 181
291 197
291 198
292 179
292 180
292 227
293 178
293 179
293 194
293 226
294 168
294 177
294 178
294 191
294 225
295 167
295 177
295 188
295 189
295 190
295 225
296 176
296 187
296 224
296 225
297 165
297 175
297 184
297 185
297 224
298 137
298 174
298 175
298 181
298 183
298 223
299 137
299 173
299 174
299 179
299 180
299 181
299 222
299 223
300 138
300 172
300 173
300 221
301 138
301 139
301 172
301 196
301 219
301 221
302 139
302 140
302 171
303 141
303 142
303 170
303 171
303 194
303 195
303 216
303 217
304 142
304 143
304 170
305 170
305 220
306 169
306 214
307 168
307 169
307 212
308 168
309 167
310 167
311 166
312 166
313 165
324 154
