150 180 15 55
148 183
153 183
153 197
154 183
154 195
154 196
155 184
155 185
155 194
155 200
156 185
156 186
156 192
156 193
156 199
156 200
156 201
156 202
156 203
156 207
156 208
156 209
156 223
156 224
156 225
157 187
157 188
157 189
157 190
157 191
157 204
157 205
157 206
157 210
157 223
157 227
157 228
158 211
158 215
158 216
158 217
158 218
158 219
158 222
159 212
159 214
159 220
159 221
159 222
160 190
160 191
160 222
161 191
161 192
162 193
162 194
163 193
166 225
166 226
167 221
167 222
167 223
167 224
168 219
169 214
169 215
169 216
