319 261 117 44
322 291
323 291
324 266
324 267
324 290
324 291
325 266
325 290
326 265
326 266
326 290
327 265
327 289
328 264
328 288
328 289
329 262
329 263
329 287
329 288
330 286
330 287
332 284
332 285
332 286
333 286
333 287
335 296
336 296
337 296
338 296
339 296
340 296
346 264
347 265
347 266
347 267
348 267
348 268
348 269
349 270
349 271
350 271
350 272
351 272
352 273
353 273
353 274
354 274
355 274
356 275
357 275
358 275
358 276
359 276
360 276
361 276
362 276
363 275
364 275
365 275
366 275
370 265
371 265
372 266
373 267
374 267
375 267
375 268
376 269
377 263
377 270
377 272
378 258
378 263
378 270
378 271
378 272
379 259
379 263
379 264
380 260
380 261
380 262
380 263
381 261
382 262
424 268
425 267
425 268
426 267
427 266
428 266
429 265
430 264
431 264
432 263
433 263
434 262
435 262
436 262
438 284
438 285
439 286
439 287
439 288
439 289
