462 210 28 31
461 217
461 218
461 219
461 222
461 223
461 224
462 216
462 220
462 221
462 225
463 210
463 211
463 215
463 226
463 229
464 212
464 213
464 214
464 229
465 229
468 229
469 224
469 229
470 224
470 229
470 233
471 224
471 229
471 233
472 224
472 228
472 233
473 227
473 228
473 233
474 228
474 233
475 232
475 238
476 227
476 232
476 235
476 237
477 227
477 232
478 227
478 232
479 212
479 226
479 231
480 226
480 231
481 226
481 231
482 226
482 231
483 226
483 230
483 231
484 226
484 230
485 225
485 230
486 221
486 229
487 221
487 228
487 229
488 222
488 228
489 208
489 222
490 220
491 205
