51 0 99 177
53 46
54 150
54 151
55 151
56 151
56 158
57 9
57 10
57 11
57 12
57 13
57 14
57 18
57 150
57 159
57 160
57 169
57 176
57 177
58 15
58 16
58 17
58 19
58 143
58 144
58 145
58 146
58 147
58 148
58 149
58 150
58 151
58 160
58 161
58 168
58 169
58 174
58 175
59 16
59 19
59 142
59 156
59 161
59 173
60 20
60 30
60 34
60 155
60 156
60 172
61 22
61 26
61 27
61 154
61 162
62 21
62 163
62 164
62 165
62 166
62 169
62 170
62 171
63 19
63 20
63 160
63 161
63 167
63 168
64 8
64 9
64 10
64 11
64 12
64 13
64 14
64 15
64 16
64 17
64 18
64 156
64 157
64 158
64 160
65 155
65 156
68 152
69 151
69 152
70 151
71 150
72 150
73 149
73 150
74 149
75 148
76 148
77 148
78 147
79 128
79 147
80 128
80 146
80 147
81 128
81 139
81 146
82 104
82 128
82 140
82 141
82 146
83 102
83 105
83 129
83 130
83 141
83 145
84 99
84 100
84 101
84 131
84 132
84 141
84 145
85 98
85 132
85 141
85 145
86 97
86 98
86 132
86 140
86 145
87 97
87 133
87 134
87 139
87 140
87 145
88 97
88 135
88 137
88 138
88 139
88 145
89 97
89 135
89 140
89 145
90 97
90 135
90 140
90 144
91 97
91 135
91 144
92 97
92 136
92 145
93 97
93 136
93 145
94 97
94 136
94 144
95 97
95 136
95 144
96 97
96 136
96 144
97 97
97 136
97 144
98 97
98 136
98 144
99 97
99 136
99 144
100 98
100 137
100 144
101 98
101 137
101 145
102 98
102 137
102 145
103 97
103 137
103 145
104 53
104 97
104 138
104 145
105 53
105 97
105 138
105 145
106 53
106 97
106 138
106 145
106 155
106 156
106 157
106 164
106 165
106 166
107 53
107 98
107 138
107 146
107 153
107 154
107 158
107 159
107 160
107 161
107 162
107 163
107 167
107 168
107 169
107 170
108 52
108 138
108 146
108 152
108 171
108 172
108 173
108 174
108 175
109 51
109 64
109 65
109 80
109 88
109 98
109 99
109 100
109 101
109 102
109 103
109 104
109 105
109 107
109 108
109 112
109 113
109 114
109 115
109 116
109 117
109 118
109 138
109 146
109 151
110 51
110 62
110 63
110 66
110 69
110 93
110 94
110 95
110 96
110 97
110 98
110 106
110 109
110 110
110 111
110 119
110 138
110 146
110 150
111 60
111 61
111 62
111 120
111 138
111 146
111 149
112 138
112 148
112 149
113 138
113 147
113 148
114 62
114 139
114 147
114 149
114 157
114 158
114 159
114 160
114 161
114 162
114 163
114 164
114 165
114 166
114 167
114 168
114 169
114 170
114 171
114 172
114 173
114 176
114 177
115 62
115 139
115 145
115 155
115 156
115 157
115 175
115 176
116 139
116 145
116 154
116 155
117 139
117 145
117 153
117 154
118 139
118 145
118 153
119 62
119 139
119 145
119 153
120 139
120 145
120 153
120 171
120 172
120 173
121 62
121 140
121 146
121 153
121 165
121 166
121 167
121 168
121 169
121 170
122 63
122 140
122 146
122 153
123 63
123 140
123 146
123 153
124 63
124 140
124 146
124 153
124 163
124 174
125 62
125 140
125 153
125 154
125 161
125 162
125 174
126 62
126 140
126 149
126 153
126 154
126 161
126 162
126 174
126 175
127 62
127 141
127 149
127 153
127 161
127 162
127 173
128 141
128 149
128 162
128 170
128 171
129 63
129 141
129 149
129 162
129 168
129 169
130 63
130 141
130 149
130 166
130 167
131 62
131 141
131 149
131 161
131 162
131 163
132 140
132 150
132 160
132 161
133 62
133 140
133 150
133 159
133 160
134 63
134 141
134 150
134 159
135 63
135 141
135 150
136 63
136 142
136 151
137 142
137 151
138 143
138 151
139 143
139 151
140 143
140 144
140 151
141 144
142 145
143 145
143 151
144 146
144 151
144 152
145 146
145 152
146 147
146 152
147 148
147 152
148 151
149 151
150 151
151 151
