16 238 78 23
21 253
21 254
26 254
27 254
27 255
28 255
28 256
29 256
30 256
31 256
42 247
42 248
42 249
43 246
43 247
44 216
44 217
44 218
44 246
45 218
45 219
45 220
45 221
45 246
46 222
46 223
47 223
47 224
47 225
47 226
47 227
47 228
47 235
47 236
48 228
48 229
48 230
48 234
48 237
48 238
48 239
48 240
48 241
48 242
48 243
49 231
49 232
49 233
50 233
50 248
51 248
51 250
52 239
52 240
52 241
52 243
52 244
58 247
58 254
59 248
60 248
61 248
62 248
63 247
64 247
64 249
64 250
65 249
65 250
66 250
68 249
69 249
70 249
71 246
72 247
73 247
74 247
75 247
76 247
77 247
78 248
79 248
79 249
80 249
81 249
82 250
83 250
84 249
84 250
85 247
85 250
86 247
86 251
87 247
87 251
87 252
88 248
88 253
88 254
89 249
89 254
90 249
91 249
92 249
