187 56 51 117
152 151
153 151
154 151
155 151
156 151
157 152
158 152
159 152
160 53
160 152
161 53
161 152
162 53
162 152
163 53
163 152
164 53
164 152
165 53
165 153
166 53
166 153
167 53
167 153
168 53
168 153
169 53
169 153
170 53
170 154
171 53
171 154
172 53
172 154
173 53
173 154
174 53
174 154
175 53
175 154
176 53
176 154
177 54
177 154
178 54
178 154
178 155
179 54
179 155
180 54
180 155
181 54
181 155
182 54
182 155
183 54
183 156
184 54
184 156
185 53
185 156
186 53
186 157
187 53
187 157
188 53
188 157
189 53
189 158
190 53
190 158
191 53
191 159
192 53
192 159
192 160
193 54
193 160
194 54
194 161
195 54
195 161
195 162
196 54
196 162
196 163
196 172
197 54
197 163
197 164
197 172
197 173
198 54
198 164
198 173
199 54
199 165
199 173
200 54
200 166
200 173
201 54
201 167
201 173
202 54
202 168
203 55
203 169
204 55
204 169
204 170
205 55
205 170
206 55
207 55
208 55
208 168
209 55
209 167
209 168
209 169
209 170
209 171
209 172
210 55
210 166
210 167
210 172
211 55
211 164
211 165
211 166
212 55
212 164
213 55
213 163
213 170
214 56
214 162
214 163
214 169
215 56
215 160
215 167
215 168
216 56
216 158
216 159
216 166
217 56
217 157
217 158
218 56
218 156
219 56
219 163
220 160
220 161
221 152
221 159
221 160
222 150
222 158
223 148
223 149
223 157
224 155
224 156
225 153
225 154
226 143
226 152
227 143
228 142
229 142
230 142
231 142
232 138
232 140
233 139
234 138
235 138
236 136
237 135
