263 0 37 87
232 56
233 56
234 56
235 56
236 56
237 56
238 56
239 56
240 56
241 57
242 56
243 56
244 57
245 57
246 57
247 57
248 57
249 57
250 57
251 57
252 57
253 57
254 57
255 57
256 57
257 57
258 57
259 58
260 58
261 58
262 58
263 58
264 58
265 57
266 57
267 57
268 57
268 84
269 56
269 83
270 56
270 83
271 56
271 82
272 82
273 81
274 81
275 80
276 80
277 79
278 79
279 79
280 78
281 78
282 78
283 77
284 77
285 5
285 6
285 7
285 8
285 9
285 10
285 53
285 77
286 10
286 11
286 12
286 53
287 13
287 14
287 53
288 54
288 74
289 54
289 74
290 53
290 73
291 51
291 52
291 53
291 73
292 43
292 44
292 45
292 46
292 47
292 73
293 34
293 35
293 36
293 37
293 38
293 39
293 40
293 41
293 72
294 27
294 28
294 29
294 30
294 31
294 32
294 33
294 34
294 73
295 23
295 24
295 25
295 73
296 74
296 86
297 74
297 87
298 75
298 87
299 75
299 76
299 87
300 87
