216 288 76 45
220 324
221 321
221 322
222 314
223 320
224 312
224 319
225 311
225 319
226 310
226 317
226 318
227 316
228 315
229 309
229 310
230 308
231 309
232 300
232 301
232 302
232 308
233 297
233 298
233 299
233 303
233 306
233 308
234 296
234 303
235 294
236 294
236 302
237 292
237 302
238 291
238 292
244 290
245 285
245 286
245 287
245 288
245 289
246 283
246 284
247 282
248 280
249 279
250 277
250 278
250 279
251 275
251 276
251 277
252 273
252 274
252 308
252 309
253 307
253 308
254 307
255 306
256 305
257 304
257 305
258 304
259 303
262 300
262 301
263 299
263 300
267 297
268 296
269 295
269 296
270 295
271 294
271 328
273 293
275 292
275 314
275 315
276 291
276 313
276 314
277 291
277 313
278 313
278 319
279 312
279 313
279 319
280 289
280 312
280 318
281 311
281 317
281 318
282 310
282 311
282 317
283 309
283 310
283 316
284 308
284 309
284 315
284 316
285 308
286 307
286 308
286 314
287 307
287 313
288 306
288 307
288 312
289 306
289 312
290 305
290 311
291 304
291 305
291 310
292 304
293 303
294 303
295 302
296 302
297 302
298 301
299 301
300 300
301 300
302 299
303 299
304 299
305 298
305 299
306 298
307 298
308 298
