120 147 102 52
111 178
111 179
113 182
117 153
117 154
117 185
118 153
119 153
120 153
120 171
120 173
120 175
121 153
121 165
121 166
121 167
121 168
121 169
121 170
121 178
121 187
122 153
122 183
123 183
123 188
124 163
124 174
124 183
125 154
125 161
125 162
125 163
125 174
125 183
126 161
126 162
126 174
126 175
126 183
126 184
126 189
127 162
127 172
127 189
128 162
128 170
128 171
128 189
129 168
129 169
129 183
129 189
130 166
130 167
130 189
131 182
131 188
132 160
132 161
132 188
133 159
133 160
133 182
133 188
134 159
134 182
134 187
135 182
136 142
136 187
137 142
137 187
138 143
138 180
139 143
139 180
139 186
140 143
140 144
140 180
140 186
141 144
141 180
141 185
142 145
142 181
142 185
143 145
143 185
144 146
144 185
145 146
145 179
145 184
146 147
146 177
146 178
146 184
147 148
147 183
148 176
149 176
149 182
150 175
150 182
151 175
151 182
152 175
152 183
153 176
153 197
154 176
154 184
154 195
154 196
155 177
155 194
156 177
156 185
156 186
156 192
156 193
157 178
157 187
157 188
157 189
157 190
157 191
158 178
159 178
160 190
160 191
161 191
161 192
162 193
162 194
163 193
175 172
177 193
177 194
177 195
177 196
178 190
178 191
178 192
197 172
202 177
203 168
203 175
203 177
208 168
209 167
209 168
209 169
209 170
209 171
210 166
210 167
210 172
211 164
211 165
211 166
212 164
212 176
213 163
213 170
214 162
214 163
214 169
215 160
215 167
215 168
216 158
216 159
216 165
216 166
216 181
217 157
217 158
217 183
218 156
219 163
219 184
220 160
220 161
220 189
220 190
221 151
221 159
221 160
222 150
222 158
223 149
223 157
224 146
224 147
224 155
224 156
225 144
225 145
226 144
