290 283 102 37
292 287
292 288
292 289
293 290
294 291
294 292
294 309
295 292
295 307
295 308
296 293
296 307
297 293
297 306
298 293
298 306
298 307
299 292
299 293
299 307
303 304
303 305
304 304
305 304
306 303
307 303
308 303
309 297
309 303
310 297
310 302
311 296
311 297
311 302
312 293
312 294
312 295
312 301
313 301
314 301
315 300
316 300
317 300
318 300
319 299
320 299
321 299
322 291
322 299
323 291
323 298
324 290
324 291
324 298
325 290
325 297
326 290
326 297
327 289
327 297
328 288
328 289
328 297
329 287
329 288
329 297
330 286
330 287
330 297
331 296
332 284
332 285
332 286
332 296
333 286
333 287
333 296
334 295
335 295
335 296
336 296
337 296
338 296
339 296
340 296
346 303
347 303
348 303
349 302
350 302
351 302
352 302
353 302
354 302
355 302
356 301
357 301
358 301
359 301
360 301
361 301
362 301
363 300
364 300
365 300
366 300
367 300
368 300
369 299
370 299
371 299
372 299
373 298
374 298
375 298
376 298
377 297
377 298
378 297
379 297
380 296
381 296
382 296
383 295
384 295
385 294
386 293
386 294
387 293
388 292
