43 142 168 89
46 190
46 191
46 192
46 193
48 202
48 204
50 195
50 198
51 188
52 187
53 185
54 150
54 185
55 151
56 151
56 158
56 183
57 150
57 159
57 160
57 169
57 176
57 177
58 143
58 144
58 145
58 146
58 147
58 148
58 149
58 150
58 151
58 160
58 161
58 168
58 169
58 174
58 175
58 179
58 180
58 181
59 142
59 156
59 161
59 173
59 179
60 155
60 156
60 172
60 178
61 154
61 162
61 177
62 163
62 164
62 165
62 166
62 169
62 170
62 171
62 175
62 176
63 160
63 161
63 167
63 168
63 174
63 175
64 156
64 157
64 158
64 160
65 155
65 156
110 218
110 219
110 220
110 221
110 222
110 223
110 224
110 225
110 226
111 178
111 179
111 213
111 215
111 217
112 179
112 211
112 212
113 182
114 208
115 155
115 156
115 157
115 207
116 206
117 185
117 205
118 205
119 220
120 171
120 173
120 175
120 176
120 177
120 217
120 218
120 219
121 165
121 166
121 167
121 168
121 169
121 170
121 175
121 177
121 178
121 179
121 187
121 208
121 215
121 216
121 217
122 180
122 181
122 183
122 213
122 214
122 215
123 188
124 163
124 174
125 161
125 162
125 163
125 174
125 183
126 161
126 162
126 174
126 175
126 184
126 189
127 161
127 162
127 172
127 183
128 162
128 170
128 171
128 183
128 189
129 162
129 164
129 165
129 168
129 169
129 189
130 166
130 167
130 183
130 189
131 161
131 162
131 163
132 182
132 188
133 188
134 187
135 181
136 181
136 187
137 181
137 187
138 187
139 186
139 209
140 186
140 210
141 180
141 185
141 211
142 181
142 185
142 212
143 180
143 185
143 213
144 180
144 185
145 179
145 184
146 184
147 177
147 183
148 183
149 182
150 182
151 175
151 182
152 183
153 176
153 183
154 176
154 183
155 177
155 184
155 185
156 177
156 226
157 178
157 227
157 228
158 178
158 229
159 178
159 221
159 229
160 178
161 177
162 177
163 175
163 176
163 193
164 173
164 174
164 175
165 172
165 173
166 171
166 225
166 226
167 170
167 221
167 222
167 223
167 224
168 170
168 219
169 169
169 203
169 204
169 205
169 210
169 211
169 214
169 215
169 216
170 169
170 196
170 197
170 198
170 199
170 200
170 201
170 202
170 206
170 207
170 208
170 209
171 168
171 194
171 195
171 222
171 223
172 168
172 169
172 219
172 220
172 221
173 169
173 170
173 181
173 182
173 183
173 184
173 185
173 186
173 187
173 188
173 189
173 190
173 216
173 217
173 218
174 170
174 171
174 175
174 176
174 177
174 178
174 179
174 180
174 213
174 214
174 215
174 216
175 172
175 174
175 206
175 207
175 208
175 209
175 210
175 211
178 190
183 205
184 205
185 205
186 205
187 206
188 206
189 206
190 206
191 207
192 207
193 207
194 207
195 208
196 207
197 172
197 207
202 177
203 168
203 175
203 177
208 168
209 167
209 168
209 169
209 170
209 171
210 166
210 167
210 172
211 164
211 165
211 166
212 164
213 163
214 162
214 163
215 160
216 158
216 159
217 157
217 158
218 156
