320 295 117 57
332 327
333 327
334 327
335 296
335 328
336 296
336 328
337 296
337 328
338 296
338 328
339 296
339 328
340 296
340 327
341 327
344 304
345 304
346 303
347 303
348 303
348 328
349 302
350 302
351 302
352 302
353 302
354 302
355 302
355 330
355 331
356 301
356 328
356 329
357 301
358 301
359 301
360 301
361 301
362 301
363 300
364 300
365 300
366 300
367 300
368 300
369 299
370 299
371 299
372 299
373 298
374 298
375 298
376 298
377 297
377 298
378 297
379 297
380 296
381 296
382 296
383 295
384 295
385 294
386 293
386 294
387 293
388 292
415 339
417 344
418 343
418 344
419 342
419 343
420 341
420 342
421 340
421 341
422 339
423 337
423 338
424 335
424 337
425 334
425 335
426 333
426 334
427 331
427 332
427 333
428 329
428 330
428 331
429 328
429 329
