85 244 107 36
71 246
72 247
74 247
75 247
76 247
77 247
78 248
79 248
79 249
80 249
81 249
82 250
83 250
84 249
84 250
85 250
86 251
87 251
87 252
87 253
88 253
88 254
89 249
89 254
89 257
89 258
90 249
90 258
91 249
91 258
92 249
92 259
93 259
94 259
95 259
96 259
97 260
98 260
99 261
100 261
100 266
101 261
101 266
102 261
102 266
103 261
103 266
104 261
104 266
105 261
105 266
106 261
106 266
107 262
107 266
107 274
108 262
108 266
108 274
109 262
109 266
109 274
110 262
110 266
110 273
111 262
111 273
112 262
113 262
113 272
114 262
115 262
116 262
117 262
118 262
119 262
120 263
121 263
122 263
122 264
123 264
123 265
124 265
125 266
125 267
153 280
175 276
176 276
177 276
178 276
179 276
180 276
181 275
182 275
183 275
184 275
185 274
186 274
187 273
188 273
189 272
190 272
191 271
191 272
192 270
192 271
193 270
194 269
195 268
196 267
