320 160 101 175
318 167
319 167
319 179
320 167
320 172
320 173
320 178
320 179
321 174
321 175
321 176
321 177
321 178
322 162
323 162
323 163
323 173
324 163
324 169
324 172
324 173
324 266
325 163
325 170
325 171
325 172
326 163
326 169
326 170
326 265
327 169
328 168
328 264
328 288
329 154
329 167
329 168
329 262
329 263
329 287
329 288
330 154
330 161
330 167
330 219
330 286
330 287
331 154
331 167
331 219
332 154
332 155
332 156
332 157
332 158
332 159
332 166
332 217
332 218
332 284
332 285
332 286
333 165
333 166
333 217
333 286
333 287
334 164
334 217
335 162
335 163
336 160
336 161
336 215
336 216
337 157
337 158
337 159
337 160
337 214
337 215
338 157
338 213
338 214
339 213
340 152
340 154
340 211
340 212
341 152
341 205
341 206
341 207
341 208
341 209
341 210
341 211
342 148
342 150
342 202
343 148
344 144
344 145
344 146
345 139
345 140
345 141
345 142
345 143
345 144
346 206
348 195
348 202
348 269
348 327
348 328
349 193
349 194
349 325
349 326
349 327
350 192
350 193
350 200
351 192
351 199
351 200
352 323
352 324
353 191
353 324
353 325
354 190
354 326
355 190
355 327
357 190
358 191
361 195
362 194
363 193
364 192
365 192
366 194
367 193
368 191
368 192
368 194
369 191
370 190
371 189
371 190
372 188
372 189
373 232
373 240
373 241
374 231
375 232
375 233
375 244
376 233
376 234
376 269
378 263
378 270
378 271
378 272
379 263
379 264
380 260
380 261
381 256
