164 257 179 61
169 285
170 290
170 291
171 292
172 296
172 297
173 280
173 281
173 298
174 281
175 276
175 282
176 276
176 282
177 276
177 282
178 276
178 282
179 276
179 282
180 276
180 283
181 275
181 283
182 275
182 283
183 275
183 283
184 275
184 283
185 274
185 283
186 274
186 283
187 273
187 282
188 273
188 282
189 272
189 282
190 272
190 281
191 271
191 281
192 270
192 281
193 270
193 274
193 280
194 269
194 274
194 280
195 268
195 274
195 280
196 273
196 279
197 272
197 279
198 272
198 278
199 272
199 278
200 277
201 276
202 275
202 276
203 275
204 274
205 274
206 255
206 256
206 273
207 272
207 273
208 272
209 251
209 271
210 249
210 259
210 260
210 261
210 262
210 271
211 261
211 270
212 246
212 269
213 244
213 268
213 269
214 242
214 267
214 268
215 267
216 238
216 266
217 234
217 235
217 236
217 265
217 266
218 265
219 264
220 263
221 263
222 262
222 314
223 261
223 262
223 313
224 261
224 312
225 260
225 311
226 259
226 260
226 310
226 317
227 258
227 259
227 316
228 258
228 315
229 257
229 309
229 310
230 256
230 257
230 308
231 256
231 309
232 255
232 300
232 301
232 302
232 308
233 254
233 255
233 297
233 298
233 299
233 303
233 306
233 308
234 253
234 254
234 296
234 303
235 252
235 253
235 294
236 252
236 294
236 302
237 251
237 292
237 302
238 250
238 251
238 291
238 292
239 250
240 249
241 248
242 247
244 290
245 285
245 286
245 287
245 288
245 289
246 283
246 284
247 272
247 282
248 271
248 272
248 280
249 269
249 270
249 279
250 268
250 269
250 277
250 278
250 279
251 267
251 268
251 275
251 276
251 277
251 309
252 266
252 267
252 273
252 274
253 265
253 271
254 264
254 270
255 263
255 268
255 269
256 262
256 268
257 267
257 268
257 304
257 305
258 258
258 259
258 260
258 261
258 267
258 304
259 257
259 261
259 266
259 303
260 256
260 262
260 265
260 302
261 255
261 264
261 301
262 254
262 263
263 263
263 300
264 298
264 299
265 263
265 298
266 262
266 298
267 261
267 262
268 297
271 294
272 293
272 294
273 293
274 292
275 244
275 292
275 315
276 291
276 313
277 291
277 313
278 290
278 313
279 290
279 312
280 289
280 290
281 289
291 286
291 287
292 287
292 288
292 289
293 289
293 290
293 303
294 291
294 292
294 303
295 292
295 302
296 293
296 302
297 293
297 302
298 293
298 301
299 292
299 293
299 301
300 300
301 300
302 299
303 299
303 304
303 305
304 299
304 304
305 298
305 299
305 304
306 298
306 303
307 298
307 303
308 298
308 303
309 297
309 303
310 297
310 302
311 296
311 297
311 302
312 293
312 294
312 295
312 301
313 301
314 301
315 300
316 300
317 300
318 300
319 299
320 299
321 299
322 291
322 299
323 291
323 298
324 266
324 267
324 290
324 291
324 298
325 266
325 290
325 297
326 265
326 266
326 290
326 297
327 265
327 289
327 297
328 264
328 289
328 297
329 262
329 263
329 297
330 297
331 296
332 296
333 296
334 295
335 295
335 296
336 296
337 296
338 296
339 296
340 296
