44 236 70 25
44 217
44 218
47 235
47 236
48 230
48 234
48 237
48 238
48 239
48 240
48 241
48 242
48 243
49 233
50 248
51 248
51 250
51 251
52 239
52 240
52 242
52 243
52 244
52 245
52 251
52 252
53 253
53 254
54 245
54 253
55 245
56 246
56 253
57 246
57 253
58 247
59 248
59 254
59 255
60 256
61 248
61 257
62 248
63 247
64 247
64 249
64 250
65 249
65 250
66 250
68 249
69 249
70 249
71 246
72 247
74 247
75 247
76 247
77 247
78 248
79 248
84 249
84 250
85 247
85 250
86 247
87 247
87 251
88 248
89 249
90 249
91 249
92 225
92 226
92 227
92 228
92 249
93 221
93 222
93 223
93 224
93 229
93 230
94 217
94 218
94 219
94 220
94 231
94 232
94 233
94 234
95 214
95 215
95 216
95 234
95 235
95 236
96 212
96 213
96 214
96 236
96 237
97 210
97 211
97 238
97 239
98 206
98 207
98 208
98 209
98 239
98 240
99 204
99 205
99 240
99 241
100 203
100 241
101 201
101 202
103 232
103 233
103 234
103 235
103 236
