459 200 36 97
460 230
460 236
460 237
460 248
461 217
461 218
461 219
461 222
461 223
461 224
461 229
462 216
462 220
462 221
462 225
462 246
462 247
463 210
463 211
463 215
463 229
463 246
464 203
464 204
464 205
464 212
464 213
464 214
464 245
465 198
465 199
465 200
465 201
465 202
465 206
465 209
465 229
465 244
466 191
466 192
466 193
466 194
466 195
466 196
466 197
466 208
467 184
467 185
467 186
467 187
467 188
467 189
467 190
468 175
468 176
468 177
468 178
468 182
468 183
468 242
469 174
469 179
469 180
469 181
470 173
471 171
471 172
471 173
472 240
472 241
473 239
473 240
474 239
476 209
476 236
479 208
479 212
485 230
486 225
487 209
487 221
487 228
488 221
489 201
489 202
489 208
489 209
490 207
490 210
490 215
490 216
491 177
491 178
491 181
491 182
491 183
491 184
491 185
491 186
491 187
491 188
491 189
491 190
491 191
491 192
491 193
491 194
491 195
491 196
491 197
491 198
491 199
491 204
491 205
491 206
491 211
491 212
491 213
491 214
492 179
492 180
493 222
