312 105 176 70
314 165
315 164
318 167
319 167
320 167
322 162
323 162
323 163
324 163
324 169
324 172
325 163
325 170
325 171
326 163
326 169
326 170
327 169
328 150
328 168
329 150
329 167
329 168
330 154
330 161
330 167
331 167
332 147
332 148
332 154
332 156
332 157
332 158
332 166
333 146
333 147
333 165
333 166
334 145
334 146
334 164
335 144
335 145
335 162
335 163
336 143
336 144
336 160
336 161
337 142
337 157
337 158
337 159
337 160
338 142
338 157
339 141
340 152
340 154
341 152
342 148
342 150
343 120
343 121
343 122
343 123
343 148
344 117
344 118
344 119
344 124
344 127
344 128
344 129
344 130
344 131
344 132
344 133
344 134
344 144
344 145
344 146
345 113
345 114
345 115
345 116
345 141
345 144
346 110
346 111
346 126
347 106
347 107
347 108
347 109
348 102
348 103
348 104
348 105
348 128
349 97
349 98
349 99
349 100
349 101
349 102
350 95
350 96
350 114
352 106
352 116
352 125
353 107
353 123
353 124
354 108
354 122
361 114
363 112
363 113
364 111
364 112
365 110
365 111
366 109
366 110
367 108
367 109
368 108
369 107
370 106
370 107
371 105
371 106
372 105
373 104
374 103
374 104
375 103
376 102
377 102
378 101
379 98
379 100
379 101
380 99
462 111
463 111
463 116
464 111
464 116
465 111
465 116
466 115
466 148
466 150
467 110
467 115
467 148
467 149
468 115
468 148
469 109
469 115
469 148
470 109
470 115
470 148
471 109
471 114
471 148
472 108
472 114
472 147
473 108
473 114
473 147
473 174
474 113
475 108
475 113
475 146
476 107
476 113
476 146
477 113
477 146
478 112
478 145
478 150
478 172
479 112
479 145
479 149
479 171
480 112
480 144
480 149
480 171
481 112
481 144
481 148
481 170
482 143
482 170
483 106
483 112
483 143
483 170
484 111
484 142
484 169
485 108
485 142
486 142
487 142
