423 248 49 72
424 268
425 267
425 268
426 267
427 266
428 266
429 265
430 264
431 264
432 263
433 263
433 301
434 259
434 297
434 298
434 299
434 300
435 259
435 297
436 259
436 293
436 294
437 290
437 291
437 292
437 293
438 289
439 257
439 262
440 257
440 282
440 283
444 274
444 275
445 272
445 273
446 269
446 270
446 271
447 257
447 268
448 267
449 263
449 264
449 265
449 266
450 257
450 261
450 262
450 263
451 257
451 261
452 256
452 257
452 267
452 268
453 255
453 256
453 265
453 266
453 267
454 254
454 255
454 261
454 265
455 253
455 254
455 261
455 265
456 252
456 260
457 243
457 244
457 245
457 246
457 247
457 248
457 251
457 259
458 241
458 242
458 250
459 238
459 239
459 240
459 249
460 248
461 247
472 241
