86 144 55 68
105 198
106 155
106 156
106 157
106 199
107 153
107 154
107 158
107 159
107 160
107 161
107 162
107 163
107 200
107 201
107 202
107 203
107 204
107 205
107 206
111 178
113 182
114 157
114 158
114 159
114 160
114 161
114 162
114 163
114 164
114 165
114 166
114 167
114 168
114 169
114 170
114 171
114 172
114 173
114 176
114 177
114 208
114 209
115 155
115 156
115 157
115 175
115 176
115 207
116 184
116 185
116 206
117 186
117 205
118 186
118 205
119 187
120 172
120 176
120 177
120 187
121 175
121 177
121 179
121 187
121 188
121 208
122 180
122 181
122 188
123 183
123 188
124 183
124 189
125 163
125 189
126 183
126 189
127 161
127 172
127 173
127 183
128 183
128 189
129 162
129 164
129 165
129 183
129 189
130 183
130 189
131 161
131 162
131 163
131 182
132 182
133 182
134 182
134 187
135 181
135 182
136 181
136 187
137 181
137 187
138 180
138 187
139 180
139 186
140 180
140 186
141 180
142 181
143 180
144 180
145 179
146 177
146 178
147 177
148 176
149 176
150 175
151 175
