355 69 97 34
357 99
358 99
359 98
360 97
361 96
361 97
362 95
362 96
363 95
364 94
365 93
365 94
366 93
367 92
367 93
368 92
369 91
370 90
371 90
372 90
373 90
374 91
374 92
375 92
376 93
377 94
377 95
378 96
379 97
420 59
435 80
437 83
438 84
439 85
440 87
440 88
441 75
441 88
441 89
442 70
442 90
444 74
445 69
445 93
446 73
446 92
447 92
448 72
449 72
449 91
450 71
450 90
451 90
452 89
452 103
453 88
453 89
453 102
454 88
454 102
455 87
455 88
456 87
457 87
458 86
459 86
460 85
460 86
461 85
462 85
463 84
464 84
465 84
466 83
467 83
468 83
469 83
470 82
