188 253 143 67
193 274
194 274
195 274
196 273
197 272
198 272
199 272
206 255
206 256
209 251
210 249
210 259
210 260
210 261
210 262
211 261
212 246
213 244
214 242
216 238
217 234
217 235
217 236
222 314
223 313
224 312
225 311
226 310
226 317
227 316
228 315
229 309
229 310
230 308
231 309
232 300
232 301
232 302
232 308
233 297
233 298
233 299
233 303
233 306
233 308
234 296
234 303
235 294
236 294
236 302
237 292
237 302
238 291
238 292
244 290
245 285
245 286
245 287
245 288
245 289
246 283
246 284
247 282
248 271
248 272
248 280
249 269
249 270
249 279
250 269
250 277
250 278
250 279
251 275
251 277
251 309
252 266
252 267
252 273
252 274
253 265
253 271
254 264
254 270
255 263
255 268
255 269
256 262
256 268
257 267
257 268
257 304
257 305
258 258
258 259
258 260
258 261
258 267
258 304
259 257
259 261
259 266
259 303
260 256
260 262
260 265
260 302
261 255
261 264
261 301
262 253
262 254
262 263
263 253
263 263
263 300
264 252
264 263
264 298
264 299
265 250
265 251
265 263
265 298
266 249
266 250
266 251
266 262
266 298
267 248
267 261
267 262
268 247
268 248
268 259
268 260
268 297
269 256
269 257
269 258
270 254
270 255
271 253
271 254
272 251
272 252
272 293
272 294
273 249
273 250
273 251
274 246
274 247
274 248
274 249
274 292
275 243
275 244
275 245
275 292
275 315
276 240
276 241
276 242
276 243
276 291
276 313
277 240
277 291
277 313
278 240
278 290
278 313
279 290
279 312
280 289
280 290
281 289
291 286
291 287
292 287
292 288
292 289
293 289
293 290
294 291
294 292
295 292
296 293
297 293
298 293
298 301
299 292
299 293
299 301
300 300
301 300
302 299
303 299
303 304
304 299
304 304
305 298
305 299
305 304
306 298
306 303
307 298
307 303
308 298
308 303
309 297
309 303
310 297
310 302
311 296
311 297
311 302
312 293
312 294
312 295
312 301
313 301
314 301
315 300
316 300
317 300
318 300
319 299
320 299
321 299
322 291
322 299
323 291
323 298
324 266
324 267
324 290
324 291
324 298
325 266
325 290
325 297
326 265
326 266
326 290
326 297
327 265
327 289
327 297
328 264
328 289
328 297
329 262
329 263
329 297
330 297
331 296
332 296
333 296
334 295
335 295
