144 284 47 68
109 287
110 287
111 287
112 288
113 288
114 288
115 289
116 289
117 288
118 288
119 288
120 288
121 288
122 288
123 288
124 288
125 288
126 288
127 288
128 288
129 288
130 288
131 288
132 288
133 288
134 288
135 288
136 289
137 289
138 289
139 289
140 288
141 288
142 288
143 289
144 289
145 289
146 289
147 289
148 289
149 289
150 288
151 288
152 287
153 281
153 285
153 286
154 282
154 283
154 284
169 285
169 286
169 287
170 288
170 289
170 290
170 291
171 292
171 293
171 294
171 295
172 296
172 297
173 298
173 299
174 299
174 300
174 301
174 302
175 303
175 304
176 304
176 305
176 306
177 307
177 308
178 309
178 310
179 311
179 312
179 313
180 314
180 315
180 316
180 317
181 318
181 319
181 320
181 321
181 322
181 323
181 324
181 325
181 326
182 326
182 327
182 328
182 329
182 330
182 331
183 332
183 333
183 334
183 335
183 336
184 337
184 338
185 338
185 339
186 339
186 340
186 341
186 342
187 343
187 344
187 345
188 345
188 346
188 349
189 347
