387 223 67 129
415 339
416 337
416 338
417 336
417 344
418 335
418 343
418 344
419 334
419 335
419 342
419 343
420 332
420 333
420 334
420 341
420 342
421 330
421 331
421 332
421 340
421 341
422 328
422 329
422 339
423 326
423 327
423 328
423 337
423 338
424 268
424 325
424 326
424 335
424 336
424 337
425 267
425 268
425 322
425 323
425 324
425 334
425 335
426 267
426 320
426 321
426 333
426 334
427 266
427 318
427 319
427 331
427 332
427 333
428 266
428 315
428 316
428 317
428 329
428 330
428 331
429 265
429 312
429 313
429 314
429 315
429 328
429 329
430 264
431 264
432 263
433 258
433 263
434 258
434 259
435 258
435 259
436 259
438 284
438 285
439 257
439 262
439 286
439 287
439 288
439 289
440 257
440 279
440 280
440 281
441 279
442 277
442 278
443 275
443 276
443 277
445 272
445 273
446 269
446 270
446 271
447 257
447 268
449 263
449 264
449 265
449 266
450 257
450 261
450 262
450 263
451 257
451 261
452 256
452 257
452 267
452 268
453 255
453 256
453 265
453 266
453 267
454 254
454 255
454 265
455 253
455 254
455 265
456 252
457 251
458 250
459 249
