19 0 437 198
35 56
36 56
37 57
37 58
38 59
38 142
38 143
39 142
40 141
41 141
42 140
43 140
44 141
45 140
46 140
46 190
46 191
46 192
46 193
47 140
48 140
49 140
50 139
51 138
51 188
52 138
53 46
53 137
53 186
54 137
54 150
54 151
55 136
55 137
55 151
55 184
56 136
56 151
56 158
57 9
57 10
57 11
57 12
57 13
57 14
57 18
57 136
57 150
57 159
57 160
57 169
57 176
57 177
57 182
58 15
58 16
58 17
58 19
58 136
58 143
58 144
58 145
58 146
58 147
58 148
58 149
58 150
58 151
58 160
58 161
58 168
58 169
58 174
58 175
58 179
58 180
58 181
59 16
59 19
59 136
59 142
59 156
59 161
59 173
59 179
60 20
60 30
60 34
60 136
60 155
60 156
60 172
60 178
61 22
61 26
61 27
61 136
61 154
61 162
61 177
62 21
62 136
62 163
62 164
62 165
62 166
62 169
62 170
62 171
62 175
62 176
63 19
63 20
63 135
63 160
63 161
63 167
63 168
63 174
63 175
64 8
64 9
64 10
64 11
64 12
64 13
64 14
64 15
64 16
64 17
64 18
64 135
64 156
64 157
64 158
64 160
65 134
65 155
65 156
66 134
67 133
67 134
68 133
68 152
69 132
69 151
69 152
70 131
70 151
71 130
71 131
71 150
72 130
72 150
73 129
73 149
73 150
74 129
74 149
75 129
75 148
76 128
76 129
76 148
77 128
77 148
78 128
78 147
79 128
79 147
80 128
80 146
80 147
81 128
81 139
81 146
82 104
82 128
82 140
82 141
82 146
83 102
83 105
83 129
83 130
83 141
83 145
84 99
84 100
84 101
84 131
84 132
84 141
84 145
85 98
85 132
85 141
85 145
86 97
86 98
86 132
86 140
86 145
87 97
87 133
87 134
87 139
87 140
87 145
88 97
88 135
88 137
88 138
88 139
88 145
89 97
89 135
89 140
89 145
90 97
90 135
90 140
90 144
91 97
91 135
91 144
92 97
92 136
92 145
93 97
93 136
93 145
94 97
94 136
94 144
95 97
95 136
95 144
96 97
96 136
96 144
97 97
97 136
97 144
98 97
98 136
98 144
99 97
99 136
99 144
100 98
100 137
100 144
101 98
101 137
101 145
102 98
102 137
102 145
103 97
103 137
103 145
104 97
104 138
104 145
105 138
105 145
106 138
106 145
107 138
107 146
108 52
108 138
108 146
109 51
109 73
109 76
109 77
109 78
109 79
109 81
109 82
109 83
109 84
109 85
109 86
109 87
109 89
109 90
109 91
109 92
109 138
109 146
109 151
110 51
110 62
110 67
110 68
110 70
110 71
110 72
110 75
110 119
110 138
110 146
110 150
111 51
111 60
111 61
111 62
111 120
111 138
111 146
111 149
112 51
112 138
112 148
112 149
113 51
113 62
113 138
113 147
113 148
113 182
114 51
114 62
114 139
114 147
114 149
115 51
115 62
115 139
115 145
116 51
116 62
116 139
116 145
116 154
116 155
117 50
117 62
117 139
117 145
117 153
117 154
118 50
118 62
118 139
118 145
118 153
119 62
119 139
119 145
119 153
120 62
120 139
120 145
120 153
120 171
120 173
120 175
121 51
121 62
121 140
121 146
121 153
121 165
121 166
121 167
121 168
121 169
121 170
121 178
121 187
122 51
122 63
122 140
122 146
122 153
123 51
123 63
123 140
123 146
123 153
123 183
123 188
124 63
124 140
124 146
124 153
124 163
124 174
124 183
125 51
125 62
125 140
125 153
125 154
125 161
125 162
125 163
125 174
126 51
126 62
126 140
126 149
126 153
126 154
126 161
126 162
126 174
126 175
126 183
126 189
127 51
127 62
127 141
127 149
127 153
127 162
127 172
127 173
128 62
128 141
128 149
128 162
128 170
128 171
128 189
129 63
129 141
129 149
129 168
129 169
129 183
129 189
130 51
130 63
130 141
130 149
130 166
130 167
130 189
131 51
131 62
131 141
131 149
131 182
132 51
132 62
132 140
132 150
132 160
132 161
133 51
133 62
133 140
133 150
133 159
133 160
133 182
134 51
134 63
134 141
134 150
134 159
134 182
134 187
135 51
135 63
135 141
135 150
135 182
136 63
136 142
136 151
137 63
137 142
137 151
138 63
138 143
138 151
138 180
139 52
139 63
139 143
139 151
139 180
140 52
140 63
140 143
140 144
140 151
140 180
140 186
141 52
141 63
141 144
141 185
142 52
142 63
142 145
142 181
143 52
143 63
143 145
143 151
143 185
144 63
144 146
144 151
144 152
144 185
145 63
145 146
145 152
145 179
145 184
146 52
146 63
146 147
146 152
146 177
146 178
146 184
147 52
147 63
147 148
147 152
147 177
147 183
148 52
148 63
148 151
148 176
149 52
149 63
149 151
149 176
149 182
150 52
150 63
150 151
150 175
150 182
151 52
151 63
151 151
151 182
152 52
152 64
152 151
152 175
152 183
153 52
153 64
153 151
153 176
153 197
154 52
154 64
154 151
154 176
154 184
154 195
154 196
155 53
155 63
155 151
155 177
155 194
156 53
156 63
156 151
156 177
156 185
156 186
156 192
156 193
157 53
157 64
157 152
157 178
157 187
157 188
157 189
157 190
157 191
158 53
158 64
158 152
158 178
159 53
159 64
159 152
159 178
160 53
160 64
160 152
160 190
160 191
161 53
161 64
161 152
161 191
161 192
162 53
162 64
162 152
162 193
162 194
163 53
163 64
163 152
164 53
164 64
164 152
165 53
165 64
165 153
166 53
166 64
166 153
167 53
167 64
167 149
167 153
167 170
168 53
168 63
168 131
168 149
168 153
168 170
169 53
169 63
169 131
169 148
169 153
169 169
170 53
170 63
170 132
170 148
170 154
170 169
171 53
171 63
171 132
171 148
171 154
171 168
172 53
172 64
172 133
172 148
172 149
172 154
172 168
172 169
173 53
173 64
173 133
173 149
173 154
173 169
173 170
174 53
174 64
174 133
174 134
174 150
174 154
174 170
174 171
175 53
175 64
175 134
175 149
175 154
176 53
176 64
176 134
176 154
177 54
177 64
177 134
177 154
177 193
177 194
177 195
177 196
178 54
178 64
178 134
178 154
178 155
178 191
178 192
179 54
179 64
179 155
180 54
180 64
180 155
181 54
181 64
181 155
182 54
182 64
182 155
183 54
183 64
183 156
184 54
184 65
184 156
185 53
185 65
185 156
186 53
186 65
186 157
187 53
187 65
187 157
188 53
188 66
188 157
189 53
189 65
189 158
190 53
190 65
190 158
191 53
191 65
191 159
192 53
192 65
192 159
192 160
193 54
193 65
193 160
194 54
194 65
194 161
195 54
195 66
195 161
195 162
196 54
196 66
196 162
196 163
196 172
197 54
197 66
197 163
197 164
197 172
197 173
198 54
198 66
198 164
198 173
199 54
199 66
199 165
199 173
200 54
200 66
200 166
200 173
201 54
201 66
201 167
201 173
201 177
201 178
201 179
201 180
201 181
202 54
202 66
202 168
202 174
202 177
203 55
203 66
203 169
203 175
203 176
203 177
204 55
204 66
204 169
204 170
204 175
205 55
205 66
205 170
206 55
206 66
206 174
207 55
207 66
207 174
208 55
208 66
208 168
208 174
209 55
209 66
209 167
209 168
209 169
209 170
209 171
209 172
209 174
210 55
210 66
210 166
210 167
210 172
210 174
211 55
211 66
211 164
211 165
211 166
211 174
211 175
212 55
212 66
212 164
213 55
213 66
213 163
213 170
213 177
214 56
214 66
214 162
214 163
214 169
214 177
214 178
215 56
215 66
215 160
215 167
215 168
215 179
215 180
216 56
216 66
216 158
216 159
216 166
216 180
217 56
217 66
217 157
217 158
217 182
218 56
218 65
218 156
218 183
218 184
219 56
219 66
219 163
219 185
220 66
220 160
220 161
220 186
221 67
221 152
221 159
221 160
221 186
222 67
222 150
222 158
223 67
223 148
223 149
223 157
224 67
224 155
224 156
225 67
225 153
225 154
225 188
226 67
226 143
226 152
227 66
227 143
228 142
229 142
229 190
230 66
230 142
230 190
231 66
231 142
231 190
232 56
232 138
232 140
232 142
233 139
233 143
234 138
234 143
235 56
235 138
235 143
236 56
236 136
236 144
236 154
237 135
237 144
237 154
237 155
238 56
238 144
238 155
238 156
238 186
239 56
239 145
239 157
239 158
240 145
240 159
240 160
240 161
241 146
241 161
241 162
241 163
242 56
242 164
242 183
242 184
243 56
243 146
243 147
243 166
243 181
243 182
244 122
244 123
244 124
244 125
244 126
244 127
244 128
244 129
244 130
244 131
244 132
244 133
244 134
244 135
244 146
244 147
244 148
244 149
244 166
244 167
244 168
244 179
244 180
245 118
245 119
245 120
245 121
245 136
245 137
245 138
245 139
245 140
245 141
245 142
245 143
245 144
245 145
245 168
245 178
245 179
246 67
246 115
246 116
246 117
246 176
246 177
247 57
247 113
247 114
247 170
247 171
247 174
247 175
247 176
248 110
248 111
248 112
248 151
248 152
248 153
248 173
249 107
249 108
249 109
249 154
249 155
249 156
249 172
250 105
250 106
250 107
250 135
250 136
250 137
250 138
250 139
250 140
250 157
250 158
250 159
250 160
250 172
251 103
251 104
251 131
251 161
251 162
251 163
252 132
252 164
252 171
253 132
253 171
254 133
255 133
256 133
256 173
257 94
257 95
257 133
257 173
258 133
259 133
260 132
260 179
261 89
261 132
261 180
262 88
262 132
262 180
263 87
263 88
263 133
264 86
264 87
264 133
264 182
264 188
265 85
265 86
265 133
265 198
266 85
266 134
267 84
267 134
267 197
268 134
268 197
269 135
269 196
270 135
270 196
271 135
272 135
273 135
274 135
275 135
276 135
277 135
277 191
278 88
278 89
278 92
278 135
279 91
279 92
279 135
280 92
280 136
281 87
281 88
281 136
281 180
282 87
282 88
282 136
283 88
283 135
284 89
284 135
284 178
285 5
285 6
285 7
285 8
285 9
285 10
285 76
285 89
285 90
285 91
285 135
286 10
286 11
286 12
286 76
286 88
286 89
286 92
286 93
286 94
286 95
286 101
286 135
286 176
286 185
287 13
287 14
287 75
287 88
287 96
287 102
287 103
287 135
287 175
287 184
288 88
288 97
288 104
288 183
289 88
289 97
289 105
289 136
289 182
290 53
290 87
290 97
290 98
290 105
290 136
290 181
290 182
291 51
291 52
291 53
291 87
291 98
291 105
291 136
291 180
291 181
292 43
292 44
292 45
292 46
292 47
292 87
292 99
292 104
292 105
292 136
292 179
292 180
293 34
293 35
293 36
293 37
293 38
293 39
293 40
293 41
293 87
293 99
293 100
293 104
293 136
293 178
293 179
294 27
294 28
294 29
294 30
294 31
294 32
294 33
294 34
294 86
294 99
294 100
294 103
294 104
294 136
294 168
294 177
294 178
295 23
295 24
295 25
295 73
295 86
295 103
295 136
295 167
295 177
296 86
296 103
296 136
296 176
297 74
297 87
297 102
297 136
297 165
297 175
298 75
298 87
298 102
298 181
299 75
299 87
299 101
299 179
299 180
299 181
300 76
300 87
301 76
301 86
301 87
301 88
301 138
301 139
302 77
302 88
302 89
302 90
302 91
302 92
302 139
302 140
303 77
303 141
303 142
303 194
303 195
304 77
304 142
304 143
305 77
306 77
307 76
308 76
311 188
311 189
314 183
314 184
314 185
315 69
315 183
318 65
319 64
320 63
321 62
321 63
322 61
322 62
323 60
323 61
324 59
324 60
324 154
325 58
325 66
325 153
326 56
326 57
326 66
326 152
326 153
327 54
327 55
327 66
327 151
327 152
328 67
329 67
329 149
329 154
330 68
330 149
331 68
331 148
331 154
331 160
332 68
332 155
332 159
333 68
334 68
335 69
336 69
336 162
337 70
337 143
338 70
338 156
339 53
339 141
339 154
339 155
340 54
340 55
340 153
341 138
341 150
341 151
342 137
342 149
343 58
343 89
343 135
343 136
343 137
343 138
343 147
344 58
344 59
345 84
345 125
345 139
345 140
345 142
345 143
346 59
346 112
347 61
347 127
348 61
348 62
348 194
349 129
349 193
350 64
350 130
351 115
352 65
352 106
352 125
353 66
353 91
353 107
353 123
353 124
353 125
354 64
354 108
355 64
355 109
355 120
355 121
356 63
356 120
357 63
357 99
357 119
358 62
358 99
358 118
358 119
359 62
359 98
359 117
359 118
360 61
360 62
360 97
360 115
360 116
360 196
361 61
361 96
361 97
361 114
361 196
362 61
362 95
362 113
362 114
363 60
363 95
363 112
363 113
364 60
364 94
365 59
365 110
365 111
366 59
366 93
366 110
367 58
367 59
367 92
367 93
367 194
368 58
368 193
369 58
369 91
369 107
370 57
370 90
371 57
371 90
372 57
372 90
373 57
373 90
374 57
374 91
374 92
375 56
375 92
376 56
377 56
378 56
379 56
380 55
380 56
381 55
382 55
383 54
383 55
384 53
384 54
385 52
385 53
386 51
386 52
387 50
388 49
389 49
390 48
390 49
391 48
392 47
393 46
393 47
394 46
395 45
396 45
397 44
398 44
399 43
400 43
401 42
402 42
403 42
404 41
404 42
405 40
405 41
405 45
405 46
406 39
406 40
407 38
407 39
407 43
407 44
407 45
408 38
408 43
408 47
409 37
409 48
410 37
410 49
411 36
411 37
411 50
412 36
412 50
412 51
413 35
413 51
414 35
416 32
416 55
417 31
417 40
417 50
418 30
418 40
418 41
418 50
418 57
419 30
419 40
419 41
419 50
420 29
420 40
420 49
420 59
421 28
421 40
421 49
422 28
422 44
422 49
423 27
423 44
423 48
424 27
424 38
424 39
424 44
424 48
424 51
425 27
425 39
425 44
425 48
425 51
426 26
426 27
426 40
426 41
426 44
426 47
426 51
426 65
426 66
426 67
427 25
427 26
427 40
427 44
427 47
427 67
428 24
428 25
428 28
428 39
428 40
428 46
428 47
428 50
428 64
428 68
429 23
429 39
429 47
429 50
429 64
429 69
430 21
430 22
430 29
430 38
430 46
430 50
430 71
431 21
431 30
431 50
432 20
432 38
433 19
433 20
433 32
433 62
434 18
434 19
434 33
434 62
434 66
435 17
435 34
435 61
435 65
435 80
436 16
436 17
436 34
436 41
436 61
436 65
437 15
437 16
437 35
437 36
437 41
437 61
437 64
437 71
437 83
438 14
438 15
438 36
438 38
438 60
438 64
438 71
438 84
439 13
439 14
439 40
439 60
439 64
439 85
440 12
440 13
440 59
440 64
440 70
440 87
440 88
441 11
441 12
441 58
441 70
441 75
441 88
441 89
442 10
442 11
442 42
442 58
442 70
442 90
443 9
443 10
443 58
443 62
443 69
444 8
444 9
444 50
444 51
444 57
444 62
444 69
444 74
445 8
445 44
445 52
445 57
445 61
445 68
445 69
445 93
445 94
446 46
446 56
446 57
446 61
446 68
446 73
446 92
447 56
447 60
447 67
447 92
447 96
448 55
448 56
448 67
448 72
449 55
449 66
449 72
449 91
450 49
450 50
450 51
450 55
450 66
450 71
450 90
451 52
451 65
451 90
452 52
452 53
452 65
452 70
452 89
452 103
453 53
453 70
453 88
453 89
453 102
453 110
454 54
454 64
454 69
454 88
454 102
454 109
454 110
455 64
455 69
455 87
455 88
455 109
455 110
456 63
456 68
456 87
456 108
457 63
457 68
457 87
457 108
458 68
458 86
458 108
459 68
459 86
460 67
460 85
460 86
461 85
462 85
463 84
464 84
465 84
466 83
467 83
468 83
469 83
470 82
