151 195 36 107
152 287
153 197
153 281
153 285
153 286
154 183
154 195
154 196
154 282
154 283
154 284
155 184
155 185
155 194
155 200
156 185
156 186
156 192
156 193
156 199
156 200
156 201
156 202
156 203
156 207
156 208
156 209
156 223
156 224
156 225
156 226
157 187
157 188
157 189
157 190
157 191
157 204
157 205
157 206
157 210
157 223
158 211
158 215
158 216
158 217
158 218
158 219
158 222
158 228
158 229
159 212
159 214
159 220
159 221
159 222
159 229
160 222
161 230
162 226
162 227
162 229
163 228
164 226
164 227
165 226
166 225
166 226
167 221
167 222
167 223
167 224
168 212
168 217
168 218
168 219
168 220
169 202
169 203
169 204
169 205
169 210
169 211
169 214
169 215
169 216
170 196
170 197
170 198
170 199
170 200
170 201
170 202
170 206
170 207
170 208
170 209
171 194
171 195
171 222
171 223
172 191
172 192
172 193
172 219
172 221
173 181
173 182
173 183
173 184
173 185
173 186
173 187
173 188
173 189
173 190
173 216
173 217
173 218
173 299
174 175
174 176
174 177
174 178
174 179
174 180
174 213
174 214
174 215
174 216
175 174
175 206
175 207
175 208
175 209
175 210
175 211
176 201
176 202
176 203
176 204
176 205
176 206
176 207
177 193
177 194
177 195
177 196
178 190
178 191
178 192
191 272
192 271
196 267
216 266
217 265
217 266
218 265
219 264
220 263
221 263
222 262
223 261
223 262
224 261
225 260
226 259
226 260
227 258
227 259
228 258
229 257
230 256
230 257
231 256
232 255
233 254
233 255
234 253
234 254
235 252
235 253
236 252
237 251
238 250
238 251
239 250
240 249
241 248
242 247
