272 211 114 48
273 238
274 222
274 236
274 237
275 222
275 234
275 235
276 222
276 234
277 221
279 218
279 234
279 235
279 236
279 237
279 239
280 216
280 217
280 218
280 234
280 238
280 239
281 214
281 215
281 234
282 214
282 228
282 234
283 225
283 226
283 228
284 211
284 212
284 225
284 226
284 227
284 232
284 233
285 210
285 211
285 231
285 232
286 206
286 207
286 208
286 209
286 230
287 205
287 219
287 220
287 221
287 222
287 223
287 229
288 202
288 219
288 229
289 201
289 218
289 219
289 228
290 199
290 218
290 228
291 217
291 218
291 227
292 195
292 196
292 227
293 193
293 226
294 192
294 225
294 226
295 225
296 186
296 224
296 225
297 224
298 182
298 223
300 217
300 221
300 222
301 218
301 220
302 217
304 215
304 216
304 220
305 214
305 215
305 219
306 213
307 213
309 215
310 214
310 215
311 213
311 214
312 208
312 209
312 210
312 211
312 212
330 219
331 219
332 217
332 218
333 217
334 217
335 216
336 215
336 216
337 214
337 215
338 213
339 212
373 232
373 240
373 241
374 231
374 232
375 232
375 233
375 244
376 233
376 234
376 250
377 251
378 252
379 252
380 255
380 256
381 256
