195 162 63 27
152 151
153 151
154 151
155 151
156 151
157 152
158 152
159 152
160 152
161 152
162 152
163 152
164 152
165 153
166 153
167 153
168 153
169 153
170 154
171 154
172 154
173 154
174 154
175 154
190 158
191 159
192 160
193 160
194 161
195 161
195 162
196 162
196 163
196 172
197 163
197 164
197 172
197 173
198 164
198 173
199 165
199 173
200 166
200 173
201 167
201 173
201 177
201 178
201 179
201 180
201 181
202 168
202 174
202 177
203 169
203 175
203 176
203 177
204 169
204 170
204 175
205 170
206 174
207 174
208 168
208 174
209 170
209 171
209 172
209 174
210 174
211 174
211 175
212 163
213 177
214 161
214 177
214 178
215 159
215 161
215 179
215 180
216 165
216 180
217 182
218 183
218 184
219 155
219 162
220 153
220 154
221 151
221 152
238 186
241 185
242 183
243 165
243 181
245 179
246 169
246 177
247 174
247 175
247 176
248 151
248 172
248 173
249 172
250 172
251 164
251 171
252 165
252 166
252 171
253 171
254 171
255 171
255 172
256 172
