408 256 87 88
416 337
416 338
417 336
418 335
419 334
419 335
420 332
420 333
420 334
421 330
421 331
421 332
422 328
422 329
423 326
423 327
423 328
424 268
424 325
424 326
425 267
425 268
425 322
425 323
425 324
426 267
426 320
426 321
427 266
427 318
427 319
428 266
428 315
428 316
428 317
429 265
429 312
429 313
429 314
429 315
430 264
430 310
430 311
431 264
431 306
431 307
431 308
431 309
432 263
433 263
433 301
434 258
434 259
434 297
434 298
434 299
434 300
435 258
435 259
435 297
436 259
436 293
436 294
437 290
437 291
437 292
437 293
438 289
439 257
439 262
440 257
440 282
440 283
442 277
442 278
443 275
443 276
443 277
444 274
444 275
445 272
445 273
446 269
446 270
446 271
447 257
447 268
448 267
449 263
449 264
449 265
449 266
450 257
450 261
450 262
450 263
451 257
451 261
452 256
452 257
452 267
452 268
453 255
453 256
453 265
453 266
453 267
454 254
454 255
454 261
454 265
455 253
455 254
455 261
455 265
456 252
456 260
457 251
457 259
458 250
459 249
