218 0 267 196
160 53
161 53
162 53
163 53
164 53
165 53
166 53
167 53
168 53
169 53
170 53
171 53
172 53
173 53
174 53
175 53
176 53
177 54
178 54
179 54
180 54
181 54
182 54
183 54
184 54
185 53
186 53
186 65
187 53
187 65
188 53
188 66
189 53
189 65
190 53
190 65
191 53
191 65
192 53
192 65
193 54
193 65
194 54
194 65
195 54
195 66
196 54
196 66
197 54
197 66
198 54
198 66
199 54
199 66
200 54
200 66
201 54
201 66
202 54
202 66
203 55
203 66
204 55
204 66
205 55
205 66
206 55
206 66
206 174
207 55
207 66
207 174
208 55
208 66
208 174
209 55
209 66
209 174
210 55
210 66
210 174
211 55
211 66
211 174
211 175
212 55
212 66
213 55
213 66
213 177
214 56
214 66
214 177
214 178
215 56
215 66
215 179
215 180
216 56
216 66
216 180
217 56
217 66
217 182
218 56
218 65
218 183
218 184
219 56
219 66
219 162
219 185
220 66
220 160
220 161
220 186
221 67
221 159
221 160
221 186
222 67
223 67
223 148
223 157
224 67
224 146
224 147
224 156
225 67
225 144
225 145
225 154
225 188
226 67
226 143
226 144
226 152
227 66
227 143
228 66
228 142
229 66
229 142
229 190
230 66
230 142
230 190
231 66
231 142
231 190
232 56
232 67
232 140
232 142
233 56
233 67
233 138
233 143
234 56
234 67
234 137
234 143
235 56
235 67
235 136
235 143
236 56
236 67
236 135
236 144
236 154
237 56
237 67
237 144
237 154
237 155
238 56
238 67
238 144
238 155
238 156
238 186
239 56
239 67
239 145
239 157
239 158
240 56
240 67
240 145
240 159
240 160
240 161
241 57
241 67
241 146
241 161
241 162
241 163
242 56
242 67
242 164
242 184
243 56
243 68
243 147
243 166
243 181
243 182
244 57
244 68
244 122
244 146
244 149
244 166
244 167
244 168
244 179
244 180
245 57
245 67
245 168
245 178
245 179
246 57
246 67
246 176
246 177
247 57
247 170
247 171
247 174
247 175
247 176
248 57
248 152
248 153
248 173
249 57
249 154
249 155
249 156
249 172
250 57
250 157
250 158
250 159
250 160
250 172
251 57
251 161
251 162
251 163
252 57
252 101
252 102
252 164
252 171
253 100
253 101
253 132
253 171
254 99
254 133
255 97
255 98
255 133
256 96
256 97
256 133
256 173
257 133
257 173
258 93
258 94
258 133
259 91
259 92
259 133
260 90
260 91
260 132
260 179
261 89
261 90
261 132
261 180
262 88
262 89
262 132
262 180
263 87
263 88
263 133
264 86
264 87
264 133
264 182
264 188
265 85
265 86
265 133
266 85
266 134
267 84
267 134
268 84
268 134
269 83
269 135
270 83
270 135
271 82
271 135
272 82
272 135
273 81
273 135
274 81
274 135
275 80
275 135
276 80
276 135
277 79
277 135
277 182
278 79
278 88
278 90
278 135
279 79
279 135
279 181
280 78
280 136
280 181
281 78
281 87
281 136
281 180
282 78
282 87
282 88
282 136
283 77
283 88
283 135
284 77
284 89
284 135
284 178
285 76
285 77
285 89
285 90
285 135
286 76
286 88
286 89
286 135
286 176
286 185
287 75
287 88
287 135
287 175
287 176
287 184
288 14
288 74
288 88
288 96
288 173
288 174
288 175
288 183
289 74
289 88
289 136
289 172
289 173
289 182
290 73
290 87
290 98
290 105
290 136
290 171
290 181
290 182
291 87
291 98
291 105
291 136
291 170
291 180
291 181
292 42
292 48
292 49
292 50
292 87
292 99
292 104
292 105
292 136
292 169
292 179
292 180
293 72
293 87
293 99
293 100
293 104
293 136
293 168
293 169
293 178
293 179
294 26
294 73
294 86
294 99
294 100
294 103
294 104
294 136
294 167
294 177
294 178
295 73
295 86
295 103
295 136
295 166
295 177
296 22
296 74
296 86
296 136
296 165
296 166
296 176
297 74
297 87
297 136
297 175
298 75
298 87
298 101
298 164
298 165
299 75
299 76
299 87
299 163
299 164
300 76
300 87
300 100
300 160
300 161
300 162
300 163
300 178
301 86
301 87
301 88
301 98
301 99
301 153
301 154
301 155
301 156
301 157
301 158
301 159
302 93
302 94
302 95
302 96
302 97
302 98
302 152
302 153
303 151
304 144
304 145
304 146
304 147
304 148
304 149
304 150
304 194
305 194
306 194
307 194
308 75
308 193
308 194
309 74
309 75
309 192
309 193
310 73
310 74
310 190
310 191
311 72
311 73
312 71
312 72
312 187
312 188
313 70
313 71
313 186
313 187
314 70
314 164
314 165
315 163
315 164
316 67
316 68
316 162
316 163
317 66
317 67
317 161
317 162
317 179
318 65
318 160
318 161
318 167
319 159
319 167
320 158
320 159
320 167
320 179
321 158
321 175
321 177
322 156
322 157
322 162
323 155
323 156
323 162
323 163
324 153
324 154
324 169
324 172
325 153
325 171
326 152
326 153
327 151
327 152
328 150
329 149
329 150
330 149
331 148
331 160
332 147
332 148
332 154
332 156
332 157
332 158
333 146
333 147
334 145
334 146
335 144
335 145
336 143
336 144
336 162
337 142
337 143
337 158
338 156
339 53
339 70
339 154
339 155
340 54
340 55
340 153
341 72
341 138
341 150
341 151
342 72
342 91
342 137
342 149
343 63
343 73
343 88
343 90
343 91
343 92
343 120
343 121
343 122
343 123
343 135
343 136
343 137
343 138
343 147
344 74
344 85
344 86
344 87
344 91
344 117
344 118
344 119
344 124
344 127
344 128
344 129
344 130
344 131
344 132
344 133
344 134
344 144
344 145
345 67
345 68
345 75
345 81
345 82
345 83
345 91
345 92
345 113
345 114
345 115
345 116
345 125
345 139
345 140
345 141
345 142
345 143
345 144
346 59
346 76
346 77
346 78
346 79
346 80
346 92
346 110
346 111
346 112
346 126
347 61
347 106
347 107
347 108
347 109
347 127
348 61
348 62
348 102
348 103
348 104
348 105
348 128
348 194
349 78
349 79
349 80
349 97
349 98
349 99
349 100
349 101
349 102
349 129
349 193
350 64
350 75
350 76
350 77
350 78
350 95
350 96
350 114
350 130
351 71
351 72
351 73
351 74
351 75
351 93
351 94
351 115
352 70
352 91
352 92
352 116
353 66
353 90
353 125
354 88
354 89
354 122
355 84
355 85
355 86
355 87
355 109
355 120
355 121
356 70
356 71
356 72
356 73
356 74
356 75
356 76
356 77
356 78
356 79
356 80
356 81
356 82
356 83
356 120
357 99
357 119
358 99
358 118
358 119
359 98
359 117
359 118
360 97
360 115
360 116
360 196
361 96
361 97
361 196
362 95
362 113
362 114
363 95
364 94
366 93
367 92
367 93
367 194
368 193
369 91
370 90
370 190
371 90
371 189
371 190
372 90
372 188
372 189
373 90
374 91
374 92
375 92
384 53
384 54
385 52
385 53
386 51
386 52
387 50
407 39
409 37
410 37
411 37
412 36
413 35
414 35
416 32
417 31
418 30
420 59
426 67
427 67
428 24
428 25
428 68
429 23
429 69
430 21
430 22
430 71
431 21
431 30
431 38
432 20
433 19
433 20
433 37
434 18
434 19
434 66
435 17
435 65
435 80
436 16
436 17
436 65
437 15
437 16
437 64
437 71
437 83
438 14
438 15
438 64
438 71
438 84
439 13
439 14
439 64
439 85
440 12
440 13
440 64
440 70
440 87
440 88
441 11
441 12
441 70
441 75
441 88
441 89
442 10
442 11
442 42
442 70
442 90
443 9
443 10
443 62
443 69
444 8
444 9
444 62
444 69
444 74
445 8
445 61
445 68
445 69
445 93
445 94
446 61
446 68
446 73
446 92
447 60
447 67
447 92
447 96
448 67
448 72
449 66
449 72
449 91
450 50
450 66
450 71
450 90
451 65
451 90
452 65
452 70
452 89
452 103
453 70
453 88
453 89
453 102
453 110
454 64
454 69
454 88
454 102
454 109
454 110
455 64
455 69
455 87
455 88
455 109
455 110
456 63
456 68
456 87
456 92
456 108
456 112
457 63
457 68
457 87
457 92
457 108
458 62
458 68
458 86
458 91
458 92
458 108
459 62
459 68
459 86
459 91
460 62
460 67
460 85
460 86
460 91
461 85
461 90
462 62
462 64
462 85
462 90
462 111
463 84
463 89
463 94
463 111
463 116
464 66
464 84
464 89
464 94
464 111
464 116
465 84
465 88
465 89
465 94
465 111
465 116
466 83
466 93
466 115
466 148
466 150
467 68
467 83
467 88
467 93
467 110
467 115
467 148
467 149
468 83
468 88
468 110
468 115
469 71
469 83
469 87
469 109
469 115
470 82
470 87
470 109
470 115
470 148
471 82
471 109
471 114
471 148
472 75
472 108
472 114
472 147
473 82
473 108
473 114
473 147
473 174
474 108
474 113
475 108
475 113
475 146
476 86
476 107
476 113
476 146
477 85
477 89
477 101
477 107
477 113
477 146
478 89
478 101
478 102
478 107
478 112
478 145
478 150
479 90
479 91
479 101
479 102
479 112
479 145
479 149
480 91
480 102
480 112
480 144
480 149
481 100
481 112
481 144
481 148
481 170
482 143
482 170
483 106
483 143
484 142
485 108
485 142
486 142
