242 0 254 272
186 65
187 65
188 66
189 65
190 65
191 65
192 65
193 65
194 65
195 66
196 66
197 66
198 66
199 66
200 66
201 66
202 66
203 66
204 66
205 66
206 66
207 66
208 66
209 66
210 66
211 66
212 66
213 66
214 66
215 66
216 66
217 66
218 65
219 66
220 66
221 67
222 67
223 67
224 67
225 67
226 67
227 66
230 66
231 66
232 56
232 142
233 143
234 143
235 56
235 143
236 56
236 144
236 154
237 144
237 154
237 155
238 56
238 144
238 155
238 156
239 56
239 145
239 157
239 158
240 145
240 159
240 160
240 161
241 146
241 161
241 162
241 163
242 56
242 164
243 56
243 147
243 166
244 122
244 146
244 166
244 167
244 168
244 179
244 180
245 168
245 178
246 67
246 176
247 57
247 170
247 171
248 152
248 153
248 173
248 186
249 154
249 155
249 156
249 172
250 157
250 158
250 159
250 160
250 172
251 161
251 162
251 163
251 171
252 101
252 102
252 164
252 171
253 100
253 101
253 132
253 171
254 99
254 133
254 270
255 97
255 98
255 133
256 96
256 97
256 133
256 173
257 133
257 173
258 93
258 94
258 133
258 258
258 259
258 260
258 261
259 91
259 92
259 133
259 178
260 90
260 91
260 132
260 179
260 231
260 256
260 262
261 89
261 90
261 132
261 180
261 230
261 255
262 88
262 89
262 132
262 180
262 229
262 253
262 254
262 263
263 87
263 88
263 133
263 229
263 253
264 86
264 87
264 133
264 182
264 188
264 252
264 263
265 85
265 86
265 133
265 198
265 250
265 251
265 263
266 85
266 134
266 249
266 250
266 251
266 262
267 84
267 134
267 197
267 248
267 261
267 262
268 134
268 197
268 246
268 247
268 248
268 259
268 260
269 135
269 196
269 244
269 245
269 256
269 257
269 258
270 135
270 196
270 243
270 244
270 254
270 255
271 135
271 241
271 242
271 253
271 254
272 135
272 240
272 251
272 252
273 135
273 238
273 249
273 250
273 251
274 135
274 236
274 237
274 246
274 247
274 248
274 249
275 135
275 234
275 235
275 243
275 245
276 135
276 221
276 234
276 240
276 241
276 242
276 243
277 135
277 182
277 240
278 90
278 135
278 220
278 240
279 135
279 181
279 220
279 234
279 235
279 236
279 237
279 239
279 240
280 136
280 181
280 216
280 217
280 218
280 234
280 238
280 239
281 136
281 180
281 214
281 215
281 234
282 136
282 213
282 214
282 228
282 234
283 135
283 225
283 226
283 228
283 234
284 135
284 178
284 211
284 212
284 225
284 226
284 227
284 232
284 233
285 76
285 135
285 210
285 211
285 231
286 76
286 135
286 176
286 185
286 206
286 207
286 208
286 209
287 75
287 135
287 175
287 176
287 184
287 205
287 219
287 220
287 221
287 222
287 223
288 14
288 96
288 136
288 173
288 174
288 175
288 183
288 202
288 219
289 136
289 172
289 173
289 182
289 200
289 201
289 218
289 219
290 105
290 136
290 171
290 181
290 182
290 199
290 218
290 228
291 105
291 136
291 170
291 180
291 181
291 217
291 218
292 42
292 48
292 49
292 50
292 105
292 136
292 169
292 179
292 180
292 195
292 196
292 227
293 72
293 136
293 168
293 169
293 178
293 179
293 193
293 226
294 26
294 73
294 136
294 167
294 177
294 178
294 192
294 225
295 73
295 136
295 166
295 177
295 225
296 22
296 74
296 136
296 165
296 166
296 176
296 186
296 224
296 225
297 74
297 136
297 175
297 224
298 75
298 101
298 137
298 164
298 165
298 182
298 204
298 206
298 223
299 75
299 76
299 137
299 163
299 164
299 198
299 199
299 202
299 203
299 205
299 222
300 76
300 100
300 138
300 160
300 161
300 162
300 163
300 178
300 197
300 198
300 199
300 200
300 201
300 217
300 222
301 98
301 99
301 153
301 154
301 155
301 156
301 157
301 158
301 159
301 197
301 200
301 218
301 220
302 88
302 89
302 93
302 94
302 95
302 96
302 97
302 98
302 152
302 153
302 201
302 217
303 151
303 216
303 217
304 144
304 145
304 146
304 147
304 148
304 149
304 150
304 194
304 215
304 216
304 220
305 194
305 214
305 215
305 219
305 220
306 194
306 205
306 206
306 213
306 214
307 194
307 206
307 212
307 213
308 75
308 193
308 194
308 205
309 74
309 75
309 192
309 193
309 215
310 73
310 74
310 190
310 191
310 214
310 215
311 72
311 73
311 213
311 214
312 71
312 72
312 187
312 188
312 206
312 208
312 209
312 210
312 211
312 212
312 221
313 70
313 71
313 186
313 187
313 221
314 70
314 164
314 165
314 208
314 220
315 163
315 164
315 220
316 67
316 68
316 162
316 163
316 205
316 206
316 207
316 220
317 66
317 67
317 161
317 162
317 179
317 205
317 206
317 220
318 65
318 160
318 161
318 167
318 220
319 159
319 167
319 220
320 158
320 159
320 167
320 179
320 220
320 221
321 158
321 175
321 177
321 221
322 156
322 157
322 162
322 221
323 155
323 156
323 162
323 163
324 153
324 169
324 172
325 171
327 221
328 150
328 221
329 150
329 220
330 167
331 160
331 167
332 147
332 148
332 154
332 156
332 157
332 158
332 166
332 217
332 218
333 146
333 147
333 165
333 166
333 217
334 145
334 146
334 164
334 217
335 144
335 145
335 162
335 163
336 143
336 144
336 160
336 161
336 162
336 215
336 216
337 142
337 157
337 158
337 159
337 160
337 214
337 215
338 142
338 156
338 157
338 213
338 214
339 53
339 70
339 141
339 154
339 155
339 212
339 213
340 54
340 55
340 152
340 153
340 154
340 211
340 212
341 72
341 150
341 151
341 152
341 204
341 205
341 206
341 207
341 208
341 209
341 210
341 211
342 72
342 91
342 148
342 149
342 150
342 202
342 203
343 63
343 73
343 88
343 90
343 91
343 92
343 120
343 121
343 122
343 123
343 147
343 148
343 199
343 200
344 74
344 85
344 86
344 87
344 91
344 117
344 118
344 119
344 124
344 127
344 128
344 129
344 130
344 131
344 132
344 133
344 134
344 144
344 145
344 146
344 198
344 199
345 67
345 68
345 75
345 81
345 82
345 83
345 91
345 92
345 113
345 114
345 115
345 116
345 141
345 144
345 197
345 207
346 59
346 76
346 77
346 78
346 79
346 80
346 92
346 110
346 111
346 126
346 196
346 197
346 206
347 61
347 106
347 107
347 108
347 109
347 195
347 196
347 204
347 205
348 61
348 62
348 102
348 103
348 104
348 105
348 128
348 194
348 203
349 78
349 79
349 80
349 97
349 98
349 99
349 100
349 101
349 102
349 193
349 200
349 201
350 64
350 75
350 76
350 77
350 78
350 95
350 96
350 114
351 71
351 72
351 73
351 74
351 75
351 93
351 94
352 70
352 91
352 92
352 106
352 116
352 125
352 191
353 66
353 90
353 107
353 123
353 124
354 88
354 89
354 108
354 122
355 84
355 85
355 86
355 87
355 190
356 70
356 71
356 72
356 73
356 74
356 75
356 76
356 77
356 78
356 79
356 80
356 81
356 82
356 83
356 190
357 99
358 99
359 98
360 97
360 196
361 96
361 97
361 114
361 196
362 95
362 96
362 113
362 114
363 95
363 112
363 113
364 94
364 111
364 112
365 93
365 94
365 110
365 111
366 93
366 109
366 110
367 92
367 93
367 108
367 109
367 194
368 92
368 108
368 193
369 91
369 107
370 90
370 106
370 107
370 190
371 90
371 105
371 106
371 189
371 190
372 90
372 105
372 188
372 189
373 90
373 104
374 91
374 92
374 103
374 104
374 232
374 242
375 92
375 103
375 243
375 245
376 93
376 102
376 245
376 246
376 247
376 248
376 269
377 94
377 95
377 102
377 234
377 235
378 96
378 101
378 235
378 236
378 263
378 270
378 271
378 272
379 97
379 98
379 100
379 101
379 236
379 237
379 238
379 263
379 264
380 99
380 239
380 240
380 260
380 261
380 262
380 263
381 241
381 242
381 243
381 244
381 256
381 257
381 261
382 244
382 245
382 246
382 247
382 248
382 256
382 262
383 249
383 250
383 251
383 252
383 253
383 254
383 255
384 253
385 254
411 37
412 36
413 35
414 35
416 32
417 31
418 30
420 59
428 24
428 25
429 23
430 21
430 22
431 21
431 30
431 38
432 20
433 19
433 20
433 37
433 258
434 18
434 19
434 258
434 262
435 17
435 80
435 258
435 262
436 16
436 17
436 258
436 262
437 15
437 16
437 83
437 258
438 14
438 15
438 64
438 84
438 258
438 262
439 13
439 14
439 85
440 12
440 13
440 64
440 87
440 88
440 261
441 11
441 12
441 64
441 88
441 89
441 258
441 261
442 10
442 11
442 42
442 74
442 90
442 258
443 9
443 10
443 74
444 8
444 9
444 257
445 8
445 61
445 73
445 257
446 73
446 93
446 257
447 72
448 72
448 257
449 71
449 72
449 257
449 260
449 263
449 264
449 265
449 266
450 50
450 260
450 261
450 262
450 263
452 89
452 103
452 256
452 267
452 268
453 88
453 89
453 102
453 110
453 255
453 256
453 265
453 266
453 267
454 88
454 102
454 109
454 110
454 254
454 255
454 261
454 265
455 88
455 109
455 110
455 253
455 254
455 261
455 265
456 92
456 108
456 112
456 252
456 260
457 108
457 243
457 244
457 245
457 246
457 247
457 248
457 251
457 259
458 60
458 108
458 241
458 250
459 231
459 232
459 233
459 234
459 238
459 240
459 249
460 235
460 238
461 247
462 111
462 228
462 229
462 246
462 247
463 89
463 111
463 116
463 226
463 228
463 246
464 111
464 116
464 229
464 245
465 88
465 111
465 116
465 209
465 244
466 115
466 148
466 150
466 207
466 243
467 68
467 110
467 115
467 148
467 149
467 242
468 110
468 115
468 148
468 207
468 229
469 71
469 109
469 115
469 148
469 207
469 224
469 229
469 242
470 109
470 115
470 148
470 208
470 224
470 229
470 233
470 241
470 242
471 109
471 114
471 148
471 170
471 171
471 172
471 224
471 229
471 233
471 241
472 75
472 82
472 108
472 114
472 147
472 223
472 224
472 228
472 233
473 108
473 114
473 147
473 173
473 174
473 204
473 223
473 227
473 228
473 233
474 82
474 108
474 113
474 204
474 223
474 228
474 233
475 108
475 113
475 146
475 204
475 223
475 232
475 238
476 107
476 113
476 146
476 172
476 203
476 222
476 227
476 232
476 235
476 237
477 85
477 101
477 107
477 113
477 146
477 172
477 203
477 209
477 212
477 227
477 232
478 89
478 101
478 102
478 107
478 112
478 145
478 150
478 172
478 203
478 208
478 212
478 227
478 232
479 90
479 91
479 101
479 102
479 112
479 145
479 149
479 171
479 202
479 226
479 231
480 91
480 102
480 112
480 144
480 149
480 171
480 202
480 207
480 211
480 221
480 226
480 231
481 100
481 112
481 144
481 148
481 170
481 202
481 207
481 211
481 221
481 226
481 231
482 143
482 170
482 202
482 207
482 221
482 226
482 231
483 106
483 112
483 143
483 170
483 201
483 221
483 226
483 230
483 231
484 111
484 142
484 169
484 201
484 221
484 226
484 230
485 108
485 142
485 201
485 221
485 225
485 230
486 142
486 200
486 209
486 221
486 229
487 142
487 201
487 228
487 229
488 201
488 202
488 222
488 228
489 143
489 148
489 149
489 164
489 165
489 200
489 208
489 222
490 149
490 150
490 173
490 200
490 220
491 161
491 171
491 172
491 176
491 177
491 205
