102 0 393 352
79 128
80 128
81 128
82 128
83 129
83 130
84 131
84 132
85 132
86 132
87 133
87 134
88 135
88 145
89 135
89 145
89 257
89 258
90 135
90 144
90 258
91 135
91 144
91 258
92 136
92 145
92 259
93 136
93 145
93 259
94 136
94 144
94 259
95 136
95 144
95 259
96 136
96 144
96 259
97 136
97 144
98 136
98 144
99 136
99 144
100 137
100 144
101 137
101 145
102 137
102 145
103 97
103 137
103 145
104 97
104 138
104 145
105 138
105 145
106 138
106 145
107 138
107 146
108 52
108 138
108 146
109 51
109 73
109 76
109 77
109 78
109 79
109 81
109 82
109 83
109 84
109 85
109 86
109 87
109 89
109 90
109 91
109 92
109 138
109 146
109 151
109 229
109 231
110 51
110 62
110 67
110 68
110 70
110 71
110 72
110 75
110 119
110 138
110 146
110 150
110 218
110 219
110 220
110 221
110 222
110 223
110 224
110 225
110 226
110 227
111 51
111 60
111 61
111 62
111 120
111 138
111 146
111 149
111 178
111 179
111 213
111 215
111 217
112 138
112 148
112 149
112 211
112 212
113 138
113 147
113 148
113 182
114 62
114 139
114 147
114 149
115 51
115 62
115 139
115 145
116 139
116 145
116 154
116 155
116 206
117 139
117 145
117 153
117 154
117 185
117 205
117 235
117 236
118 139
118 145
118 153
118 205
118 228
118 229
118 230
118 231
118 232
118 233
118 234
118 237
119 62
119 139
119 145
119 153
119 220
119 221
119 222
119 223
119 224
119 225
119 226
119 227
120 139
120 145
120 153
120 171
120 173
120 175
120 217
120 218
120 219
121 62
121 140
121 146
121 153
121 165
121 166
121 167
121 168
121 169
121 170
121 178
121 187
121 208
121 215
121 216
121 217
122 51
122 63
122 140
122 146
122 153
122 183
122 213
122 214
122 215
123 51
123 63
123 140
123 146
123 153
123 183
123 188
124 63
124 140
124 146
124 153
124 163
124 174
124 183
125 51
125 62
125 140
125 153
125 154
125 161
125 162
125 163
125 174
125 183
126 51
126 62
126 140
126 149
126 153
126 154
126 161
126 162
126 174
126 175
126 183
126 184
126 189
127 51
127 62
127 141
127 149
127 153
127 162
127 172
127 189
128 141
128 149
128 162
128 170
128 171
128 189
129 63
129 141
129 149
129 168
129 169
129 183
129 189
130 51
130 63
130 141
130 149
130 166
130 167
130 189
131 51
131 62
131 141
131 149
131 182
131 188
132 51
132 140
132 150
132 160
132 161
132 188
133 51
133 62
133 140
133 150
133 159
133 160
133 182
133 188
134 51
134 63
134 141
134 150
134 159
134 182
134 187
135 51
135 63
135 141
135 150
135 182
136 63
136 142
136 151
136 187
137 63
137 142
137 151
137 187
138 63
138 143
138 151
138 180
138 187
139 52
139 63
139 143
139 151
139 180
139 186
140 52
140 63
140 143
140 144
140 151
140 180
140 186
141 52
141 63
141 144
141 180
141 185
142 52
142 63
142 145
142 181
142 185
143 52
143 63
143 145
143 151
143 185
144 63
144 146
144 151
144 152
144 185
144 213
145 63
145 146
145 152
145 179
145 184
145 213
146 52
146 63
146 147
146 152
146 177
146 178
146 213
147 52
147 63
147 148
147 152
147 183
147 213
148 52
148 63
148 151
148 176
148 183
148 213
149 52
149 63
149 151
149 176
149 182
149 212
150 52
150 63
150 151
150 175
150 182
150 212
151 52
151 63
151 151
151 175
151 182
152 52
152 64
152 151
152 175
152 183
152 287
153 52
153 64
153 151
153 176
153 197
153 281
153 285
153 286
154 52
154 64
154 151
154 176
154 184
154 195
154 196
154 282
154 283
154 284
155 53
155 63
155 151
155 177
155 194
155 200
156 53
156 63
156 151
156 177
156 185
156 186
156 192
156 193
156 199
156 200
156 201
156 202
156 203
156 207
156 208
156 209
156 223
156 224
156 225
157 53
157 64
157 152
157 178
157 187
157 188
157 189
157 190
157 191
157 204
157 205
157 206
157 210
157 223
158 53
158 64
158 152
158 178
158 211
158 215
158 216
158 217
158 218
158 219
158 222
158 228
159 53
159 64
159 152
159 178
159 212
159 214
159 220
159 222
160 53
160 64
160 152
160 190
160 191
160 222
161 53
161 64
161 152
161 191
161 192
161 230
162 53
162 64
162 152
162 193
162 194
162 226
162 227
162 229
163 53
163 64
163 152
163 228
164 53
164 64
164 152
164 226
164 227
165 53
165 64
165 153
165 226
166 53
166 64
166 153
167 53
167 64
167 149
167 153
167 170
168 53
168 63
168 131
168 149
168 153
168 170
168 212
168 217
168 218
168 220
169 53
169 63
169 131
169 148
169 153
169 169
169 202
170 53
170 63
170 132
170 148
170 154
170 169
170 290
170 291
171 53
171 63
171 132
171 148
171 154
171 168
171 292
172 53
172 64
172 133
172 148
172 149
172 154
172 168
172 169
172 191
172 192
172 193
172 296
172 297
173 53
173 64
173 133
173 149
173 154
173 169
173 170
173 298
174 53
174 64
174 133
174 134
174 150
174 154
174 170
174 171
175 53
175 64
175 134
175 149
175 154
176 53
176 64
176 134
176 154
176 201
176 202
176 203
176 204
176 205
176 206
176 207
177 54
177 64
177 134
177 154
177 193
177 194
177 195
177 196
178 54
178 64
178 134
178 154
178 155
178 191
178 192
179 54
179 64
179 155
180 54
180 64
180 155
181 54
181 64
181 155
181 205
182 54
182 64
182 155
182 205
183 54
183 64
183 156
184 54
184 65
184 156
184 205
185 53
185 65
185 156
185 205
186 53
186 65
186 157
186 205
187 53
187 65
187 157
188 53
188 66
188 157
188 206
189 53
189 65
189 158
189 206
190 53
190 65
190 158
190 206
191 53
191 65
191 159
191 207
192 53
192 65
192 159
192 160
192 271
193 54
193 65
193 160
194 54
194 65
194 161
195 54
195 66
195 161
195 162
196 54
196 66
196 162
196 163
196 172
196 207
196 267
196 268
197 54
197 66
197 163
197 164
197 172
197 173
197 207
197 266
197 267
198 54
198 66
198 164
198 173
198 265
198 266
199 54
199 66
199 165
199 173
199 264
199 265
200 54
200 66
200 166
200 173
200 263
200 264
201 54
201 66
201 167
201 173
201 177
201 178
201 179
201 180
201 181
201 262
201 263
202 54
202 66
202 168
202 174
202 177
202 261
202 262
203 55
203 66
203 169
203 175
203 176
203 177
203 229
203 260
203 261
204 55
204 66
204 169
204 170
204 175
204 258
204 259
205 55
205 66
205 170
205 232
205 257
205 258
206 55
206 66
206 174
206 225
206 229
206 255
206 256
206 257
207 55
207 66
207 174
207 225
207 254
207 255
208 55
208 66
208 168
208 174
208 225
208 226
208 252
208 253
209 55
209 66
209 170
209 171
209 172
209 174
209 225
209 251
209 252
210 55
210 66
210 174
210 224
210 249
210 250
210 251
210 257
210 258
211 55
211 66
211 174
211 175
211 223
211 248
211 249
212 55
212 66
212 163
212 222
212 246
212 247
212 332
212 333
212 334
212 335
212 336
212 337
212 338
212 339
212 340
213 55
213 66
213 177
213 222
213 244
213 245
213 329
213 330
213 331
213 341
213 342
213 343
213 344
213 345
213 346
213 347
213 348
214 56
214 66
214 161
214 177
214 178
214 220
214 221
214 242
214 243
214 268
214 327
215 56
215 66
215 159
215 161
215 179
215 180
215 220
215 241
215 267
215 323
216 56
216 66
216 180
216 219
216 238
216 239
216 321
216 322
216 334
216 335
216 336
216 337
216 338
216 343
216 344
217 56
217 66
217 182
217 204
217 205
217 206
217 207
217 208
217 234
217 235
217 236
217 319
217 320
217 330
217 332
217 333
217 339
217 340
217 341
217 347
217 348
218 56
218 65
218 183
218 184
218 193
218 194
218 203
218 206
218 209
218 225
218 226
218 227
219 56
219 66
219 155
219 162
219 185
219 191
219 192
219 195
219 196
219 210
220 66
220 153
220 154
220 186
220 190
220 197
220 198
220 199
220 200
220 201
220 202
220 211
220 213
220 214
220 215
220 216
220 217
220 218
220 219
220 220
220 232
220 233
220 234
220 324
221 67
221 151
221 152
221 186
221 212
221 230
221 231
221 321
222 67
222 229
222 230
222 314
223 67
223 148
223 227
223 313
224 67
224 146
224 147
224 223
224 224
224 225
224 226
224 312
225 67
225 144
225 145
225 188
225 221
225 222
225 223
225 311
225 319
226 67
226 144
226 152
226 219
226 220
226 310
226 317
226 318
227 66
227 217
227 218
227 316
228 215
228 216
228 315
229 190
229 214
229 215
229 309
229 310
230 66
230 190
230 213
230 214
230 308
231 66
231 190
231 212
231 213
231 309
232 56
232 191
232 210
232 211
232 300
232 301
232 302
232 308
233 138
233 191
233 209
233 210
233 297
233 298
233 299
233 303
233 306
233 308
234 137
234 191
234 208
234 209
234 296
234 303
235 56
235 136
235 191
235 207
235 208
235 294
236 56
236 135
236 154
236 191
236 206
236 207
236 294
236 302
237 144
237 154
237 155
237 186
237 187
237 205
237 206
237 292
237 302
238 56
238 144
238 155
238 156
238 187
238 204
238 205
238 291
238 292
239 56
239 157
239 158
239 185
239 186
239 191
239 204
240 159
240 160
240 161
240 185
240 191
240 203
241 146
241 161
241 162
241 163
241 184
241 203
242 56
242 146
242 164
242 184
242 190
243 56
243 166
243 182
243 190
244 122
244 146
244 166
244 167
244 168
244 179
244 180
244 191
244 290
245 168
245 178
245 192
245 285
245 286
245 287
245 288
245 289
246 67
246 176
246 192
246 193
246 283
246 284
247 57
247 170
247 171
247 192
247 282
247 283
248 152
248 153
248 173
248 186
248 187
248 192
248 271
248 272
248 280
248 281
249 154
249 155
249 156
249 172
249 187
249 188
249 191
249 192
249 269
249 270
249 279
249 280
250 157
250 158
250 159
250 160
250 172
250 187
250 191
250 269
250 277
250 278
250 279
251 161
251 162
251 163
251 171
251 191
251 275
251 277
251 309
252 101
252 102
252 164
252 171
252 190
252 266
252 267
252 273
252 274
253 100
253 101
253 171
253 190
254 99
254 190
254 264
254 270
255 97
255 98
255 190
256 96
256 97
256 173
256 190
256 262
257 173
257 189
257 304
257 305
258 93
258 94
258 189
258 258
258 259
258 260
258 261
258 304
259 91
259 92
259 178
259 189
259 303
260 90
260 91
260 179
260 189
260 231
260 256
260 262
260 302
261 89
261 90
261 180
261 189
261 230
261 255
261 301
262 88
262 89
262 180
262 189
262 229
262 253
262 254
262 263
263 87
263 88
263 188
263 229
263 253
263 300
263 346
263 347
264 86
264 87
264 182
264 188
264 252
264 263
264 298
264 299
264 344
264 345
265 85
265 86
265 198
265 250
265 251
265 298
265 343
265 344
266 85
266 188
266 249
266 250
266 251
266 298
267 84
267 188
267 197
267 248
268 188
268 197
268 246
268 247
268 248
268 259
268 260
268 297
269 185
269 188
269 196
269 244
269 245
269 256
269 257
269 258
270 185
270 186
270 196
270 243
270 244
270 254
270 255
271 241
271 242
271 253
271 254
271 328
272 185
272 240
272 251
272 252
272 293
272 294
273 184
273 185
273 238
273 249
273 250
273 251
274 184
274 236
274 237
274 246
274 247
274 248
274 249
274 292
275 183
275 184
275 234
275 235
275 243
275 245
275 315
276 183
276 221
276 234
276 240
276 241
276 242
276 243
276 313
277 182
277 183
277 240
277 313
278 89
278 92
278 182
278 220
278 240
278 290
278 313
279 91
279 92
279 181
279 182
279 220
279 234
279 235
279 236
279 237
279 239
279 240
279 290
279 312
280 92
280 181
280 216
280 217
280 218
280 234
280 238
280 239
280 290
281 88
281 214
281 215
281 234
281 289
282 179
282 180
282 213
282 214
282 228
282 234
283 179
283 213
283 225
283 226
283 228
283 233
283 234
284 176
284 211
284 212
284 225
284 226
284 227
284 232
284 233
285 5
285 6
285 7
285 8
285 9
285 10
285 76
285 91
285 176
285 210
285 211
285 231
286 10
286 11
286 12
286 76
286 92
286 93
286 94
286 95
286 101
286 185
286 206
286 207
286 208
286 209
287 13
287 14
287 75
287 96
287 102
287 103
287 176
287 184
287 204
287 205
287 219
287 220
287 221
287 222
287 223
288 96
288 97
288 104
288 136
288 173
288 174
288 175
288 183
288 202
288 203
288 219
289 97
289 105
289 172
289 173
289 182
289 200
289 201
289 202
289 218
289 219
290 53
290 97
290 171
290 181
290 182
290 199
290 200
290 218
290 228
291 51
291 52
291 53
291 170
291 180
291 181
291 197
291 198
291 217
291 218
291 286
291 287
292 42
292 43
292 44
292 45
292 46
292 47
292 48
292 49
292 50
292 169
292 179
292 180
292 195
292 196
292 227
293 34
293 35
293 36
293 37
293 38
293 39
293 40
293 41
293 168
293 169
293 179
293 193
293 194
293 226
293 289
294 26
294 27
294 28
294 29
294 30
294 31
294 32
294 33
294 34
294 167
294 178
294 191
294 192
294 225
295 23
295 24
295 25
295 73
295 166
295 167
295 188
295 189
295 190
295 225
296 22
296 165
296 166
296 186
296 187
296 224
296 225
297 74
297 165
297 184
297 185
297 224
298 75
298 101
298 137
298 164
298 165
298 174
298 175
298 181
298 182
298 183
298 204
298 206
298 223
299 75
299 137
299 163
299 164
299 173
299 174
299 179
299 180
299 181
299 198
299 199
299 202
299 203
299 205
299 222
299 223
300 76
300 100
300 138
300 160
300 161
300 162
300 163
300 172
300 173
300 197
300 198
300 199
300 200
300 201
300 217
300 222
301 98
301 99
301 138
301 139
301 153
301 154
301 155
301 156
301 157
301 158
301 159
301 172
301 196
301 197
301 200
301 218
301 219
301 220
301 221
302 88
302 89
302 90
302 91
302 92
302 93
302 94
302 95
302 96
302 97
302 98
302 139
302 140
302 152
302 153
302 171
302 201
303 141
303 142
303 151
303 170
303 171
303 194
303 195
303 216
303 217
304 142
304 143
304 144
304 145
304 146
304 147
304 148
304 149
304 150
304 170
304 194
304 220
305 170
305 194
305 220
306 169
306 205
306 206
306 214
307 168
307 169
307 206
307 212
308 75
308 168
308 205
308 223
309 74
309 75
309 167
309 215
309 222
310 73
310 74
310 167
310 214
310 215
310 221
310 222
311 72
311 73
311 166
311 188
311 189
311 213
311 214
311 220
311 221
312 71
312 72
312 166
312 205
312 206
312 210
312 211
312 212
312 221
313 70
313 71
313 165
313 221
314 70
314 164
314 165
314 183
314 184
314 185
314 220
315 69
315 164
315 182
315 183
315 203
315 207
315 208
315 220
316 67
316 68
316 180
316 181
316 182
316 204
316 220
317 66
317 67
317 180
317 220
318 65
318 220
319 64
319 179
319 220
320 63
320 172
320 173
320 178
320 220
320 221
321 62
321 174
321 176
321 178
321 221
322 61
322 221
323 60
323 61
323 173
324 59
324 60
324 154
324 163
324 173
325 58
325 66
325 153
325 163
325 170
325 172
326 56
326 57
326 152
326 153
326 163
326 169
326 170
327 54
327 55
327 151
327 152
327 169
327 221
328 150
328 168
328 221
328 288
329 149
329 154
329 167
329 168
329 220
329 287
329 288
330 149
330 154
330 161
330 286
330 287
331 148
331 154
331 160
332 155
332 159
332 284
332 285
332 286
333 286
333 287
335 216
336 160
336 162
337 143
337 157
337 159
338 142
338 156
338 157
339 53
339 141
339 154
339 155
339 212
340 54
340 55
340 152
340 153
340 154
341 72
341 138
341 150
341 151
341 152
341 204
342 137
342 148
342 149
342 150
342 201
342 203
343 63
343 89
343 135
343 136
343 137
343 138
343 147
343 148
343 199
343 200
344 146
344 198
344 199
345 84
345 125
345 139
345 140
345 142
345 143
345 197
345 207
346 59
346 112
346 196
346 197
347 61
347 127
347 195
347 196
347 204
347 205
348 61
348 62
348 194
348 195
348 203
348 327
348 328
349 129
349 193
349 194
349 200
349 201
349 325
349 326
349 327
350 64
350 130
350 192
350 193
351 115
351 192
352 92
352 106
352 125
352 191
352 323
352 324
353 66
353 91
353 107
353 123
353 124
353 125
353 191
353 324
353 325
354 108
354 190
354 326
355 109
355 120
355 121
355 190
355 327
356 120
356 190
357 99
357 119
357 190
358 99
358 118
358 119
358 191
359 98
359 117
359 118
360 97
360 115
360 116
360 196
361 96
361 97
361 114
361 195
361 196
362 95
362 96
362 113
362 114
362 194
363 95
363 112
363 113
363 193
364 94
364 112
364 192
365 93
365 94
365 110
365 111
365 192
366 93
366 110
366 194
367 92
367 93
367 108
367 109
367 193
367 194
368 92
368 108
368 191
368 192
368 193
368 194
369 91
369 107
369 191
370 90
370 107
371 90
371 105
371 106
372 90
372 105
373 90
373 104
374 91
374 92
374 104
374 232
375 92
375 244
378 263
379 263
379 264
380 260
380 261
381 256
384 53
384 54
385 52
385 53
386 51
386 52
387 50
407 39
409 37
410 37
411 37
412 36
413 35
414 35
415 339
416 32
417 31
417 344
418 30
418 343
418 344
419 342
419 343
420 59
420 341
420 342
421 340
421 341
422 339
423 337
423 338
424 335
424 337
425 334
425 335
426 333
426 334
427 331
427 332
427 333
428 24
428 25
428 329
428 330
428 331
429 23
429 328
429 329
430 21
430 22
431 21
431 30
431 38
432 20
433 19
433 20
433 37
433 258
434 18
434 19
434 258
434 262
435 17
435 80
435 258
435 262
436 16
436 17
436 258
436 262
437 15
437 16
437 83
437 258
438 14
438 15
438 64
438 84
438 258
438 262
438 284
438 285
439 13
439 14
439 85
439 286
439 287
439 288
439 289
440 12
440 13
440 64
440 87
440 88
440 261
440 279
440 280
440 281
441 11
441 12
441 64
441 88
441 89
441 258
441 261
441 279
442 10
442 11
442 42
442 74
442 90
442 258
442 277
442 278
443 9
443 10
443 74
443 275
443 276
443 277
444 8
444 9
444 257
445 8
445 61
445 73
445 257
445 272
445 273
446 73
446 93
446 257
446 269
446 270
446 271
447 72
447 268
448 72
448 257
449 71
449 72
449 257
449 260
449 263
449 264
449 265
449 266
450 50
450 260
450 261
450 262
450 263
452 89
452 256
452 267
452 268
453 88
453 89
453 102
453 255
453 256
453 265
453 266
453 267
454 88
454 254
454 255
454 261
454 265
455 88
455 253
455 254
455 261
455 265
456 92
456 112
456 252
456 260
457 243
457 244
457 245
457 246
457 247
457 248
457 251
457 259
458 60
458 241
458 250
459 231
459 232
459 233
459 234
459 238
459 240
459 249
460 235
460 238
461 247
462 111
462 228
462 229
462 246
462 247
463 89
463 111
463 116
463 226
463 228
463 229
463 246
464 111
464 116
464 229
464 245
465 88
465 111
465 116
465 209
465 229
465 244
466 115
466 148
466 150
466 207
466 208
466 243
467 68
467 110
467 115
467 148
467 149
467 242
468 110
468 115
468 148
468 207
468 229
469 71
469 109
469 115
469 148
469 207
469 224
469 229
469 242
470 109
470 115
470 148
470 208
470 224
470 229
470 233
470 241
470 242
471 109
471 114
471 148
471 170
471 171
471 172
471 224
471 229
471 233
471 241
472 75
472 82
472 108
472 114
472 147
472 223
472 224
472 228
472 233
473 108
473 114
473 147
473 173
473 174
473 204
473 223
473 227
473 228
473 233
474 82
474 108
474 113
474 204
474 223
474 228
474 233
475 108
475 113
475 146
475 204
475 223
475 232
475 238
476 107
476 113
476 146
476 172
476 203
476 209
476 222
476 227
476 232
476 235
476 237
477 85
477 107
477 113
477 146
477 172
477 203
477 209
477 212
477 227
477 232
478 89
478 101
478 102
478 107
478 112
478 145
478 150
478 172
478 203
478 208
478 212
478 227
478 232
479 90
479 91
479 101
479 102
479 112
479 145
479 149
479 171
479 202
479 208
479 212
479 226
479 231
480 91
480 102
480 112
480 144
480 149
480 171
480 202
480 207
480 211
480 221
480 226
480 231
481 100
481 112
481 144
481 148
481 170
481 202
481 207
481 211
481 221
481 226
481 231
482 143
482 170
482 202
482 207
482 221
482 226
482 231
483 106
483 112
483 143
483 170
483 201
483 221
483 226
483 230
483 231
484 111
484 142
484 169
484 201
484 221
484 226
484 230
485 108
485 142
485 201
485 221
485 225
485 230
486 142
486 200
486 209
486 221
486 229
487 142
487 201
487 209
487 221
487 228
487 229
488 201
488 202
488 222
488 228
489 143
489 148
489 149
489 164
489 165
489 200
489 201
489 208
489 222
490 149
490 150
490 173
490 200
490 220
491 161
491 171
491 172
491 176
491 177
491 205
