344 139 152 74
346 206
348 202
350 192
350 200
351 199
351 200
360 196
361 195
361 196
362 194
363 193
364 192
365 192
366 194
367 193
367 194
368 191
368 192
368 193
368 194
369 191
370 190
371 189
371 190
372 188
372 189
465 209
466 207
468 148
468 207
469 148
469 207
470 208
471 170
471 171
471 172
472 147
473 147
473 173
473 174
473 204
474 204
475 146
475 204
476 146
476 172
476 203
477 146
477 172
477 203
477 209
477 212
478 145
478 150
478 172
478 203
478 208
478 212
479 145
479 149
479 171
479 202
480 144
480 149
480 171
480 202
480 207
480 211
481 144
481 148
481 170
481 202
481 207
481 211
482 143
482 170
482 202
482 207
483 112
483 143
483 170
483 201
484 111
484 142
484 169
484 201
485 142
485 201
486 142
486 200
486 209
487 142
487 201
488 201
488 202
489 143
489 148
489 149
489 164
489 165
489 200
489 201
490 149
490 150
490 173
490 200
491 161
491 171
491 172
491 176
491 177
