342 127 101 225
343 120
343 121
343 122
343 123
344 117
344 118
344 119
344 124
344 127
344 128
344 129
344 130
344 131
344 132
344 133
344 134
345 113
345 114
345 115
345 116
345 125
346 110
346 111
346 112
346 126
346 206
347 106
347 107
347 108
347 109
347 127
348 102
348 103
348 104
348 105
348 128
348 202
348 269
348 328
349 97
349 98
349 99
349 100
349 101
349 102
349 129
350 95
350 96
350 130
350 192
350 200
351 199
351 200
361 195
362 194
363 193
364 192
365 192
366 194
367 193
368 191
368 192
368 194
369 191
370 190
371 189
371 190
372 188
372 189
373 232
373 240
373 241
374 231
374 232
374 242
375 232
375 233
375 243
375 245
376 233
376 234
376 245
376 246
376 247
376 248
376 269
377 234
377 235
378 235
378 236
378 270
378 271
378 272
379 236
379 237
379 238
380 239
380 240
380 262
380 263
381 241
381 242
381 243
381 244
381 257
381 261
382 244
382 245
382 246
382 247
382 248
382 256
382 262
383 249
383 250
383 251
383 252
383 253
383 254
383 255
384 253
385 254
415 339
416 337
416 338
417 336
417 344
418 335
418 343
418 344
419 334
419 335
419 342
419 343
420 332
420 333
420 334
420 341
420 342
421 330
421 331
421 332
421 340
421 341
422 328
422 329
422 339
423 326
423 327
423 328
423 337
423 338
424 325
424 326
424 335
424 336
424 337
425 322
425 323
425 324
425 334
425 335
426 333
426 334
427 331
427 332
427 333
428 329
428 330
428 331
429 328
429 329
433 258
434 258
434 262
435 258
435 262
436 258
436 262
437 258
438 258
438 262
438 284
438 285
439 257
439 286
439 287
439 288
439 289
440 257
440 261
440 279
440 280
440 281
441 258
441 261
441 279
442 258
442 277
442 278
443 275
443 276
443 277
445 272
445 273
446 269
446 270
446 271
447 268
