323 152 105 101
322 162
323 162
323 163
323 173
324 163
324 169
324 172
324 173
325 163
325 170
325 171
325 172
326 163
326 169
326 170
327 169
327 221
328 150
328 168
328 221
329 150
329 154
329 167
329 168
329 220
330 154
330 161
330 167
330 219
331 154
331 167
331 219
332 147
332 148
332 154
332 155
332 156
332 157
332 158
332 159
332 166
332 217
332 218
333 146
333 147
333 165
333 166
333 217
334 145
334 146
334 164
334 217
335 144
335 145
335 162
335 163
336 144
336 160
336 161
336 215
336 216
337 157
337 158
337 159
337 160
337 214
337 215
338 142
338 157
338 213
338 214
339 141
339 213
340 152
340 154
340 211
340 212
341 152
341 205
341 206
341 207
341 208
341 209
341 210
341 211
342 148
342 150
342 202
343 148
344 144
344 145
344 146
345 141
345 144
346 206
348 195
348 202
349 194
350 192
350 193
350 200
351 192
351 199
351 200
353 191
354 190
357 190
358 191
360 196
361 195
362 194
363 193
364 192
365 192
366 194
367 193
368 191
368 192
368 194
369 191
370 190
371 189
371 190
372 188
372 189
374 232
374 242
375 243
375 245
376 245
376 246
376 247
376 248
377 234
377 235
378 235
378 236
379 236
379 237
379 238
380 239
380 240
381 241
381 242
381 243
381 244
382 244
382 245
382 246
382 247
382 248
383 249
383 250
383 251
