78 57 52 103
79 128
80 128
81 128
81 139
82 104
82 128
82 140
82 141
83 102
83 105
83 129
83 130
83 141
84 99
84 100
84 101
84 131
84 132
84 141
85 132
85 141
86 132
86 140
87 133
87 134
87 139
87 140
88 135
88 137
88 138
88 139
88 145
89 135
89 140
89 145
90 135
90 140
90 144
91 135
91 144
92 136
92 145
93 136
93 145
94 136
94 144
95 136
95 144
96 136
96 144
97 136
97 144
98 136
98 144
99 136
99 144
100 137
100 144
101 137
101 145
102 137
102 145
103 137
103 145
104 138
104 145
105 97
105 145
106 97
106 145
107 98
107 146
108 146
109 64
109 65
109 73
109 76
109 77
109 78
109 79
109 80
109 81
109 82
109 83
109 84
109 85
109 86
109 87
109 88
109 89
109 90
109 91
109 92
109 98
109 99
109 100
109 101
109 102
109 103
109 104
109 105
109 107
109 108
109 112
109 113
109 114
109 115
109 116
109 117
109 118
109 146
110 62
110 63
110 66
110 67
110 68
110 69
110 70
110 71
110 72
110 75
110 93
110 94
110 95
110 96
110 97
110 98
110 106
110 109
110 110
110 111
110 119
110 146
110 150
111 60
111 61
111 62
111 120
111 146
111 149
112 148
112 149
113 147
113 148
114 147
114 149
115 145
116 145
117 145
117 153
117 154
118 145
118 153
119 145
119 153
120 145
120 153
121 146
121 153
122 146
122 153
123 146
123 153
124 146
124 153
125 153
125 154
126 153
126 154
127 153
