275 3 161 55
285 4
285 53
286 53
287 53
288 14
288 15
288 16
288 54
289 16
289 17
289 54
290 17
292 42
292 48
292 49
292 50
294 26
296 22
329 52
330 52
331 51
332 51
333 51
334 51
335 51
336 51
337 52
338 52
338 53
339 54
341 55
383 54
392 47
393 46
393 47
394 46
395 45
396 45
397 44
398 44
399 43
400 43
401 42
402 42
403 42
404 41
404 42
405 40
405 41
405 45
405 46
406 39
406 40
407 38
407 39
407 43
407 44
407 45
408 38
408 43
408 47
409 37
409 48
410 37
410 49
411 36
411 37
411 50
412 36
412 50
412 51
413 35
413 51
414 35
416 32
417 31
417 40
417 50
418 30
418 40
418 41
418 50
419 30
419 40
419 41
419 50
420 29
420 40
420 49
421 28
421 40
421 49
422 28
422 44
422 49
423 27
423 44
423 48
424 27
424 38
424 39
424 44
424 48
424 51
425 27
425 39
425 44
425 48
425 51
426 26
426 27
426 40
426 41
426 44
426 47
426 51
427 25
427 26
427 40
427 44
427 47
428 24
428 25
428 39
428 40
428 46
428 47
428 50
429 23
429 39
429 47
429 50
430 21
430 22
430 38
430 46
430 50
431 21
431 50
432 20
432 38
433 19
433 20
434 18
434 19
435 17
436 16
436 17
437 15
437 16
438 14
438 15
439 13
439 14
440 12
440 13
441 11
441 12
442 10
442 11
443 9
443 10
444 8
444 9
445 7
445 8
446 7
447 6
448 5
449 4
450 3
451 3
452 2
453 1
453 2
454 1
