77 96 149 57
79 128
80 128
81 128
81 139
82 104
82 128
82 140
82 141
83 102
83 105
83 129
83 130
83 141
84 99
84 100
84 101
84 131
84 132
84 141
85 98
85 132
85 141
86 98
86 132
86 140
87 133
87 134
87 139
87 140
88 135
88 137
88 138
88 139
88 145
89 135
89 140
89 145
90 135
90 140
90 144
91 135
91 144
92 136
92 145
93 136
93 145
94 136
94 144
95 136
95 144
96 136
96 144
97 136
97 144
98 136
98 144
99 136
99 144
100 137
100 144
101 137
101 145
102 137
102 145
103 137
103 145
104 138
104 145
105 138
105 145
106 138
106 145
107 138
107 146
108 138
108 146
109 76
109 77
109 78
109 79
109 81
109 82
109 83
109 84
109 85
109 86
109 87
109 89
109 90
109 91
109 92
109 138
109 146
110 75
110 119
110 138
110 146
110 150
111 120
111 138
111 146
111 149
112 138
112 148
112 149
113 138
113 147
113 148
114 139
114 147
114 149
115 139
115 145
116 139
116 145
117 139
117 145
118 139
118 145
119 139
119 145
120 139
120 145
121 140
121 146
122 140
122 146
123 140
123 146
124 140
124 146
125 140
126 140
126 149
127 141
127 149
128 141
128 149
129 141
129 149
130 141
130 149
131 141
131 149
132 140
132 150
133 140
133 150
134 141
134 150
135 141
135 150
136 142
136 151
137 142
137 151
138 143
138 151
139 143
139 151
140 143
140 144
140 151
141 144
142 145
143 145
143 151
144 146
144 151
144 152
145 146
145 152
146 147
146 152
147 148
147 152
148 151
149 151
150 151
151 151
167 149
168 131
168 149
169 131
169 148
170 132
170 148
171 132
171 148
172 133
172 148
172 149
173 133
173 149
174 133
174 134
174 150
175 134
175 149
176 134
177 134
178 134
222 150
223 149
226 143
227 143
228 142
229 142
230 142
231 142
