220 3 139 68
186 65
187 65
188 66
189 65
190 65
191 65
192 65
193 65
194 65
195 66
196 66
197 66
198 66
199 66
200 66
201 66
202 66
203 66
204 66
205 66
206 66
207 66
208 66
209 66
210 66
211 66
212 66
213 66
214 66
215 66
216 66
217 66
218 65
228 66
229 66
232 56
232 67
233 56
233 67
234 56
234 67
235 56
235 67
236 56
236 67
237 56
237 67
238 56
238 67
239 56
239 67
240 56
240 67
241 57
241 67
242 56
242 67
243 56
243 68
244 57
244 68
245 57
245 67
246 57
248 57
249 57
250 57
251 57
252 57
253 57
254 57
255 57
256 57
257 57
258 57
259 58
260 58
261 58
262 58
263 58
264 58
265 57
266 57
267 57
268 57
269 56
270 56
271 56
285 5
285 6
285 7
285 8
285 9
285 10
285 53
286 10
286 11
286 12
286 53
287 13
287 14
287 53
288 54
289 54
290 53
291 51
291 52
291 53
292 43
292 44
292 45
292 46
292 47
292 48
292 49
292 50
293 34
293 35
293 36
293 37
293 38
293 39
293 40
293 41
294 27
294 28
294 29
294 30
294 31
294 32
294 33
294 34
295 23
295 24
295 25
319 64
320 63
321 62
321 63
322 61
322 62
323 60
323 61
324 59
324 60
325 58
325 66
326 56
326 57
326 66
327 54
327 55
327 66
328 53
328 54
328 67
329 52
329 53
329 67
330 52
330 68
331 51
331 68
332 51
332 68
333 51
333 68
334 51
334 68
335 51
335 69
336 51
336 69
337 70
338 52
338 70
339 53
339 54
339 70
340 54
340 55
340 64
340 65
341 63
342 63
343 58
344 58
344 59
344 69
345 65
345 66
346 59
347 61
348 61
348 62
349 63
350 64
351 64
351 65
352 65
353 65
353 66
354 64
355 64
356 63
357 63
358 62
