16 192 203 160
21 253
21 254
24 223
26 254
27 254
27 255
28 255
28 256
29 256
30 256
31 256
32 256
38 228
39 228
40 229
41 229
41 230
41 266
41 267
42 230
42 231
42 247
42 248
42 249
42 267
43 232
43 246
43 247
44 217
44 218
44 246
44 269
44 270
45 246
45 271
46 190
46 191
46 192
46 193
47 235
47 236
48 202
48 204
48 230
48 234
48 237
48 238
48 239
48 240
48 241
48 242
48 243
49 233
50 195
50 198
50 248
50 277
50 278
51 248
51 250
51 251
51 278
51 279
52 239
52 240
52 241
52 243
52 244
52 251
52 252
52 279
53 253
53 254
53 279
54 253
54 280
55 281
56 253
56 281
57 253
57 281
58 247
58 280
59 248
59 254
59 255
59 280
60 248
60 256
60 280
61 248
61 257
61 280
62 248
62 279
63 247
63 279
64 247
64 249
64 250
64 280
65 249
65 250
65 280
66 250
66 280
67 280
68 249
68 280
69 249
69 280
70 249
70 280
70 290
71 246
71 280
72 247
72 280
72 292
73 247
73 280
74 247
74 280
74 292
74 293
74 294
75 280
75 289
76 247
76 280
77 247
77 281
78 248
78 281
79 248
79 249
79 281
80 249
80 281
81 249
81 281
82 250
82 281
83 250
83 281
84 249
84 250
84 281
85 247
85 250
85 281
86 247
86 251
86 281
87 247
87 251
87 252
87 253
87 281
88 248
88 253
88 254
88 281
89 249
89 254
89 257
89 258
89 281
90 249
90 258
90 281
91 249
91 258
91 281
92 249
92 259
92 281
93 259
94 259
95 214
95 215
95 216
95 259
96 212
96 213
96 214
96 259
97 210
97 211
97 260
98 206
98 207
98 208
98 209
98 260
99 204
99 205
99 261
100 203
100 241
100 261
100 266
101 197
101 198
101 199
101 201
101 202
101 224
101 225
101 261
101 266
102 196
102 198
102 219
102 220
102 221
102 222
102 223
102 226
102 227
102 228
102 229
102 261
102 266
103 197
103 198
103 217
103 218
103 230
103 231
103 232
103 233
103 234
103 235
103 236
103 261
103 266
104 197
104 198
104 214
104 215
104 216
104 261
104 266
105 197
105 198
105 212
105 213
105 261
105 266
106 199
106 210
106 211
106 261
106 266
106 276
107 200
107 201
107 202
107 203
107 204
107 205
107 206
107 207
107 208
107 209
107 262
107 266
107 274
107 275
108 262
108 266
108 274
109 229
109 230
109 231
109 262
109 266
109 274
110 218
110 219
110 220
110 221
110 222
110 223
110 224
110 225
110 226
110 227
110 228
110 232
110 233
110 235
110 262
110 266
110 273
111 213
111 214
111 215
111 216
111 217
111 233
111 234
111 262
111 273
112 210
112 211
112 212
112 234
112 262
112 273
113 235
113 262
113 272
114 209
114 262
114 272
115 262
115 272
116 262
116 272
117 235
117 236
117 262
117 272
118 228
118 229
118 230
118 231
118 232
118 233
118 234
118 237
118 262
118 272
119 205
119 220
119 221
119 222
119 223
119 224
119 225
119 226
119 227
119 238
119 239
119 262
119 272
120 205
120 206
120 217
120 218
120 219
120 263
120 272
121 207
121 208
121 209
121 215
121 216
121 217
121 263
121 272
122 209
122 213
122 214
122 215
122 263
122 264
122 272
122 273
123 264
123 265
123 273
124 265
124 273
125 266
125 267
125 273
126 267
126 268
126 272
127 269
127 272
128 269
128 273
129 273
130 273
130 274
131 274
132 274
133 274
134 275
135 275
135 276
136 276
137 276
138 276
139 209
139 276
140 210
140 276
140 288
141 211
141 276
142 212
142 276
143 213
143 276
144 213
144 276
145 213
145 277
146 213
146 277
147 213
147 277
148 213
148 277
149 212
149 277
150 212
150 277
151 278
152 279
153 279
153 280
154 183
154 278
155 184
155 185
155 278
156 226
156 278
157 227
157 228
157 278
158 228
158 229
158 278
159 221
159 229
159 278
160 278
161 230
161 278
162 226
162 227
162 229
162 278
163 193
163 228
163 278
164 226
164 227
164 278
165 226
165 278
166 225
166 226
166 278
167 221
167 222
167 223
167 224
167 278
168 219
168 278
169 203
169 204
169 205
169 210
169 211
169 214
169 215
169 216
169 278
169 285
169 286
169 287
170 196
170 197
170 198
170 199
170 200
170 201
170 202
170 206
170 207
170 208
170 209
170 278
170 288
170 289
171 194
171 195
171 222
171 223
171 278
171 293
171 294
171 295
172 219
172 220
172 221
172 278
173 181
173 182
173 183
173 184
173 185
173 186
173 187
173 188
173 189
173 190
173 216
173 217
173 218
173 277
173 278
173 280
173 281
173 299
174 175
174 176
174 177
174 178
174 179
174 180
174 213
174 214
174 215
174 216
174 277
174 281
174 299
174 300
174 301
174 302
175 174
175 206
175 207
175 208
175 209
175 210
175 211
175 276
175 282
175 303
175 304
176 276
176 282
176 304
176 305
176 306
177 276
177 282
177 307
177 308
178 190
178 276
178 282
178 309
178 310
179 276
179 282
179 311
179 312
179 313
180 276
180 283
180 314
180 315
180 316
180 317
181 275
181 283
181 318
181 319
181 320
181 321
181 322
181 323
181 324
181 325
181 326
182 275
182 283
182 326
182 327
182 328
182 329
182 330
182 331
183 205
183 275
183 283
183 332
183 333
183 334
183 335
183 336
184 275
184 283
184 337
184 338
185 205
185 274
185 283
185 338
185 339
186 205
186 274
186 283
186 339
186 340
186 341
186 342
187 206
187 273
187 282
187 343
187 344
187 345
188 273
188 282
188 345
188 346
188 349
189 206
189 272
189 282
189 347
190 206
190 272
190 281
191 236
191 271
191 272
191 281
192 207
192 235
192 236
192 270
192 271
192 281
193 207
193 234
193 235
193 270
193 274
193 280
194 207
194 232
194 233
194 234
194 269
194 274
194 280
195 208
195 232
195 268
195 274
195 280
196 231
196 232
196 267
196 268
196 273
196 279
197 207
197 231
197 266
197 267
197 272
197 279
198 230
198 231
198 265
198 266
198 272
198 278
199 229
199 230
199 264
199 265
199 272
199 278
200 228
200 263
200 264
200 277
201 229
201 262
201 263
201 276
202 229
202 261
202 262
202 275
202 276
203 260
203 261
203 275
204 229
204 258
204 259
204 274
205 226
205 229
205 230
205 231
205 232
205 257
205 258
205 274
206 226
206 257
206 273
207 226
207 254
207 255
207 272
207 273
208 252
208 253
208 272
209 252
209 271
210 250
210 251
210 257
210 258
210 259
210 260
210 261
210 262
210 271
211 248
211 249
211 257
211 260
211 261
211 270
212 247
212 269
213 245
213 268
213 269
213 328
214 243
214 267
214 325
214 326
215 240
215 241
215 242
215 324
215 325
216 239
216 266
216 342
216 345
217 237
217 265
217 266
217 331
217 345
217 346
218 265
218 327
218 328
218 329
219 221
219 222
219 223
219 224
219 264
219 325
219 327
220 263
221 263
221 323
222 262
222 320
223 261
223 262
224 261
225 260
226 259
226 260
227 258
227 259
228 258
229 257
230 256
230 257
231 256
232 255
233 254
233 255
234 253
234 254
235 252
235 253
236 252
237 251
238 250
238 251
239 250
240 249
241 248
242 247
