304 200 39 39
304 216
304 220
305 215
305 219
306 205
306 206
307 205
307 206
307 213
309 205
309 215
310 204
310 214
310 215
311 204
311 213
311 214
312 205
312 208
312 209
312 210
312 211
312 212
312 221
313 221
314 208
314 220
315 220
316 205
316 206
316 207
316 220
317 205
317 206
317 220
318 220
319 220
320 220
320 221
321 221
322 221
327 221
328 221
329 220
330 219
331 219
335 216
339 212
341 204
342 201
342 203
343 199
343 200
344 198
344 199
345 197
346 196
346 197
347 195
347 196
348 195
349 194
350 193
351 192
353 191
354 190
355 190
357 190
358 191
