242 231 112 67
244 290
245 285
245 286
245 287
245 288
245 289
246 283
246 284
247 282
248 271
248 272
248 280
249 269
249 270
249 279
250 269
250 277
250 278
250 279
251 275
251 277
252 266
252 267
252 273
252 274
254 264
254 270
256 233
256 262
256 268
257 232
257 268
258 231
258 232
258 258
258 259
258 260
258 261
258 267
259 231
259 266
260 230
260 256
260 262
260 265
261 255
261 264
262 230
262 253
262 254
262 263
263 253
263 263
264 229
264 252
264 263
265 229
265 250
265 251
265 263
266 229
266 249
266 250
266 251
266 262
267 228
267 248
267 261
267 262
268 227
268 228
268 246
268 247
268 248
268 259
268 260
269 227
269 244
269 245
269 256
269 257
269 258
270 226
270 227
270 243
270 244
270 254
270 255
271 225
271 226
271 241
271 242
271 253
271 254
272 224
272 225
272 240
272 251
272 252
273 223
273 224
273 238
273 249
273 250
273 251
274 223
274 236
274 237
274 246
274 247
274 248
274 249
275 234
275 235
275 243
275 244
275 245
276 234
276 240
276 241
276 242
276 243
277 240
278 240
279 234
279 235
279 236
279 237
279 239
279 240
280 234
280 238
280 239
281 234
282 234
284 232
284 233
285 231
285 232
286 230
291 286
291 287
293 289
324 266
324 267
325 266
326 265
326 266
327 265
328 264
329 262
329 263
