249 98 52 40
253 132
254 133
255 133
256 133
257 133
258 133
259 133
260 132
261 132
262 132
263 133
264 133
265 133
266 134
267 134
268 134
269 135
270 135
271 135
272 135
273 135
274 135
275 135
276 135
277 135
278 135
279 135
280 136
281 136
282 136
283 135
284 135
285 135
286 92
286 93
286 94
286 95
286 101
286 135
287 96
287 102
287 103
287 135
288 97
288 104
289 97
289 105
289 136
290 97
290 136
291 136
292 136
293 136
294 136
295 136
296 103
296 136
297 102
297 136
298 101
298 102
299 101
300 100
301 99
302 88
302 89
302 90
302 91
302 92
