46 0 46 164
53 46
54 43
54 44
54 45
54 150
54 151
55 42
55 151
56 41
56 151
56 158
57 7
57 8
57 9
57 10
57 11
57 12
57 13
57 14
57 18
57 40
57 150
57 159
57 160
58 15
58 16
58 17
58 19
58 39
58 40
58 143
58 144
58 145
58 146
58 147
58 148
58 149
58 150
58 151
58 160
58 161
59 16
59 19
59 32
59 142
59 156
59 161
60 20
60 30
60 31
60 33
60 34
60 35
60 36
60 40
60 41
60 42
60 155
60 156
61 22
61 23
61 24
61 25
61 26
61 27
61 28
61 29
61 37
61 39
61 40
61 41
61 154
61 155
62 21
62 38
62 39
63 19
63 20
63 38
63 160
63 161
64 6
64 7
64 8
64 9
64 10
64 11
64 12
64 13
64 14
64 15
64 16
64 17
64 18
64 156
64 157
64 158
64 159
64 160
65 155
65 156
66 154
67 153
68 152
69 84
69 90
69 91
69 93
69 94
69 95
69 96
69 151
69 152
70 85
70 86
70 87
70 88
70 89
70 92
70 151
71 150
72 150
73 149
73 150
74 149
75 148
76 148
77 148
78 147
79 147
80 146
80 147
81 139
81 146
82 140
82 141
82 146
83 103
83 141
83 145
84 141
84 145
85 98
85 141
85 145
86 97
86 98
86 140
86 145
87 97
87 139
87 140
87 145
88 97
88 137
88 138
88 139
89 97
89 140
90 97
90 140
91 97
92 97
93 97
94 97
95 97
96 97
97 97
98 97
99 97
100 98
101 98
102 98
