240 258 72 37
244 290
245 285
245 286
245 287
245 288
245 289
246 283
246 284
247 282
248 271
248 272
248 280
249 269
249 270
249 279
250 269
250 277
250 278
250 279
251 275
251 277
252 266
252 267
252 273
252 274
254 264
254 270
256 262
256 268
257 268
258 258
258 259
258 260
258 261
258 267
259 266
260 256
260 262
260 265
261 255
261 264
262 254
262 263
263 263
264 263
265 263
266 262
267 261
267 262
268 259
268 260
269 256
269 257
269 258
270 254
270 255
271 253
271 254
272 251
272 252
273 249
273 250
273 251
274 246
274 247
274 248
274 249
275 243
275 244
275 245
276 240
276 241
276 242
276 243
277 240
278 240
279 240
291 286
291 287
293 289
