396 220 80 43
433 258
434 258
435 258
436 258
437 258
438 258
438 262
440 261
441 258
441 261
442 258
444 257
445 257
446 257
448 257
449 257
449 260
450 260
452 256
453 255
453 256
454 254
454 255
454 261
455 253
455 254
455 261
456 252
456 260
457 243
457 244
457 245
457 246
457 247
457 248
457 251
457 259
458 241
458 250
459 231
459 232
459 233
459 234
459 238
459 240
459 249
460 235
460 238
461 247
462 246
462 247
463 229
463 246
464 245
465 229
465 244
466 243
467 242
468 229
469 229
469 242
470 229
470 233
470 241
470 242
471 229
471 233
471 241
472 228
472 233
473 227
473 228
473 233
474 228
474 233
475 232
475 238
476 232
476 235
476 237
477 232
478 232
479 231
480 231
481 231
482 231
483 230
483 231
484 230
485 230
486 229
487 228
487 229
488 228
