104 124 27 69
82 128
83 129
83 130
84 131
84 132
85 132
86 132
87 133
87 134
89 135
110 177
113 182
114 166
114 167
114 168
114 169
114 170
114 171
114 172
114 173
114 176
114 177
115 175
115 176
120 171
120 172
120 173
120 175
121 168
121 169
121 170
121 178
121 187
123 183
123 188
124 183
126 183
126 189
127 161
127 173
128 183
128 189
129 162
129 164
129 165
129 183
129 189
130 183
130 189
131 161
131 162
131 163
131 182
132 160
132 161
132 182
133 159
133 160
133 182
134 159
134 182
134 187
135 181
135 182
136 181
137 181
138 180
139 180
140 180
142 181
143 180
144 180
145 179
146 177
146 178
147 177
148 176
149 176
150 175
