108 164 33 82
106 155
106 156
106 157
107 153
107 154
107 158
107 159
107 160
107 161
107 162
107 163
109 229
109 231
110 218
110 219
110 220
110 221
110 222
110 223
110 224
110 225
110 226
110 227
111 178
111 179
111 213
111 215
111 217
112 179
112 180
112 181
112 211
112 212
114 157
114 158
114 159
114 160
114 161
114 162
114 163
114 164
114 165
114 166
114 167
114 168
114 169
114 170
114 171
114 172
114 173
114 176
114 177
114 182
115 155
115 156
115 157
115 175
115 176
115 183
116 184
116 185
116 206
117 185
117 186
117 205
117 235
117 236
118 186
118 205
118 228
118 229
118 230
118 231
118 232
118 233
118 234
118 237
119 187
119 220
119 221
119 222
119 223
119 224
119 225
119 226
119 227
120 171
120 172
120 173
120 175
120 176
120 177
120 187
120 217
120 218
120 219
121 165
121 166
121 167
121 168
121 169
121 170
121 175
121 177
121 179
121 188
121 208
121 215
121 216
121 217
122 180
122 181
122 183
122 188
122 213
122 214
122 215
124 174
124 189
125 174
125 183
125 189
126 174
126 175
126 184
127 172
127 183
127 189
128 170
128 171
128 183
129 164
129 165
129 168
129 169
130 166
130 167
130 183
131 188
132 182
132 188
133 188
135 181
136 181
136 187
137 181
137 187
138 187
139 186
141 180
143 180
144 180
147 177
151 175
