109 106 142 53
88 145
89 145
90 144
91 144
92 145
93 145
94 144
95 144
96 144
97 144
98 144
99 144
100 144
101 145
102 145
103 145
104 145
105 138
105 145
106 138
106 145
107 138
107 146
108 138
108 146
109 76
109 77
109 78
109 79
109 81
109 82
109 83
109 84
109 85
109 86
109 87
109 89
109 90
109 91
109 92
109 138
109 146
110 75
110 119
110 138
110 146
110 150
111 120
111 138
111 146
111 149
112 138
112 148
112 149
113 138
113 147
113 148
114 139
114 147
114 149
115 139
115 145
116 139
116 145
117 139
117 145
117 153
117 154
118 139
118 145
118 153
119 139
119 145
119 153
120 139
120 145
120 153
121 140
121 146
121 153
122 140
122 146
122 153
123 140
123 146
123 153
124 140
124 146
124 153
125 140
125 153
125 154
126 140
126 149
126 153
126 154
127 141
127 149
127 153
128 141
128 149
129 141
129 149
130 141
130 149
131 141
131 149
132 140
132 150
133 140
133 150
134 141
134 150
135 141
135 150
136 142
136 151
137 142
137 151
138 143
138 151
139 143
139 151
140 143
140 144
140 151
141 144
142 145
143 145
143 151
144 146
144 151
144 152
145 146
145 152
146 147
146 152
147 148
147 152
148 151
149 151
150 151
151 151
167 149
168 131
168 149
169 131
169 148
170 132
170 148
171 132
171 148
172 133
172 148
172 149
173 133
173 149
174 133
174 134
174 150
175 134
175 149
176 134
177 134
178 134
222 150
222 158
223 149
223 157
224 155
224 156
225 151
225 153
225 154
226 143
227 143
228 142
229 142
230 142
231 142
232 138
232 140
232 142
233 139
233 143
234 138
234 143
235 138
235 143
236 136
236 144
237 135
239 145
240 145
242 146
243 146
243 147
244 123
244 124
244 125
244 126
244 127
244 128
244 129
244 130
244 131
244 132
244 133
244 134
244 135
244 147
244 148
244 149
245 118
245 119
245 120
245 121
245 136
245 137
245 138
245 139
245 140
245 141
245 142
245 143
245 144
245 145
246 115
246 116
246 117
247 113
247 114
248 110
248 111
248 112
249 107
249 108
249 109
250 105
250 106
250 107
250 135
250 136
250 137
250 138
250 139
250 140
251 103
251 104
252 101
252 102
253 100
253 101
254 99
255 97
255 98
256 96
256 97
257 94
257 95
258 93
258 94
259 91
259 92
260 90
260 91
261 89
261 90
262 88
262 89
263 88
264 86
264 87
