285 187 74 77
284 187
285 186
285 187
285 210
285 211
286 186
286 206
286 207
286 208
286 209
287 205
287 219
287 220
287 221
287 222
287 223
287 229
288 202
288 219
288 229
289 201
289 218
289 219
289 228
290 199
290 218
290 228
291 217
291 218
291 227
292 195
292 196
292 227
293 193
293 226
294 192
294 225
294 226
295 225
296 186
296 224
296 225
297 224
298 174
298 175
298 182
298 204
298 206
298 223
299 173
299 174
299 198
299 199
299 202
299 203
299 205
299 222
300 172
300 173
300 197
300 198
300 199
300 200
300 201
300 217
300 222
301 172
301 197
301 200
301 218
301 220
302 171
302 201
302 217
303 170
303 171
304 194
304 215
304 216
304 220
305 194
305 214
305 215
305 219
306 194
306 205
306 206
306 213
307 194
307 205
307 206
307 213
308 193
308 194
309 192
309 193
309 205
309 215
310 190
310 191
310 204
310 214
310 215
311 188
311 189
311 204
311 213
311 214
312 187
312 188
312 205
312 208
312 209
312 210
312 211
312 212
312 221
313 186
313 187
314 183
314 184
314 185
314 208
315 182
315 183
315 203
315 207
315 208
316 180
316 181
316 182
316 204
316 205
316 206
316 207
317 179
317 180
317 205
317 206
330 219
331 219
335 216
339 212
341 204
342 201
342 203
343 199
343 200
344 198
344 199
345 197
345 207
346 196
346 197
347 195
347 196
347 204
347 205
348 194
348 195
348 202
348 203
349 193
349 194
349 200
349 201
350 192
350 193
350 200
351 192
351 199
351 200
353 191
354 190
355 190
357 190
358 191
