9 127 245 103
24 223
38 142
38 143
39 142
40 141
41 141
46 190
46 191
46 192
46 193
48 202
48 204
50 195
50 198
51 188
52 187
53 185
54 150
54 151
54 185
55 151
56 151
56 158
56 183
57 150
57 159
57 160
57 169
57 176
57 177
58 143
58 144
58 145
58 146
58 147
58 148
58 149
58 150
58 151
58 160
58 161
58 168
58 169
58 174
58 175
58 179
58 180
58 181
59 142
59 156
59 161
59 173
59 179
60 155
60 156
60 172
60 178
61 154
61 162
61 177
62 163
62 164
62 165
62 166
62 169
62 170
62 171
62 175
62 176
63 160
63 161
63 167
63 168
63 174
63 175
64 156
64 157
64 158
64 160
65 155
65 156
68 152
81 139
82 128
82 140
83 129
83 130
83 141
84 131
84 132
85 132
86 132
87 133
87 134
89 135
110 218
110 219
110 220
110 221
110 222
110 223
110 224
110 225
110 226
111 178
111 179
111 213
111 215
111 217
112 211
112 212
113 182
114 208
115 207
116 206
117 205
118 205
119 220
120 171
120 173
120 175
120 217
120 218
120 219
121 165
121 166
121 167
121 168
121 169
121 170
121 178
121 187
121 208
121 215
121 216
121 217
122 213
122 214
122 215
123 183
123 188
124 163
124 174
124 183
125 161
125 162
125 163
125 174
126 161
126 162
126 174
126 175
126 183
126 189
127 161
127 162
127 172
128 162
128 170
128 171
128 189
129 162
129 164
129 165
129 168
129 169
129 183
129 189
130 166
130 167
130 189
131 161
131 162
131 163
131 182
133 182
134 182
134 187
135 181
135 182
136 181
137 181
138 180
139 180
139 209
140 180
140 186
141 180
141 185
142 181
143 180
143 185
144 180
144 185
145 179
145 184
146 177
146 178
146 184
147 177
147 183
148 176
148 183
149 176
149 182
150 175
150 182
151 175
151 182
152 175
152 183
153 176
153 183
154 176
154 183
155 177
155 184
155 185
156 177
156 226
157 178
157 227
157 228
158 178
158 229
159 178
159 221
159 229
160 178
161 177
162 177
163 175
163 176
163 193
164 173
164 174
164 175
165 172
165 173
166 171
166 225
166 226
167 170
167 221
167 222
167 223
167 224
168 170
168 219
169 169
169 203
169 204
169 205
169 210
169 211
169 214
169 215
169 216
170 169
170 196
170 197
170 198
170 199
170 200
170 201
170 202
170 206
170 207
170 208
170 209
171 168
171 194
171 195
171 222
171 223
172 168
172 169
172 219
172 220
172 221
173 169
173 170
173 181
173 182
173 183
173 184
173 185
173 186
173 187
173 188
173 189
173 190
173 216
173 217
173 218
174 170
174 171
174 175
174 176
174 177
174 178
174 179
174 180
174 213
174 214
174 215
174 216
175 172
175 174
175 206
175 207
175 208
175 209
175 210
175 211
178 190
183 205
184 205
185 156
186 157
187 157
187 206
188 157
188 206
189 158
191 207
192 159
192 207
193 207
194 207
195 208
196 207
197 172
202 177
203 168
203 175
203 177
208 168
209 167
209 168
209 169
209 170
209 171
210 166
210 167
210 172
211 164
211 165
211 166
212 164
212 176
213 163
213 170
214 162
214 163
214 169
215 160
215 167
215 168
216 158
216 159
216 165
216 166
216 181
217 157
217 158
217 183
218 156
219 163
219 184
219 221
219 222
219 223
219 224
220 160
220 161
220 185
220 189
220 190
221 159
221 160
222 150
222 158
222 186
222 187
223 149
223 157
223 187
224 155
224 156
224 187
225 151
225 153
225 154
225 188
226 143
226 188
227 143
227 189
228 142
228 189
229 142
229 190
230 142
230 190
231 142
231 190
232 138
232 140
232 142
232 191
232 211
233 139
233 143
233 191
233 210
234 138
234 143
234 191
234 209
235 138
235 143
235 191
235 208
236 136
236 144
236 191
236 207
237 135
237 186
237 187
237 191
238 186
238 187
238 191
238 205
239 145
239 185
239 186
239 191
239 204
240 145
240 185
240 191
240 203
241 184
241 185
241 191
241 202
241 203
242 146
242 183
242 190
242 202
243 146
243 147
243 165
243 181
243 190
243 201
243 202
244 123
244 124
244 125
244 126
244 127
244 128
244 129
244 130
244 131
244 132
244 133
244 134
244 135
244 147
244 148
244 149
244 191
244 201
245 118
245 119
245 120
245 121
245 136
245 137
245 138
245 139
245 140
245 141
245 142
245 143
245 144
245 145
245 179
245 192
245 201
246 115
246 116
246 117
246 169
246 177
246 192
246 193
246 200
247 113
247 114
247 174
247 175
247 176
247 192
247 200
248 110
248 111
248 112
248 151
248 172
248 173
248 186
248 187
248 192
248 201
249 107
249 108
249 109
249 172
249 187
249 188
249 191
249 192
249 202
250 105
250 106
250 107
250 135
250 136
250 137
250 138
250 139
250 140
250 187
250 191
250 198
250 202
251 103
251 104
251 164
251 191
251 197
251 202
252 101
252 102
252 165
252 166
252 190
252 197
252 201
253 100
253 101
253 190
253 197
253 201
254 99
254 190
254 197
254 201
255 97
255 98
255 190
255 197
255 201
256 96
256 97
256 190
256 197
256 201
257 94
257 95
257 189
257 196
257 201
258 93
258 94
258 189
258 201
259 91
259 92
259 189
259 201
260 90
260 91
260 189
260 201
261 89
261 90
261 189
261 200
262 88
262 89
262 189
262 200
263 88
263 188
263 199
264 86
264 87
264 188
264 198
