41 238 144 44
32 256
41 266
41 267
42 247
42 248
42 249
42 267
43 246
43 247
44 217
44 218
44 246
44 269
44 270
45 246
45 271
47 235
47 236
48 230
48 234
48 237
48 238
48 239
48 240
48 241
48 242
48 243
49 233
50 248
50 277
50 278
51 248
51 250
51 251
51 278
51 279
52 239
52 240
52 242
52 243
52 244
52 245
52 251
52 252
52 279
53 253
53 254
53 279
54 245
54 253
54 280
55 245
55 281
56 246
56 253
56 281
57 246
57 253
57 281
58 247
58 280
59 248
59 254
59 255
59 280
60 256
60 280
61 248
61 257
61 280
62 248
63 247
64 247
64 249
64 250
65 249
65 250
66 250
68 249
69 249
70 249
71 246
72 247
74 247
75 247
76 247
77 247
78 248
79 248
79 249
80 249
81 249
82 250
83 250
84 249
84 250
85 247
85 250
86 247
86 251
87 247
87 251
87 252
87 253
88 248
88 253
88 254
89 249
89 254
89 257
89 258
90 249
90 258
91 249
91 258
92 249
92 259
93 259
94 259
95 259
96 259
97 260
98 260
99 261
100 241
100 261
101 261
102 261
103 261
104 261
105 261
106 261
107 262
108 262
117 235
117 236
118 228
118 229
118 230
118 231
118 232
118 233
118 234
118 237
118 262
119 221
119 222
119 223
119 224
119 225
119 226
119 227
119 238
119 239
119 262
121 263
122 263
123 264
134 275
135 276
153 280
157 278
158 278
159 278
160 278
161 278
162 278
163 278
164 278
165 278
166 278
167 278
168 278
169 278
170 278
171 278
172 278
173 277
173 278
174 277
175 276
176 276
177 276
178 276
179 276
180 276
181 275
182 275
183 275
184 275
185 274
186 274
187 273
188 273
189 272
190 272
191 271
191 272
192 270
192 271
193 270
194 269
195 268
196 267
