132 180 35 87
136 187
137 187
138 187
139 186
140 210
141 211
142 185
142 212
143 213
144 213
145 213
146 213
147 213
148 183
148 213
149 212
150 212
153 183
153 197
154 183
154 195
154 196
155 184
155 185
155 194
155 200
156 185
156 186
156 192
156 193
156 199
156 200
156 201
156 202
156 203
156 226
157 187
157 188
157 189
157 190
157 191
157 227
157 228
158 229
159 221
159 229
160 190
160 191
161 191
161 192
162 226
162 227
163 193
163 228
164 226
164 227
165 226
166 225
166 226
167 221
167 222
167 223
167 224
168 219
169 214
169 215
169 216
