42 87 77 55
43 140
44 141
45 140
46 140
47 140
48 140
49 140
50 139
51 138
52 138
53 137
54 137
55 136
55 137
56 136
57 136
58 136
59 136
60 136
61 136
62 136
63 135
64 135
65 134
66 134
67 133
67 134
68 133
69 84
69 132
70 85
70 86
70 87
70 88
70 89
70 131
71 130
71 131
72 130
73 129
74 129
75 129
76 128
76 129
77 128
78 128
79 128
80 128
81 128
81 139
82 104
82 128
82 140
82 141
83 102
83 103
83 105
83 129
83 130
83 141
84 99
84 100
84 101
84 131
84 132
84 141
85 132
85 141
86 132
86 140
87 133
87 134
87 139
87 140
88 135
88 137
88 138
88 139
89 135
89 140
90 135
90 140
91 135
92 136
93 136
94 136
95 136
96 136
97 136
98 136
99 136
100 137
101 137
102 137
103 137
104 138
105 97
106 97
107 98
109 80
109 88
109 98
109 99
109 100
109 101
109 102
109 103
109 104
109 105
109 107
109 108
109 112
109 113
109 114
109 115
109 116
109 117
109 118
110 93
110 94
110 95
110 96
110 97
110 98
110 106
110 109
110 110
110 111
110 119
111 120
