308 41 186 186
306 205
306 206
307 206
308 205
309 192
309 193
309 215
310 190
310 191
310 214
310 215
311 213
311 214
312 187
312 188
312 206
312 208
312 209
312 210
312 211
312 212
312 221
313 186
313 187
313 221
314 165
314 208
314 220
315 164
315 220
316 205
316 206
316 207
316 220
317 179
317 205
317 206
317 220
318 65
318 167
318 220
319 167
319 220
320 167
320 179
320 220
320 221
321 175
321 177
321 221
322 162
322 221
323 162
323 163
324 163
324 169
324 172
325 163
325 171
326 163
327 221
328 150
328 221
329 150
329 220
330 154
330 161
330 167
331 167
332 147
332 148
332 154
332 156
332 157
332 158
332 166
332 217
332 218
333 146
333 147
333 165
333 166
333 217
334 145
334 146
334 164
334 217
335 144
335 145
335 162
335 163
336 143
336 144
336 160
336 161
336 162
336 215
336 216
337 52
337 142
337 157
337 158
337 159
337 160
337 214
337 215
338 53
338 142
338 157
338 213
338 214
339 53
339 70
339 141
339 213
340 54
340 55
340 64
340 65
340 152
340 154
340 211
340 212
341 55
341 56
341 63
341 72
341 152
341 205
341 206
341 207
341 208
341 209
341 210
341 211
342 56
342 57
342 63
342 72
342 91
342 148
342 150
342 202
343 63
343 73
343 88
343 90
343 91
343 92
343 120
343 121
343 122
343 123
343 148
344 69
344 74
344 85
344 86
344 87
344 91
344 117
344 118
344 119
344 124
344 127
344 128
344 129
344 130
344 131
344 132
344 133
344 134
344 144
344 145
344 146
345 59
345 65
345 66
345 67
345 68
345 75
345 81
345 82
345 83
345 91
345 92
345 113
345 114
345 115
345 116
345 141
345 144
346 59
346 76
346 77
346 78
346 79
346 80
346 92
346 110
346 111
346 126
346 206
347 60
347 61
347 106
347 107
347 108
347 109
348 61
348 62
348 102
348 103
348 104
348 105
348 128
349 63
349 78
349 79
349 80
349 97
349 98
349 99
349 100
349 101
349 102
350 64
350 75
350 76
350 77
350 78
350 95
350 96
350 114
351 64
351 65
351 71
351 72
351 73
351 74
351 75
351 93
351 94
352 70
352 91
352 92
352 106
352 116
352 125
352 191
353 65
353 66
353 90
353 107
353 123
353 124
354 67
354 88
354 89
354 108
354 122
355 68
355 69
355 84
355 85
355 86
355 87
356 70
356 71
356 72
356 73
356 74
356 75
356 76
356 77
356 78
356 79
356 80
356 81
356 82
356 83
356 190
357 99
358 99
359 98
360 97
360 196
361 96
361 97
361 114
361 196
362 95
362 96
363 95
363 112
363 113
364 94
364 111
364 112
365 93
365 94
365 110
365 111
366 93
366 109
366 110
367 92
367 93
367 108
367 109
367 194
368 92
368 108
368 193
369 91
369 107
370 90
370 106
370 107
370 190
371 90
371 105
371 106
371 189
371 190
372 90
372 105
372 188
372 189
373 90
373 104
374 91
374 92
374 103
374 104
375 92
375 103
376 93
376 102
377 94
377 95
377 102
378 96
378 101
379 97
379 98
379 100
379 101
380 99
414 34
415 33
415 34
416 33
417 32
418 31
420 59
424 64
425 64
435 80
437 83
438 64
438 84
439 85
440 64
440 87
440 88
441 64
441 88
441 89
442 42
442 74
442 90
443 74
445 61
445 73
446 73
446 93
447 72
448 72
449 71
449 72
450 50
452 89
453 88
453 89
453 102
454 88
455 88
456 92
456 112
458 60
462 111
463 89
463 111
463 116
463 226
464 111
464 116
465 88
465 111
465 116
465 209
466 115
466 148
466 150
466 207
467 68
467 110
467 115
467 148
467 149
468 110
468 115
468 148
468 207
469 71
469 109
469 115
469 148
469 207
469 224
470 109
470 115
470 148
470 208
470 224
471 109
471 114
471 148
471 224
472 75
472 82
472 108
472 114
472 147
472 223
472 224
473 108
473 114
473 147
473 174
473 204
473 223
474 82
474 108
474 113
474 204
474 223
475 108
475 113
475 146
475 204
475 223
476 107
476 113
476 146
476 203
476 222
476 227
477 85
477 107
477 113
477 146
477 203
477 209
477 212
477 227
478 89
478 101
478 107
478 112
478 145
478 150
478 203
478 208
478 212
478 227
479 90
479 91
479 101
479 102
479 112
479 145
479 149
479 202
479 226
480 91
480 102
480 112
480 144
480 149
480 202
480 207
480 211
480 221
480 226
481 100
481 112
481 144
481 148
481 170
481 202
481 207
481 211
481 221
481 226
482 143
482 170
482 202
482 207
482 221
482 226
483 106
483 112
483 143
483 201
483 221
483 226
484 111
484 142
484 201
484 221
484 226
485 108
485 142
485 201
485 221
485 225
486 142
486 200
486 209
486 221
487 142
487 201
488 201
488 202
488 222
489 143
489 148
489 149
489 164
489 165
489 200
489 208
489 222
490 149
490 150
490 173
490 200
490 220
491 161
491 171
491 172
491 176
491 177
491 205
