250 288 32 64
252 308
252 309
253 307
253 308
254 307
255 306
256 305
259 303
262 300
262 301
263 299
263 300
263 346
263 347
264 344
264 345
265 343
265 344
267 297
268 296
269 295
269 296
270 295
271 294
271 328
273 293
274 323
275 292
275 314
275 315
275 322
275 323
276 291
276 313
276 314
276 321
277 291
277 313
277 320
278 313
278 319
278 320
279 312
279 313
279 319
280 289
280 312
280 318
281 311
281 317
281 318
282 310
282 311
282 317
283 309
283 310
283 316
284 308
284 309
284 315
284 316
285 308
286 307
286 308
287 307
288 306
288 307
289 306
290 305
291 304
291 305
292 304
293 303
294 303
295 302
296 302
297 302
298 301
299 301
300 300
301 300
302 299
303 299
304 299
305 298
305 299
306 298
307 298
308 298
