290 255 91 81
292 287
292 288
292 289
293 290
294 291
294 292
294 309
295 292
295 307
295 308
296 293
296 307
297 293
297 306
298 293
298 306
298 307
299 292
299 293
299 307
303 304
303 305
304 304
305 304
306 303
307 303
308 303
309 297
309 303
310 297
310 302
311 296
311 297
311 302
312 293
312 294
312 295
312 301
313 301
314 301
315 300
316 300
317 300
318 300
319 299
320 299
321 299
322 291
322 299
323 291
323 298
324 266
324 267
324 290
324 291
324 298
325 266
325 290
325 297
326 265
326 266
326 290
326 297
327 265
327 289
327 297
328 264
328 288
328 289
328 297
329 262
329 263
329 287
329 288
329 297
330 286
330 287
330 297
331 296
332 284
332 285
332 286
332 296
333 286
333 287
334 295
335 295
338 296
339 296
340 296
346 264
347 265
347 266
347 267
348 267
348 268
348 327
348 328
349 270
349 271
349 325
349 326
349 327
350 271
350 272
351 272
352 273
352 302
352 323
352 324
353 273
353 274
353 302
353 324
353 325
354 274
354 302
354 326
355 274
355 302
355 327
356 275
356 301
357 275
357 301
358 275
358 276
358 301
359 276
359 301
360 276
360 301
361 276
361 301
362 276
362 301
363 275
363 300
364 275
364 300
365 275
365 300
366 275
366 300
367 300
368 300
369 259
369 299
370 259
370 265
370 299
371 260
371 265
371 299
372 257
372 260
372 266
372 299
373 256
373 260
373 267
373 298
374 257
374 267
374 298
375 257
375 267
375 268
375 298
376 258
376 298
377 263
377 270
377 272
377 297
377 298
378 256
378 258
378 263
378 297
379 256
379 259
379 263
379 264
379 297
380 255
380 256
380 260
380 261
380 296
381 256
381 296
382 296
383 295
384 295
385 294
386 293
386 294
387 293
388 292
