305 200 37 92
304 220
305 219
306 205
306 206
307 205
307 206
309 205
309 215
310 204
310 214
310 215
311 204
311 213
311 214
312 205
312 208
312 209
312 210
312 211
312 212
314 208
315 203
315 207
315 208
316 204
316 205
316 206
316 207
317 205
317 206
328 288
329 287
329 288
330 219
330 286
330 287
331 219
332 217
332 218
332 284
332 285
332 286
333 217
333 286
333 287
334 217
335 216
339 212
341 204
342 201
342 203
343 199
343 200
344 198
344 199
345 197
346 196
346 197
347 195
347 196
348 195
349 194
350 193
351 192
353 191
354 190
355 190
357 190
358 191
