464 123 23 54
454 114
454 115
454 116
455 113
455 117
456 118
457 119
458 120
458 121
458 122
458 123
458 124
458 125
459 126
459 127
459 128
460 129
460 130
460 131
461 132
461 133
461 134
462 135
462 136
462 137
462 138
463 139
463 140
463 141
463 142
463 143
464 144
464 145
464 146
465 146
465 147
466 147
466 148
466 150
466 151
466 152
466 153
467 148
467 149
467 154
467 158
467 159
467 160
467 161
468 148
468 155
468 156
468 157
468 162
468 163
468 164
468 165
469 148
469 166
469 167
469 168
470 148
470 169
472 147
473 147
473 174
475 146
476 146
477 146
478 145
478 150
479 145
479 149
480 144
480 149
481 144
481 148
481 170
482 143
482 170
483 112
483 143
484 110
484 111
484 113
484 114
484 142
485 115
485 116
485 117
485 118
485 142
486 119
486 120
486 121
486 122
486 123
486 142
487 142
