111 200 66 25
116 206
117 205
118 205
119 220
120 217
120 218
120 219
121 208
121 215
121 216
121 217
122 213
122 214
122 215
140 210
147 213
148 213
149 212
150 212
169 203
169 204
169 205
169 210
169 211
170 196
170 197
170 198
170 199
170 200
170 201
170 202
170 206
170 207
170 208
170 209
171 194
171 195
171 222
171 223
172 219
172 220
172 221
173 181
173 182
173 183
173 184
173 185
173 186
173 187
173 188
173 189
173 190
173 216
173 217
173 218
174 175
174 176
174 177
174 178
174 179
174 180
174 213
174 214
174 215
174 216
175 174
175 206
175 207
175 208
175 209
175 210
175 211
