248 192 39 43
249 202
250 198
250 202
251 197
251 202
252 197
252 201
253 197
253 201
254 197
254 201
255 197
255 201
256 197
256 201
257 196
257 201
258 201
259 196
259 201
260 195
260 201
260 231
261 195
261 200
261 230
262 194
262 195
262 200
262 229
263 194
263 199
263 229
264 193
264 198
265 193
266 198
268 198
269 188
270 188
271 188
271 195
272 189
273 189
273 190
274 191
275 192
276 192
276 221
277 191
278 191
278 220
279 190
279 219
279 220
280 189
282 213
283 212
283 213
287 204
288 203
288 222
289 200
289 202
290 200
291 197
291 198
293 194
294 191
295 188
295 189
295 190
296 187
297 184
297 185
298 183
