323 124 105 101
322 162
323 162
323 163
323 173
324 163
324 169
324 172
324 173
325 163
325 170
325 171
325 172
326 163
326 169
326 170
327 169
327 221
328 150
328 168
328 221
329 150
329 154
329 167
329 168
329 220
330 154
330 161
330 167
331 154
331 167
332 147
332 148
332 154
332 155
332 156
332 157
332 158
332 166
332 217
332 218
333 146
333 147
333 165
333 166
333 217
334 145
334 146
334 164
334 217
335 144
335 145
335 162
335 163
336 143
336 144
336 160
336 161
336 215
336 216
337 142
337 157
337 158
337 159
337 160
337 214
337 215
338 142
338 157
338 213
338 214
339 141
339 213
340 152
340 154
340 211
340 212
341 152
341 205
341 206
341 207
341 208
341 209
341 210
341 211
342 148
342 150
342 202
343 120
343 121
343 122
343 123
343 148
344 117
344 118
344 119
344 124
344 127
344 128
344 129
344 130
344 131
344 132
344 133
344 134
344 144
344 145
344 146
345 113
345 114
345 115
345 116
345 141
345 144
346 110
346 111
346 126
346 206
347 106
347 107
347 108
347 109
348 102
348 103
348 104
348 105
348 128
349 97
349 98
349 99
349 100
349 101
349 102
350 95
350 96
352 125
352 191
353 123
353 124
356 190
360 196
361 196
367 194
368 193
370 190
371 189
371 190
372 188
372 189
