141 141 146 211
109 287
110 287
111 287
112 288
133 274
135 275
136 142
136 276
137 142
137 276
138 143
138 276
139 143
139 276
140 143
140 144
140 210
140 276
141 144
141 211
141 276
142 145
142 185
142 212
143 145
143 213
144 146
144 213
145 146
145 213
146 147
146 213
147 148
147 213
148 183
148 213
149 212
150 212
152 287
153 183
153 197
153 281
153 285
153 286
154 183
154 184
154 195
154 196
154 282
154 283
154 284
155 184
155 185
155 194
155 200
156 185
156 186
156 192
156 193
156 199
156 200
156 201
156 202
156 203
156 207
156 208
156 209
156 223
156 224
156 225
157 187
157 188
157 189
157 190
157 191
157 204
157 205
157 206
157 210
157 223
158 211
158 215
158 216
158 217
158 218
158 219
158 222
158 228
159 212
159 214
159 220
159 222
160 190
160 191
160 222
161 191
161 192
161 230
162 193
162 194
162 226
162 227
162 229
163 228
164 226
164 227
165 226
168 212
168 217
168 218
168 220
169 202
170 290
170 291
171 292
172 191
172 192
172 193
172 296
172 297
173 298
176 201
176 202
176 203
176 204
176 205
176 206
176 207
177 193
177 194
177 195
177 196
178 191
178 192
181 205
181 326
182 205
182 326
182 327
182 328
182 329
182 330
182 331
183 332
183 333
183 334
183 335
183 336
184 337
184 338
185 205
185 338
185 339
186 205
186 339
186 340
186 341
186 342
187 206
187 343
187 344
187 345
188 345
188 346
188 349
189 206
189 347
190 206
191 236
192 207
192 235
192 236
192 271
193 207
193 234
193 235
194 207
194 232
194 233
194 234
195 208
195 232
196 231
196 232
196 267
196 268
197 207
197 231
197 266
197 267
198 230
198 231
198 265
198 266
199 229
199 230
199 264
199 265
200 228
200 263
200 264
201 229
201 262
201 263
202 229
202 261
202 262
203 168
203 229
203 260
203 261
204 175
204 229
204 258
204 259
205 226
205 229
205 230
205 231
205 257
205 258
206 225
206 226
206 229
206 255
206 256
206 257
207 225
207 226
207 254
207 255
208 225
208 226
208 252
208 253
209 225
209 251
209 252
210 172
210 224
210 249
210 250
210 251
210 257
210 258
211 223
211 248
211 249
211 257
211 260
212 163
212 176
212 222
212 246
212 247
212 332
212 333
212 334
212 335
212 336
212 337
212 338
212 339
212 340
213 222
213 244
213 328
213 329
213 330
213 331
213 341
213 342
213 343
213 344
213 345
213 346
213 347
213 348
214 161
214 169
214 220
214 221
214 242
214 268
214 325
214 326
214 327
215 159
215 160
215 161
215 167
215 220
215 240
215 242
215 267
215 323
215 324
215 325
216 165
216 166
216 181
216 219
216 238
216 321
216 322
216 334
216 335
216 336
216 337
216 338
216 343
216 344
216 345
217 183
217 204
217 205
217 206
217 207
217 208
217 234
217 235
217 236
217 237
217 319
217 320
217 330
217 331
217 332
217 333
217 339
217 340
217 341
217 346
217 347
217 348
218 183
218 193
218 194
218 203
218 206
218 209
218 225
218 226
218 227
218 327
218 328
218 329
219 155
219 162
219 163
219 184
219 185
219 191
219 192
219 195
219 196
219 210
219 221
219 222
219 223
219 224
219 325
219 327
220 153
220 154
220 185
220 189
220 197
220 198
220 199
220 200
220 201
220 202
220 211
220 213
220 214
220 215
220 216
220 217
220 218
220 219
220 220
220 234
220 324
221 151
221 152
221 212
221 230
221 231
221 232
221 321
221 323
222 158
222 186
222 187
222 229
222 230
222 314
222 320
223 148
223 187
223 227
223 228
223 242
223 313
224 146
224 147
224 155
224 187
224 223
224 224
224 225
224 226
224 240
224 241
224 312
225 144
225 145
225 151
225 153
225 221
225 222
225 223
225 233
225 234
225 235
225 239
225 319
226 144
226 152
226 188
226 219
226 220
226 230
226 231
226 232
226 236
226 238
226 310
226 317
226 318
227 189
227 217
227 218
227 237
227 238
227 316
228 189
228 215
228 216
228 238
228 315
229 214
229 215
229 309
229 310
229 311
229 312
229 314
230 213
230 214
230 308
231 212
231 213
231 309
232 191
232 210
232 211
232 235
232 236
232 300
232 301
232 302
232 308
233 191
233 209
233 210
233 236
233 297
233 298
233 299
233 303
233 304
233 305
233 306
233 307
233 308
234 191
234 208
234 209
234 236
234 253
234 254
234 296
234 303
234 304
235 191
235 207
235 208
235 236
235 252
235 253
235 295
235 303
236 191
236 206
236 207
236 235
236 252
236 302
236 303
237 186
237 187
237 191
237 205
237 206
237 235
237 238
237 251
237 293
237 302
238 187
238 191
238 204
238 205
238 235
238 238
238 250
238 251
239 185
239 186
239 191
239 204
239 235
239 239
239 250
240 185
240 191
240 203
240 238
240 249
241 184
241 185
241 191
241 202
241 203
241 238
241 248
241 249
242 146
242 183
242 190
242 202
242 238
242 247
242 248
243 146
243 165
243 181
243 190
243 201
243 202
243 237
243 247
244 122
244 123
244 124
244 125
244 126
244 127
244 128
244 129
244 130
244 131
244 132
244 133
244 134
244 135
244 146
244 147
244 148
244 168
244 191
244 201
244 237
244 246
245 118
245 119
245 120
245 121
245 136
245 137
245 138
245 139
245 140
245 141
245 142
245 143
245 144
245 145
245 179
245 192
245 201
245 237
245 246
246 115
246 116
246 117
246 169
246 177
246 192
246 193
246 200
246 237
246 245
247 113
247 114
247 174
247 175
247 176
247 192
247 200
247 236
247 244
247 245
247 272
247 273
247 283
248 110
248 111
248 112
248 151
248 152
248 153
248 172
248 186
248 187
248 192
248 201
248 236
248 244
248 281
249 107
249 108
249 109
249 154
249 155
249 156
249 187
249 188
249 191
249 192
249 202
249 235
249 243
249 280
250 105
250 106
250 107
250 157
250 158
250 159
250 187
250 191
250 198
250 202
250 235
250 243
250 268
251 103
251 104
251 164
251 171
251 191
251 197
251 202
251 235
251 242
251 267
251 268
251 276
251 309
252 101
252 102
252 165
252 166
252 190
252 197
252 201
252 234
252 241
253 100
253 101
253 190
253 197
253 201
253 234
253 240
253 241
253 265
253 271
254 99
254 171
254 190
254 197
254 201
254 233
254 239
254 240
255 97
255 98
255 171
255 172
255 190
255 197
255 201
255 233
255 239
255 263
255 268
255 269
256 96
256 97
256 172
256 190
256 197
256 201
256 232
256 233
256 238
257 94
257 95
257 189
257 196
257 201
257 232
257 237
257 238
257 267
257 304
257 305
258 93
258 94
258 174
258 189
258 201
258 231
258 232
258 236
258 237
258 304
259 91
259 92
259 175
259 176
259 177
259 178
259 189
259 196
259 201
259 231
259 236
259 257
259 261
259 303
260 90
260 91
260 189
260 195
260 201
260 230
260 231
260 235
260 265
260 302
261 89
261 90
261 179
261 189
261 195
261 200
261 230
261 234
261 235
261 264
261 301
262 88
262 89
262 189
262 194
262 195
262 200
262 229
262 230
262 233
262 234
263 88
263 180
263 181
263 188
263 194
263 199
263 229
263 263
263 300
263 346
263 347
264 86
264 87
264 181
264 193
264 198
264 229
264 298
264 299
264 344
264 345
265 182
265 183
265 193
265 198
265 229
265 298
265 343
265 344
266 183
266 188
266 198
266 229
266 298
267 184
267 188
267 197
267 228
268 184
268 185
268 188
268 197
268 198
268 227
268 228
268 297
269 185
269 188
269 196
269 227
270 185
270 186
270 188
270 196
270 226
270 227
271 188
271 195
271 225
271 226
271 328
272 185
272 189
272 224
272 225
272 293
272 294
273 184
273 185
273 189
273 190
273 223
273 224
274 184
274 191
274 222
274 223
274 292
275 183
275 184
275 192
275 222
275 244
275 315
276 183
276 192
276 221
276 222
276 313
277 182
277 183
277 191
277 221
277 313
278 182
278 191
278 220
278 290
278 313
279 181
279 182
279 190
279 218
279 219
279 220
279 290
279 312
280 181
280 189
280 290
281 180
281 189
281 289
282 179
282 180
282 189
282 213
283 179
283 188
283 189
283 212
283 213
283 233
283 234
284 176
284 178
284 187
285 176
285 186
285 187
285 232
286 176
286 185
286 186
286 230
287 175
287 176
287 184
287 204
288 174
288 175
288 183
288 203
288 222
289 173
289 182
289 200
289 202
290 181
290 182
290 200
291 180
291 181
291 197
291 198
292 179
292 180
293 178
293 179
293 194
294 177
294 178
294 191
295 177
295 188
295 189
295 190
296 176
296 187
297 175
297 184
297 185
298 174
298 175
298 183
299 173
299 174
300 172
300 173
301 172
302 171
303 170
303 171
