7 0 59 157
28 152
29 151
30 150
31 149
31 150
32 148
32 149
33 147
33 148
34 146
34 147
35 145
36 144
37 143
38 142
38 143
39 142
40 141
41 141
42 140
43 140
44 141
45 140
46 140
47 140
48 140
49 140
50 139
51 138
52 138
53 45
53 47
53 137
54 43
54 44
54 45
54 48
54 137
54 150
54 151
55 42
55 136
55 137
55 151
56 41
56 136
56 151
57 7
57 8
57 9
57 10
57 11
57 12
57 13
57 14
57 18
57 40
57 136
57 150
58 15
58 16
58 17
58 19
58 39
58 40
58 136
58 143
58 144
58 145
58 146
58 147
58 148
58 149
58 150
58 151
59 16
59 19
59 32
59 136
59 142
59 156
60 20
60 31
60 33
60 35
60 36
60 40
60 41
60 42
60 136
60 155
60 156
61 23
61 24
61 25
61 28
61 29
61 37
61 39
61 40
61 41
61 136
61 154
61 155
62 38
62 39
62 136
63 38
63 135
64 6
64 7
64 8
64 9
64 10
64 135
65 134
66 134
67 133
67 134
68 133
69 132
70 131
71 130
71 131
72 130
73 129
74 129
75 129
76 128
76 129
77 128
78 128
