186 116 61 34
222 150
223 149
226 143
227 143
228 142
229 142
230 142
231 142
232 138
232 140
232 142
233 139
233 143
234 138
234 143
235 138
235 143
236 136
236 144
237 135
237 144
238 144
239 145
240 145
241 146
242 146
243 146
243 147
244 123
244 124
244 125
244 126
244 127
244 128
244 129
244 130
244 131
244 132
244 133
244 134
244 135
244 147
244 148
244 149
245 118
245 119
245 120
245 121
245 136
245 137
245 138
245 139
245 140
245 141
245 142
245 143
245 144
245 145
246 115
246 116
246 117
247 113
247 114
248 110
248 111
248 112
249 107
249 108
249 109
250 105
250 106
250 107
251 103
251 104
252 101
252 102
253 100
253 101
254 99
255 97
255 98
256 96
256 97
257 94
257 95
258 93
258 94
259 91
259 92
260 90
260 91
261 89
261 90
262 88
262 89
263 88
264 86
264 87
