32 81 77 61
43 140
44 141
45 140
46 140
47 140
48 140
49 140
50 139
51 138
52 138
53 137
54 137
55 136
55 137
56 136
57 136
58 136
59 136
60 136
61 136
62 136
63 135
64 135
65 134
66 134
67 133
67 134
68 133
69 84
69 90
69 91
69 93
69 94
69 95
69 96
69 132
70 85
70 86
70 87
70 88
70 89
70 92
70 131
71 130
71 131
72 130
73 129
74 129
75 129
76 128
76 129
77 128
78 128
79 128
80 128
81 128
81 139
82 128
82 140
82 141
83 103
83 129
83 130
83 141
84 131
84 132
84 141
85 132
85 141
86 132
86 140
87 133
87 134
87 139
87 140
88 135
88 137
88 138
88 139
89 135
89 140
90 135
90 140
91 135
92 136
93 136
94 136
95 136
96 136
97 136
98 136
99 136
100 137
101 137
102 98
102 137
103 137
104 97
104 138
105 97
106 97
107 98
