318 160 33 49
318 167
319 167
319 179
320 167
320 172
320 173
320 178
320 179
321 174
321 175
321 176
321 177
321 178
322 162
323 162
323 163
323 173
324 163
324 169
324 172
324 173
325 163
325 170
325 171
325 172
326 163
326 169
326 170
327 169
328 168
329 154
329 167
329 168
330 154
330 161
330 167
331 154
331 167
332 154
332 155
332 156
332 157
332 158
332 159
332 166
333 165
333 166
334 164
335 162
335 163
336 160
336 161
337 157
337 158
337 159
337 160
338 157
340 152
340 154
341 152
341 204
341 205
341 206
341 207
342 148
342 150
342 201
342 203
343 148
343 199
343 200
344 144
344 145
344 146
344 198
344 199
345 139
345 140
345 141
345 142
345 143
345 144
345 197
345 207
346 196
346 197
347 195
347 196
347 204
347 205
348 194
348 203
349 193
349 200
349 201
352 191
353 191
354 190
355 190
356 190
357 190
358 191
