33 0 52 107
35 56
36 56
37 57
37 58
38 59
53 46
55 42
56 41
57 7
57 8
57 9
57 10
57 11
57 12
57 13
57 14
57 18
57 40
58 15
58 16
58 17
58 19
58 39
58 40
59 16
59 19
59 32
60 20
60 30
60 31
60 33
60 34
60 35
60 36
60 40
60 41
60 42
61 22
61 23
61 24
61 25
61 26
61 27
61 28
61 29
61 37
61 39
61 40
61 41
62 21
62 38
62 39
63 19
63 20
63 38
64 6
64 7
64 8
64 9
64 10
64 11
64 12
64 13
64 14
64 15
64 16
64 17
64 18
69 84
69 90
69 91
69 93
69 94
69 95
69 96
70 85
70 86
70 87
70 88
70 89
70 92
83 103
85 98
86 97
86 98
87 97
88 97
89 97
90 97
91 97
92 97
93 97
94 97
95 97
96 97
97 97
98 97
99 97
100 98
101 98
102 98
