118 145 112 143
89 257
89 258
111 178
111 179
112 179
112 180
112 181
114 182
115 183
116 184
116 185
116 206
117 185
117 186
117 205
117 235
117 236
118 186
118 205
118 228
118 229
118 230
118 231
118 232
118 233
118 234
118 237
119 187
119 220
119 221
119 222
119 223
119 224
119 225
119 226
119 227
120 171
120 173
120 175
120 176
120 177
120 187
120 217
120 218
120 219
121 165
121 166
121 167
121 168
121 169
121 170
121 175
121 177
121 178
121 179
121 188
121 208
121 215
121 216
121 217
122 180
122 181
122 183
122 188
122 213
122 214
122 215
124 163
124 174
124 189
125 161
125 162
125 163
125 174
125 183
125 189
126 161
126 162
126 174
126 175
126 184
127 162
127 172
127 183
127 189
128 162
128 170
128 171
128 183
129 164
129 165
129 168
129 169
130 166
130 167
130 183
131 188
132 182
132 188
133 188
135 181
136 142
136 181
136 187
137 142
137 181
137 187
138 143
138 187
139 143
139 186
140 143
140 144
141 144
141 180
142 145
142 185
143 145
144 146
144 180
144 213
145 146
145 213
146 213
147 213
148 183
148 213
149 212
150 212
151 175
152 287
153 183
153 197
153 281
153 285
153 286
154 183
154 184
154 195
154 196
154 282
154 283
154 284
155 184
155 185
155 194
155 200
156 185
156 186
156 192
156 193
156 199
156 200
156 201
156 202
156 203
156 207
156 208
156 209
156 223
156 224
156 225
157 187
157 188
157 189
157 190
157 191
157 204
157 205
157 206
157 210
157 223
158 211
158 215
158 216
158 217
158 218
158 219
158 222
159 212
159 214
159 220
159 222
160 178
160 190
160 191
160 222
161 177
161 191
161 192
162 177
162 193
162 194
163 175
163 176
164 173
164 174
164 175
165 172
165 173
166 171
168 212
168 217
168 218
168 220
169 202
169 203
170 196
170 197
170 198
170 199
170 200
170 201
170 202
170 206
171 194
171 195
172 191
172 192
172 193
172 220
172 221
173 181
173 182
173 183
173 184
173 185
173 186
173 187
173 188
173 189
173 190
174 175
174 176
174 177
174 178
174 179
174 180
174 213
174 214
174 215
174 216
175 172
175 174
175 206
175 207
175 208
175 209
175 210
175 211
176 201
176 202
176 203
176 204
176 205
176 206
176 207
177 193
177 194
177 195
177 196
178 190
178 191
178 192
183 205
185 205
186 205
187 206
189 206
190 206
192 207
192 235
192 271
193 207
193 234
193 235
194 207
195 208
196 207
196 267
196 268
197 207
197 231
197 266
197 267
198 231
198 265
198 266
199 264
199 265
200 263
200 264
201 262
201 263
202 261
202 262
203 168
203 260
203 261
204 258
204 259
205 226
205 232
205 257
205 258
206 226
206 257
207 226
207 254
207 255
208 252
208 253
209 167
209 168
209 169
209 252
210 166
210 167
210 172
210 250
210 251
210 257
210 258
211 164
211 165
211 166
211 248
211 249
211 257
211 260
212 163
212 164
212 176
212 247
213 163
213 170
213 245
214 161
214 162
214 163
214 169
214 243
215 159
215 160
215 161
215 167
215 168
215 240
215 241
215 242
216 158
216 159
216 165
216 166
216 181
216 239
217 157
217 158
217 183
217 237
218 156
219 155
219 162
219 163
219 184
219 221
219 222
219 223
219 224
220 153
220 154
220 160
220 161
220 189
220 234
221 151
221 159
221 160
221 232
222 150
222 158
222 230
223 149
223 157
223 228
224 146
224 147
224 155
224 156
224 224
224 225
225 144
225 145
225 151
225 153
225 154
225 223
225 233
225 234
225 235
226 144
226 230
226 231
226 232
226 236
227 218
227 237
228 238
232 211
233 210
234 209
235 208
236 207
238 205
239 204
240 203
241 202
241 203
242 202
243 201
243 202
244 201
245 201
246 200
247 200
248 201
