105 84 37 72
88 145
89 145
90 144
91 144
92 145
93 145
94 144
95 144
96 144
97 144
98 144
99 144
100 144
101 145
102 145
103 145
104 145
105 145
106 145
107 146
108 146
109 76
109 77
109 78
109 79
109 80
109 81
109 82
109 83
109 84
109 85
109 86
109 87
109 89
109 90
109 91
109 92
109 146
110 75
110 119
110 146
110 150
111 120
111 146
111 149
112 148
112 149
113 147
113 148
114 147
114 149
115 145
116 145
117 145
117 153
117 154
118 145
118 153
119 145
119 153
120 145
120 153
121 146
121 153
122 146
122 153
123 146
123 153
124 146
124 153
125 153
125 154
126 149
126 153
126 154
127 149
127 153
128 149
129 149
130 149
131 149
132 150
133 150
134 150
135 150
136 151
137 151
138 151
139 151
140 151
