318 288 71 61
322 291
323 291
324 290
324 291
325 290
326 290
327 289
328 288
328 289
329 287
329 288
330 286
330 287
335 296
336 296
337 296
338 296
339 296
340 296
344 304
345 304
346 303
347 303
348 303
348 328
349 302
350 302
351 302
352 302
352 323
352 324
353 302
353 324
353 325
354 302
354 326
355 302
355 327
356 301
357 301
358 301
359 301
360 301
361 301
362 301
363 300
364 300
365 300
366 300
367 300
368 300
369 299
370 299
371 299
372 299
373 298
374 298
375 298
376 298
377 297
377 298
378 297
379 297
380 296
381 296
382 296
383 295
384 295
385 294
386 293
386 294
387 293
388 292
