270 304 87 30
271 327
271 329
272 326
272 327
274 323
274 324
275 314
275 322
275 323
276 314
276 321
277 320
278 319
278 320
279 313
279 319
280 312
280 318
281 311
281 317
281 318
282 310
282 311
282 317
283 309
283 310
283 316
284 308
284 309
284 315
284 316
285 308
286 307
286 308
286 314
287 307
287 313
288 306
288 307
288 312
289 306
289 312
290 305
290 311
291 304
291 305
291 310
292 304
293 303
294 303
294 309
295 302
295 307
295 308
296 302
296 307
297 302
297 306
298 301
298 306
298 307
299 301
299 307
300 300
301 300
302 299
303 299
303 304
303 305
304 299
304 304
305 298
305 299
305 304
306 298
306 303
307 298
307 303
308 298
308 303
309 303
310 302
311 302
312 301
313 301
314 301
315 300
316 300
317 300
318 300
319 299
320 299
321 299
322 299
323 298
324 298
325 297
326 297
327 297
328 297
329 297
330 297
331 296
332 296
333 296
333 327
334 295
334 327
335 295
335 328
336 328
337 328
338 328
339 328
340 327
341 327
344 304
345 304
346 303
347 303
348 303
348 327
349 302
349 325
349 326
349 327
350 302
351 302
352 302
352 323
352 324
353 302
353 324
353 325
354 302
354 326
355 302
355 327
355 330
355 331
356 301
356 328
356 329
357 301
358 301
359 301
360 301
361 301
362 301
363 300
364 300
365 300
366 300
367 300
368 300
369 299
370 299
371 299
372 299
373 298
374 298
375 298
376 298
377 297
377 298
378 297
379 297
380 296
381 296
382 296
383 295
384 295
385 294
386 293
386 294
387 293
388 292
