400 285 54 67
416 337
416 338
417 336
417 344
418 335
418 343
418 344
419 334
419 335
419 342
419 343
420 332
420 333
420 334
420 341
420 342
421 330
421 331
421 332
421 340
421 341
422 328
422 329
422 339
423 326
423 327
423 328
423 337
423 338
424 325
424 326
424 335
424 336
424 337
425 322
425 323
425 324
425 334
425 335
426 320
426 321
426 333
426 334
427 318
427 319
427 331
427 332
427 333
428 315
428 329
428 330
428 331
429 312
429 313
429 328
429 329
430 310
431 306
431 307
431 308
433 301
434 297
434 298
434 299
434 300
435 297
436 293
436 294
437 290
437 291
437 292
437 293
438 284
438 285
438 289
439 286
439 287
439 288
439 289
