300 161 107 37
304 170
304 194
305 170
305 194
306 169
306 194
307 168
307 169
307 194
308 168
308 193
308 194
309 167
309 192
309 193
310 167
310 190
310 191
311 166
312 166
312 187
312 188
313 165
313 186
313 187
314 164
314 165
315 163
315 164
315 182
316 162
316 163
316 180
316 181
316 182
317 161
317 162
317 179
317 180
318 160
318 161
318 167
319 159
319 167
319 179
320 158
320 159
320 167
320 172
320 173
320 178
320 179
321 158
321 174
321 175
321 176
321 177
321 178
322 156
322 157
322 162
323 155
323 156
323 162
323 163
323 173
324 153
324 163
324 169
324 172
324 173
325 163
325 170
325 171
325 172
326 163
326 169
326 170
327 169
328 168
329 154
329 167
329 168
330 154
330 161
330 167
331 154
331 167
332 154
332 155
332 156
332 157
332 158
332 159
332 166
333 165
333 166
334 164
335 162
335 163
336 160
336 161
337 157
337 158
337 159
337 160
338 157
340 152
340 154
341 152
342 148
342 150
343 148
344 144
344 145
344 146
345 139
345 140
345 141
345 142
345 143
345 144
348 194
349 193
360 196
361 196
367 194
368 193
