203 140 37 97
202 174
203 168
203 169
203 176
203 229
204 169
204 170
204 175
205 170
205 232
206 174
206 225
206 229
207 174
207 225
208 174
208 225
208 226
209 172
209 174
209 225
210 174
210 224
211 174
211 175
211 223
212 163
212 176
212 222
213 177
213 222
214 161
214 169
214 177
214 178
214 220
214 221
215 159
215 160
215 161
215 167
215 179
215 180
215 220
216 165
216 166
216 180
216 181
216 219
217 182
217 183
217 204
217 205
217 206
217 207
217 208
218 183
218 184
218 193
218 194
218 203
218 206
218 209
218 225
218 226
218 227
219 155
219 162
219 163
219 184
219 185
219 191
219 192
219 195
219 196
219 210
219 221
219 222
219 223
219 224
220 153
220 154
220 185
220 186
220 190
220 197
220 198
220 199
220 200
220 201
220 202
220 211
220 213
220 214
220 215
220 216
220 217
220 218
220 219
220 220
220 232
220 233
220 234
221 151
221 152
221 212
221 232
222 158
222 186
222 187
222 230
223 148
223 187
223 228
224 146
224 147
224 155
224 187
224 224
224 225
225 144
225 145
225 151
225 153
225 188
225 223
226 144
226 152
226 188
227 189
227 218
228 189
229 190
230 190
231 190
232 191
232 211
233 138
233 191
233 210
234 137
234 191
234 209
235 208
236 207
237 186
237 187
238 186
238 187
238 205
239 185
239 186
239 204
240 185
240 203
241 184
241 185
241 203
242 183
