280 68 35 39
278 88
278 90
281 87
282 87
282 88
283 88
284 89
285 89
285 90
286 88
286 89
287 88
288 88
288 96
289 88
290 87
290 98
290 105
291 87
291 98
291 105
292 87
292 99
292 104
292 105
293 87
293 99
293 100
293 104
294 86
294 99
294 100
294 103
294 104
295 103
296 103
297 87
297 102
298 87
298 102
299 87
299 101
300 76
300 87
301 86
301 87
301 88
301 98
302 88
302 89
302 90
302 91
302 92
307 76
308 75
308 76
309 74
309 75
310 73
310 74
311 72
311 73
312 71
312 72
313 70
313 71
314 70
315 69
316 67
316 68
317 66
317 67
