256 228 80 57
256 233
257 232
258 231
258 232
258 258
258 259
258 260
258 261
259 231
260 230
260 256
260 262
261 255
262 230
262 253
262 254
263 253
264 229
264 252
265 229
265 250
265 251
266 229
266 249
266 250
266 251
267 228
267 248
268 227
268 228
268 246
268 247
268 248
268 259
268 260
269 227
269 244
269 245
269 256
269 257
269 258
270 226
270 227
270 243
270 244
270 254
270 255
271 225
271 226
271 241
271 242
271 253
271 254
272 224
272 225
272 240
272 251
272 252
273 223
273 224
273 238
273 249
273 250
273 251
274 223
274 236
274 237
274 246
274 247
274 248
274 249
275 234
275 235
275 243
275 244
275 245
276 234
276 240
276 241
276 242
276 243
277 240
278 240
279 234
279 235
279 236
279 237
279 239
279 240
280 234
280 238
280 239
281 234
282 228
282 234
283 225
283 226
283 228
284 225
284 226
284 227
284 232
284 233
285 231
285 232
286 230
287 229
288 229
289 228
291 227
294 226
299 223
300 217
300 221
300 222
301 218
301 219
301 220
301 221
302 217
304 215
305 214
306 213
324 266
324 267
325 266
326 265
326 266
327 265
328 264
329 262
329 263
