342 228 103 64
346 264
347 265
347 266
347 267
348 267
348 268
348 269
349 270
349 271
350 271
350 272
351 272
352 273
353 273
353 274
354 274
355 274
356 275
369 259
370 259
370 265
371 260
371 265
372 257
372 260
372 266
373 232
373 240
373 241
373 256
373 260
373 267
374 231
374 242
374 257
374 267
375 232
375 233
375 243
375 244
375 245
375 257
375 267
376 233
376 234
376 245
376 246
376 247
376 248
376 250
376 258
376 269
377 234
377 235
377 251
377 263
378 235
378 236
378 252
378 256
378 258
378 270
378 271
378 272
379 236
379 237
379 238
379 252
379 256
379 259
380 239
380 240
380 255
380 256
380 262
380 263
381 241
381 242
381 243
381 244
381 257
381 261
382 244
382 245
382 246
382 247
382 248
382 256
382 262
383 249
383 250
383 251
383 252
383 253
383 254
383 255
384 253
385 254
424 268
425 267
425 268
426 267
427 266
428 266
429 265
430 264
431 264
432 263
433 258
433 263
434 258
434 259
434 262
435 258
435 259
435 262
436 258
436 259
436 262
437 258
438 258
438 262
439 257
439 262
440 257
440 261
440 279
440 280
440 281
441 258
441 261
441 279
442 258
442 277
442 278
443 275
443 276
443 277
445 272
445 273
446 269
446 270
446 271
447 268
