305 160 35 78
304 170
304 220
305 170
305 219
305 220
306 169
306 205
306 206
307 168
307 169
307 205
307 206
308 168
308 205
309 167
309 192
309 193
309 215
310 167
310 190
310 191
310 214
310 215
311 166
311 213
311 214
312 166
312 187
312 188
312 206
312 208
312 209
312 210
312 211
312 212
312 221
313 165
313 186
313 187
313 221
314 164
314 165
314 208
314 220
315 163
315 164
315 182
315 220
316 162
316 163
316 180
316 181
316 182
316 205
316 206
316 207
316 220
317 161
317 162
317 179
317 180
317 205
317 206
317 220
318 160
318 161
318 167
318 220
319 159
319 167
319 179
319 220
320 158
320 159
320 167
320 172
320 173
320 178
320 179
320 220
320 221
321 158
321 174
321 175
321 176
321 177
321 178
321 221
322 156
322 157
322 162
322 221
323 155
323 156
323 162
323 163
323 173
324 153
324 163
324 169
324 172
324 173
325 163
325 170
325 171
325 172
326 163
326 169
326 170
327 169
327 221
328 168
328 221
329 154
329 167
329 168
329 220
330 154
330 161
330 167
331 154
331 167
332 154
332 155
332 156
332 157
332 158
332 159
332 166
333 165
333 166
334 164
335 162
335 163
335 216
336 160
336 161
337 157
337 158
337 159
337 160
338 157
339 212
340 152
340 154
341 152
342 148
342 150
343 148
344 144
344 145
344 146
345 139
345 140
345 141
345 142
345 143
