142 145 64 67
136 142
137 142
138 143
139 143
140 143
140 144
141 144
141 185
142 145
142 185
143 145
143 185
144 146
144 185
145 146
145 184
146 147
147 148
147 183
148 183
149 182
150 182
151 182
152 175
152 183
153 176
153 197
154 176
154 184
154 195
154 196
155 177
155 194
155 200
156 177
156 185
156 186
156 192
156 193
156 199
156 200
156 201
156 202
156 203
156 207
156 208
156 209
157 178
157 187
157 188
157 189
157 190
157 191
157 204
157 205
157 206
157 210
158 178
158 211
159 178
159 212
160 190
160 191
161 191
161 192
162 193
162 194
168 212
169 202
169 203
169 204
169 205
169 210
169 211
170 196
170 197
170 198
170 199
170 200
170 201
170 202
170 206
170 207
170 208
170 209
171 194
171 195
172 191
172 192
172 193
173 181
173 182
173 183
173 184
173 185
173 186
173 187
173 188
173 189
173 190
174 175
174 176
174 177
174 178
174 179
174 180
175 172
175 174
175 206
175 207
175 208
175 209
175 210
175 211
176 201
176 202
176 203
176 204
176 205
176 206
176 207
177 193
177 194
177 195
177 196
178 190
178 191
178 192
181 205
182 205
183 205
184 205
187 206
188 206
191 207
192 207
193 207
194 207
195 208
196 207
197 172
202 177
203 168
203 175
203 177
