48 160 78 31
51 188
52 187
53 185
54 185
56 158
56 183
57 159
57 160
57 169
57 176
57 177
58 160
58 161
58 168
58 169
58 174
58 175
58 179
58 180
58 181
59 161
59 173
59 179
60 172
60 178
61 162
61 177
62 163
62 164
62 165
62 166
62 169
62 170
62 171
62 175
62 176
63 160
63 161
63 167
63 168
63 174
63 175
64 156
64 157
64 158
64 160
65 155
65 156
106 155
106 156
106 157
106 164
106 165
106 166
107 153
107 154
107 158
107 159
107 160
107 161
107 162
107 163
107 167
107 168
107 169
107 170
108 152
108 171
108 172
108 173
108 174
108 175
109 176
109 177
110 177
111 178
111 179
112 179
112 180
112 181
113 182
114 157
114 158
114 159
114 160
114 161
114 162
114 163
114 164
114 165
114 166
114 167
114 168
114 169
114 170
114 171
114 172
114 173
114 176
114 177
114 182
115 155
115 156
115 157
115 175
115 176
115 183
116 184
116 185
117 185
117 186
118 186
119 187
120 172
120 176
120 177
120 187
121 175
121 177
121 179
121 187
121 188
122 180
122 181
122 183
122 188
123 183
124 183
125 183
126 183
126 184
127 161
127 183
128 183
129 162
129 183
130 183
131 182
132 182
133 182
134 182
135 181
135 182
136 181
137 181
138 180
139 180
140 180
141 180
142 181
143 180
144 180
145 179
146 177
146 178
147 177
148 176
149 176
150 175
151 175
