302 171 44 55
304 194
304 216
304 220
305 194
305 215
305 219
305 220
306 194
306 205
306 206
306 214
307 194
307 205
307 206
307 213
308 193
308 194
308 205
309 192
309 193
309 215
310 190
310 191
310 214
310 215
311 213
311 214
312 187
312 188
312 206
312 208
312 209
312 210
312 211
312 212
312 221
313 186
313 187
313 221
314 208
314 220
315 182
315 220
316 180
316 181
316 182
316 205
316 206
316 207
316 220
317 179
317 180
317 205
317 206
317 220
318 220
319 179
319 220
320 172
320 173
320 178
320 179
320 220
320 221
321 174
321 175
321 176
321 177
321 178
321 221
322 221
323 173
324 169
324 172
324 173
325 170
325 171
325 172
326 169
326 170
327 169
327 221
328 168
328 221
329 167
329 168
329 220
330 167
332 218
335 216
339 212
341 204
342 201
342 203
343 199
343 200
344 198
344 199
345 197
345 207
346 196
346 197
347 195
347 196
347 204
347 205
348 195
348 203
349 194
350 193
351 192
352 191
353 191
354 190
355 190
356 190
357 190
358 191
