194 228 88 101
193 274
194 274
195 274
196 273
197 272
198 272
199 272
201 229
202 229
203 229
204 229
205 229
205 230
205 231
206 229
206 255
206 256
209 251
210 249
210 259
210 260
210 261
210 262
211 261
212 246
213 244
214 242
216 238
217 234
217 235
217 236
219 325
220 232
220 233
220 324
221 230
221 231
221 232
221 321
221 323
222 229
222 314
222 320
223 227
223 228
223 242
223 313
224 223
224 226
224 240
224 241
224 312
225 221
225 222
225 233
225 234
225 235
225 239
225 319
226 219
226 220
226 230
226 231
226 232
226 236
226 238
226 310
226 317
226 318
227 217
227 237
227 238
227 316
228 215
228 216
228 238
228 315
229 309
229 310
229 311
229 312
229 314
230 308
231 309
232 235
232 236
232 300
232 301
232 302
232 308
233 236
233 297
233 298
233 299
233 303
233 304
233 305
233 306
233 307
233 308
234 236
234 296
234 303
234 304
235 236
235 294
235 295
235 303
236 235
236 294
236 302
236 303
237 235
237 238
237 292
237 293
237 302
238 235
238 238
238 291
238 292
239 235
239 239
240 238
241 238
241 249
242 238
242 248
243 237
243 247
244 237
244 246
245 237
245 246
246 237
246 245
247 236
247 244
247 245
247 272
247 273
247 283
248 236
248 244
248 281
249 235
249 243
249 280
250 235
250 243
250 268
251 235
251 242
251 267
251 268
251 276
251 309
252 234
252 241
253 234
253 240
253 241
253 265
253 271
254 233
254 239
254 240
255 233
255 239
255 263
255 268
255 269
256 232
256 233
256 238
256 268
257 232
257 237
257 238
257 267
257 268
257 304
257 305
258 231
258 232
258 236
258 237
258 267
258 304
259 231
259 236
259 257
259 261
259 266
259 303
260 230
260 231
260 235
260 265
260 302
261 230
261 234
261 235
261 264
261 301
262 229
262 230
262 233
262 234
263 229
263 263
263 300
264 229
264 298
264 299
265 229
265 263
265 298
266 229
266 262
266 298
267 228
267 261
267 262
268 227
268 228
268 297
269 227
270 226
270 227
271 225
271 226
271 328
272 224
272 225
272 293
272 294
273 223
273 224
274 223
274 292
275 244
275 292
275 315
276 291
276 313
277 291
277 313
278 290
278 313
279 290
279 312
280 289
280 290
281 289
283 233
283 234
285 232
286 230
296 302
297 302
298 301
299 301
300 300
301 300
302 299
303 299
304 299
305 298
305 299
306 298
307 298
308 298
