280 216 60 41
279 234
279 235
279 236
279 237
279 239
280 234
280 238
280 239
281 234
282 228
282 234
283 225
283 226
283 228
284 225
284 226
284 227
284 232
284 233
285 231
285 232
286 230
287 219
287 220
287 221
287 222
287 223
287 229
288 219
288 222
288 229
289 218
289 219
289 228
290 218
290 228
291 217
291 218
291 227
294 226
300 217
300 221
300 222
301 218
301 220
302 217
304 215
304 216
304 220
305 214
305 215
305 219
306 213
307 213
308 223
309 222
310 221
310 222
311 220
311 221
330 219
331 219
335 216
339 212
