117 130 204 186
89 257
89 258
90 258
91 258
92 259
93 259
94 259
95 259
96 259
97 260
98 260
99 261
100 261
101 261
102 261
103 261
104 261
105 261
106 261
107 262
108 262
109 262
110 262
111 178
111 179
111 262
112 262
113 182
113 262
114 262
115 262
116 206
116 262
117 185
117 205
117 235
117 236
117 262
118 205
118 228
118 229
118 230
118 231
118 232
118 233
118 234
118 237
118 262
119 220
119 221
119 222
119 223
119 224
119 225
119 226
119 227
119 262
120 171
120 173
120 175
120 176
120 177
120 217
120 218
120 219
120 263
121 165
121 166
121 167
121 168
121 169
121 170
121 175
121 177
121 178
121 179
121 187
121 208
121 215
121 216
121 217
121 263
122 180
122 181
122 183
122 213
122 214
122 215
122 263
123 188
124 163
124 174
125 161
125 162
125 163
125 174
125 183
126 161
126 162
126 174
126 175
126 184
126 189
127 162
127 172
127 183
127 189
128 162
128 170
128 171
128 183
128 189
129 164
129 165
129 168
129 169
129 189
130 166
130 167
130 183
130 189
131 188
132 182
132 188
133 188
135 181
136 142
136 181
136 187
137 142
137 181
137 187
138 143
138 187
139 143
139 186
140 143
140 144
141 144
141 180
142 145
142 185
143 145
144 146
144 180
144 213
145 146
145 213
146 147
146 213
147 148
147 213
148 183
148 213
149 212
150 212
151 175
152 287
153 183
153 197
153 281
153 285
153 286
154 183
154 184
154 195
154 196
154 282
154 283
154 284
155 184
155 185
155 194
155 200
156 185
156 186
156 192
156 193
156 199
156 200
156 201
156 202
156 203
156 207
156 208
156 209
156 223
156 224
156 225
157 187
157 188
157 189
157 190
157 191
157 204
157 205
157 206
157 210
157 223
158 211
158 215
158 216
158 217
158 218
158 219
158 222
158 228
159 212
159 214
159 220
159 222
160 190
160 191
160 222
161 191
161 192
161 230
162 193
162 194
162 226
162 227
162 229
163 228
164 226
164 227
165 226
168 212
168 217
168 218
168 220
169 202
170 290
170 291
171 292
172 191
172 192
172 193
172 296
172 297
173 298
176 201
176 202
176 203
176 204
176 205
176 206
176 207
177 193
177 194
177 195
177 196
178 191
178 192
181 205
182 205
185 205
186 205
187 206
189 206
190 158
190 206
191 159
192 160
192 207
192 271
193 207
194 207
194 232
194 233
195 208
195 232
196 172
196 231
196 232
196 267
196 268
197 173
197 207
197 266
197 267
198 173
198 230
198 265
198 266
199 229
199 230
199 264
199 265
200 228
200 263
200 264
201 180
201 181
201 229
201 262
201 263
202 229
202 261
202 262
203 168
203 229
203 260
203 261
204 175
204 229
204 258
204 259
205 226
205 232
205 257
205 258
206 225
206 226
206 229
206 255
206 256
206 257
207 225
207 226
207 254
207 255
208 225
208 226
208 252
208 253
209 225
209 251
209 252
210 172
210 224
210 249
210 250
210 251
210 257
210 258
211 223
211 248
211 249
211 257
211 260
212 163
212 176
212 222
212 246
212 247
213 222
213 244
213 245
214 161
214 169
214 220
214 221
214 242
214 243
214 268
215 159
215 160
215 161
215 167
215 220
215 240
215 241
215 242
215 267
216 165
216 166
216 181
216 219
216 238
216 239
217 183
217 204
217 205
217 206
217 207
217 208
217 234
217 235
217 236
217 237
218 183
218 193
218 194
218 203
218 206
218 209
218 225
218 226
218 227
219 155
219 162
219 163
219 184
219 185
219 191
219 192
219 195
219 196
219 210
219 221
219 222
219 223
219 224
220 153
220 154
220 185
220 189
220 197
220 198
220 199
220 200
220 201
220 202
220 211
220 213
220 214
220 215
220 216
220 217
220 218
220 219
220 220
220 232
220 233
220 234
221 151
221 152
221 212
221 232
222 158
222 186
222 187
222 230
222 314
223 148
223 187
223 228
223 313
224 146
224 147
224 155
224 187
224 224
224 225
224 312
225 144
225 145
225 151
225 153
225 223
225 233
225 234
225 235
226 144
226 152
226 188
226 219
226 220
226 230
226 231
226 232
226 310
227 189
227 217
227 218
228 189
228 215
228 216
228 238
229 214
229 215
229 309
229 310
230 213
230 214
230 308
231 212
231 213
231 309
232 191
232 210
232 211
232 235
232 300
232 301
232 302
232 308
233 138
233 191
233 209
233 210
233 297
233 298
233 299
233 303
233 304
233 305
233 306
233 307
233 308
234 137
234 191
234 208
234 209
234 236
234 296
234 303
234 304
235 136
235 191
235 207
235 208
235 294
235 295
235 303
236 135
236 191
236 206
236 207
236 235
236 294
236 302
236 303
237 186
237 187
237 191
237 205
237 206
237 292
237 293
237 302
238 186
238 187
238 191
238 204
238 205
238 291
238 292
239 185
239 186
239 191
239 204
240 185
240 191
240 203
241 184
241 185
241 191
241 202
241 203
242 146
242 183
242 190
242 202
243 146
243 165
243 181
243 190
243 201
243 202
244 122
244 123
244 124
244 125
244 126
244 127
244 128
244 129
244 130
244 131
244 132
244 133
244 134
244 135
244 146
244 147
244 148
244 191
244 201
244 290
245 118
245 119
245 120
245 121
245 136
245 137
245 138
245 139
245 140
245 141
245 142
245 143
245 144
245 145
245 179
245 192
245 201
245 286
245 287
245 288
245 289
246 115
246 116
246 117
246 169
246 177
246 192
246 193
246 200
247 113
247 114
247 174
247 175
247 176
247 192
247 200
247 272
247 273
247 283
248 110
248 111
248 112
248 151
248 152
248 172
248 186
248 187
248 192
248 201
248 281
249 107
249 108
249 109
249 187
249 188
249 191
249 192
249 202
249 235
249 280
250 105
250 106
250 107
250 135
250 136
250 137
250 138
250 139
250 140
250 187
250 191
250 198
250 202
250 235
250 268
251 103
251 104
251 131
251 164
251 171
251 191
251 197
251 202
251 235
251 267
251 268
251 276
251 309
252 101
252 102
252 132
252 165
252 166
252 190
252 197
252 201
252 234
253 100
253 101
253 190
253 197
253 201
253 234
253 265
253 271
254 99
254 171
254 190
254 197
254 201
254 233
255 97
255 98
255 171
255 172
255 190
255 197
255 201
255 233
255 263
255 268
255 269
256 96
256 97
256 172
256 190
256 197
256 201
256 232
256 233
256 238
257 94
257 95
257 189
257 196
257 201
257 232
257 237
257 238
257 267
257 304
257 305
258 93
258 94
258 174
258 189
258 201
258 231
258 232
258 236
258 237
258 304
259 91
259 92
259 175
259 176
259 177
259 178
259 189
259 196
259 201
259 231
259 236
259 257
259 261
259 303
260 90
260 91
260 189
260 195
260 201
260 230
260 231
260 235
260 302
261 89
261 90
261 179
261 189
261 195
261 200
261 230
261 234
261 235
261 301
262 88
262 89
262 189
262 194
262 195
262 200
262 229
262 230
262 233
262 234
263 88
263 180
263 181
263 188
263 194
263 199
263 229
263 300
264 86
264 87
264 181
264 193
264 198
264 229
264 298
264 299
265 182
265 183
265 193
265 198
265 229
265 298
266 183
266 188
266 198
266 229
266 298
267 184
267 188
267 197
267 228
268 184
268 185
268 188
268 197
268 198
268 227
268 228
268 297
269 185
269 188
269 196
269 227
270 185
270 186
270 188
270 196
270 226
270 227
271 188
271 195
271 225
271 226
272 185
272 189
272 224
272 225
272 293
272 294
273 184
273 185
273 189
273 190
273 223
273 224
274 184
274 191
274 222
274 223
274 292
275 183
275 184
275 192
275 222
275 244
275 315
276 183
276 192
276 221
276 222
276 313
277 182
277 183
277 191
277 221
277 313
278 182
278 191
278 220
278 290
278 313
279 181
279 182
279 190
279 218
279 219
279 220
279 290
279 312
280 181
280 189
280 290
281 180
281 189
281 289
282 179
282 180
282 189
282 213
283 179
283 188
283 189
283 212
283 213
283 233
283 234
284 176
284 178
284 187
285 176
285 186
285 187
285 232
286 176
286 185
286 186
286 230
287 175
287 176
287 184
287 204
287 229
288 136
288 174
288 175
288 183
288 203
288 222
288 229
289 173
289 182
289 200
289 202
289 228
290 181
290 182
290 200
290 228
291 180
291 181
291 197
291 198
291 227
291 286
291 287
292 179
292 180
292 227
293 178
293 179
293 194
293 226
293 289
294 168
294 177
294 178
294 191
294 225
294 226
295 167
295 177
295 188
295 189
295 190
295 225
296 176
296 187
296 224
296 225
297 165
297 175
297 184
297 185
297 224
298 137
298 174
298 175
298 181
298 183
298 223
299 137
299 173
299 174
299 179
299 180
299 181
299 222
299 223
300 138
300 172
300 173
300 221
301 138
301 139
301 172
301 196
301 219
301 221
302 139
302 140
302 171
303 141
303 142
303 170
303 171
303 194
303 195
303 216
303 217
304 142
304 143
304 170
305 170
305 220
306 169
306 214
307 168
307 169
307 205
307 212
308 168
308 205
308 223
309 167
309 205
309 222
310 167
310 204
310 221
310 222
311 166
311 188
311 189
311 204
311 220
311 221
312 166
312 205
312 206
312 221
313 165
313 221
314 164
314 165
314 183
314 184
314 185
314 220
315 164
315 182
315 183
315 203
315 207
315 208
315 220
316 180
316 181
316 182
316 204
316 220
317 180
317 220
318 220
319 179
319 220
320 172
320 173
320 178
320 220
320 221
321 174
321 176
321 178
321 221
322 221
324 154
