423 146 55 81
454 114
454 115
454 116
455 113
455 117
457 119
458 120
458 121
458 122
458 123
458 124
458 125
459 126
459 127
459 128
460 129
460 130
460 131
461 132
461 133
461 134
461 217
461 218
461 219
461 222
461 223
461 224
462 135
462 136
462 137
462 138
462 216
462 220
462 221
462 225
463 139
463 140
463 141
463 142
463 143
463 226
464 144
464 145
464 146
465 146
465 147
465 209
466 147
466 207
468 148
468 207
469 148
469 207
469 224
470 208
470 224
471 170
471 171
471 172
471 224
472 147
472 223
472 224
473 147
473 173
473 204
473 223
474 204
474 223
475 146
475 204
475 223
476 146
476 172
476 203
476 222
476 227
477 146
477 172
477 203
477 209
477 227
478 145
478 150
478 172
478 203
478 208
478 227
479 145
479 149
479 171
479 202
479 226
480 144
480 149
480 171
480 202
480 207
480 226
481 144
481 148
481 202
481 207
481 226
482 143
482 202
482 207
482 226
483 143
483 170
483 201
483 226
484 142
484 169
484 201
484 226
485 142
485 201
485 225
486 142
486 200
