228 285 74 27
229 309
229 310
230 308
231 309
232 300
232 301
232 302
232 308
233 297
233 298
233 299
233 303
233 306
233 308
234 296
234 303
235 294
236 294
236 302
237 292
237 302
238 291
238 292
244 290
245 285
245 286
245 287
245 288
245 289
246 283
246 284
247 282
248 280
249 279
250 277
250 278
250 279
251 275
251 277
252 273
252 274
260 302
261 301
264 298
264 299
265 298
266 298
267 297
268 296
268 297
269 295
269 296
270 295
271 294
273 293
275 292
276 291
277 291
280 289
291 286
291 287
292 287
292 288
292 289
293 289
293 290
294 291
294 292
294 309
295 292
295 307
295 308
296 293
296 307
297 293
297 306
298 293
298 306
298 307
299 292
299 293
299 307
