227 0 168 71
186 65
187 65
188 66
189 65
190 65
191 65
192 65
193 65
194 65
195 66
196 66
197 66
198 66
199 66
200 66
201 66
202 66
203 66
204 66
205 66
206 66
207 66
208 66
209 66
210 66
211 66
212 66
213 66
214 66
215 66
216 66
217 66
218 65
219 66
220 66
221 67
222 67
223 67
224 67
225 67
226 67
227 66
228 66
229 66
230 66
231 66
232 56
232 67
233 56
233 67
234 56
234 67
235 56
235 67
236 56
236 67
237 56
237 67
238 56
238 67
239 56
239 67
240 56
240 67
241 57
241 67
242 56
242 67
243 56
243 68
244 57
244 68
245 57
245 67
246 57
247 57
248 57
249 57
250 57
251 57
252 57
253 57
254 57
255 57
256 57
257 57
258 57
259 58
260 58
261 58
262 58
263 58
264 58
265 57
266 57
267 57
268 57
269 56
270 56
271 56
285 53
286 53
287 53
288 14
288 54
289 54
292 42
292 48
292 49
292 50
294 26
296 22
319 64
320 63
321 62
321 63
322 61
322 62
323 60
323 61
324 59
324 60
325 58
325 66
326 56
326 57
326 66
327 54
327 55
327 66
328 53
328 54
328 67
329 52
329 53
329 67
330 52
330 68
331 51
331 68
332 51
332 68
333 51
333 68
334 51
334 68
335 51
335 69
336 51
336 69
337 52
337 70
338 52
338 53
338 70
339 53
339 54
339 70
340 54
340 55
340 64
340 65
341 55
341 56
341 63
342 56
342 57
342 63
343 58
344 58
344 59
344 69
345 59
345 65
345 66
346 59
347 60
347 61
348 61
348 62
349 63
350 64
351 64
351 65
352 65
353 65
353 66
354 64
355 64
356 63
357 63
358 62
359 62
360 61
360 62
361 61
362 61
363 60
364 60
365 59
366 59
367 58
367 59
368 58
369 58
370 57
371 57
372 57
373 57
374 57
375 56
376 56
377 56
378 56
379 56
380 55
380 56
381 55
382 55
383 54
383 55
384 53
384 54
385 52
385 53
386 51
386 52
387 50
388 49
389 49
390 48
390 49
391 48
392 47
393 46
393 47
394 46
395 45
396 45
397 44
398 44
399 43
400 43
401 42
402 42
403 42
404 41
404 42
405 40
405 41
406 39
406 40
407 38
407 39
408 38
409 37
410 37
411 36
411 37
412 36
413 35
414 35
416 32
417 31
418 30
419 30
