155 210 53 48
155 200
156 199
156 200
156 201
156 202
156 203
156 207
156 208
156 209
156 223
156 224
156 225
157 204
157 205
157 206
157 210
157 223
158 211
158 215
158 216
158 217
158 218
158 219
158 222
158 228
159 212
159 214
159 220
159 222
160 222
161 230
162 226
162 227
162 229
163 228
164 226
164 227
165 226
168 212
168 217
168 218
168 220
169 203
169 204
169 205
170 206
170 207
174 213
174 214
174 215
174 216
175 206
175 207
175 208
175 209
175 210
175 211
176 201
176 202
176 203
176 204
176 205
176 206
176 207
191 236
192 235
192 236
193 234
193 235
194 232
194 233
194 234
195 232
196 231
196 232
197 231
198 230
198 231
199 229
199 230
200 228
201 229
202 229
204 229
205 226
205 229
205 230
205 231
205 232
206 226
207 226
