125 225 82 32
156 223
156 224
156 225
156 226
157 223
158 215
158 216
158 217
158 218
158 219
158 222
158 228
158 229
159 214
159 220
159 221
159 222
159 229
160 222
161 230
162 226
162 227
162 229
163 228
164 226
164 227
165 226
166 225
166 226
167 221
167 222
167 223
167 224
168 217
168 218
168 219
168 220
169 214
169 215
169 216
191 236
192 235
192 236
193 234
193 235
194 232
194 233
194 234
195 232
196 231
196 232
197 231
198 230
198 231
199 229
199 230
200 228
201 229
202 229
204 229
205 229
205 230
205 231
205 232
