123 31 56 149
105 138
106 138
107 138
108 138
109 138
110 138
111 51
111 138
112 138
113 138
114 62
114 139
115 51
115 62
115 139
115 145
116 139
116 145
117 139
117 145
117 153
117 154
118 139
118 145
118 153
119 62
119 139
119 145
119 153
120 139
120 145
120 153
121 62
121 140
121 146
121 153
122 51
122 63
122 140
122 146
122 153
123 51
123 63
123 140
123 146
123 153
124 63
124 140
124 146
124 153
124 163
124 174
125 51
125 62
125 140
125 153
125 154
125 161
125 162
125 163
125 174
126 51
126 62
126 140
126 149
126 153
126 154
126 161
126 162
126 174
126 175
127 51
127 62
127 141
127 149
127 153
127 162
127 173
128 141
128 149
128 162
128 170
128 171
129 63
129 141
129 149
129 162
129 168
129 169
130 51
130 63
130 141
130 149
130 166
130 167
131 51
131 62
131 141
131 149
131 161
131 162
131 163
132 51
132 140
132 150
132 160
132 161
133 51
133 62
133 140
133 150
133 159
133 160
134 51
134 63
134 141
134 150
134 159
135 51
135 63
135 141
135 150
136 63
136 142
136 151
137 142
137 151
138 143
138 151
139 52
139 143
139 151
140 52
140 143
140 144
140 151
141 52
141 144
142 52
142 145
143 52
143 145
143 151
144 146
144 151
144 152
145 146
145 152
146 52
146 147
146 152
147 52
147 148
147 152
148 52
148 151
149 52
149 151
150 52
150 151
151 52
151 151
152 52
152 175
153 52
153 176
154 52
154 176
155 53
155 177
156 53
156 177
157 53
157 178
158 53
158 178
159 53
159 178
160 178
161 177
162 177
163 175
163 176
164 173
164 174
164 175
165 172
165 173
166 171
167 149
167 170
168 131
168 149
168 170
169 131
169 148
169 169
170 132
170 148
170 169
171 132
171 148
171 168
172 133
172 148
172 149
172 168
172 169
173 133
173 149
173 169
173 170
174 133
174 134
174 150
174 170
174 171
175 134
175 149
175 172
176 134
177 134
178 134
