420 72 47 39
431 73
431 74
432 75
433 76
434 76
434 77
434 78
434 79
435 80
435 81
436 81
436 82
437 83
438 84
438 85
439 85
439 86
440 87
440 88
441 88
441 89
441 90
442 74
442 90
442 91
443 74
443 91
443 92
444 92
445 73
445 93
445 94
446 92
447 72
447 92
447 96
447 101
448 72
449 71
449 91
450 90
451 90
452 89
452 103
452 110
453 88
453 89
453 102
453 110
454 88
454 102
454 109
454 110
455 87
455 88
455 109
455 110
456 87
456 92
456 108
457 87
457 92
457 108
458 86
458 91
458 92
458 108
459 86
459 91
460 85
460 86
460 91
461 85
461 90
462 85
462 90
463 84
463 89
463 94
464 84
464 89
464 94
465 84
465 88
465 89
465 94
466 83
466 93
467 83
467 93
468 83
469 83
470 82
