103 30 117 37
108 52
109 51
110 51
110 62
111 51
111 60
111 61
111 62
112 51
113 51
113 62
114 51
114 62
115 51
115 62
116 51
116 62
117 50
117 62
118 50
118 62
119 50
119 62
120 50
120 62
121 51
121 62
122 51
122 63
123 51
123 63
124 51
124 63
125 51
125 62
126 51
126 62
127 51
127 62
128 51
128 62
129 51
130 51
131 51
132 51
132 62
133 51
134 51
135 51
136 52
137 52
138 52
139 52
140 52
141 52
142 52
143 52
144 52
145 52
146 52
147 52
148 52
149 52
150 52
151 52
174 53
175 53
176 53
177 54
178 54
179 54
180 54
181 54
182 54
183 54
184 54
185 53
186 53
187 53
188 53
189 53
190 53
191 53
192 53
193 54
194 54
195 54
196 54
197 54
198 54
199 54
200 54
201 54
202 54
203 55
204 55
205 55
206 55
207 55
208 55
209 55
210 55
211 55
212 55
213 55
214 56
215 56
216 56
217 56
218 56
219 56
