81 43 191 309
75 247
81 139
82 104
82 128
82 140
83 102
83 105
83 129
83 130
83 141
84 99
84 100
84 101
84 131
84 132
85 132
86 132
87 133
87 134
87 253
89 135
89 257
89 258
108 52
109 51
109 73
109 76
109 77
109 78
109 79
109 81
109 82
109 83
109 84
109 85
109 86
109 87
109 89
109 90
109 91
109 92
109 229
109 231
110 51
110 62
110 67
110 68
110 70
110 71
110 72
110 75
110 218
110 219
110 220
110 221
110 222
110 223
110 224
110 225
110 226
110 227
111 51
111 60
111 61
111 62
111 178
111 179
111 213
111 215
111 217
112 211
112 212
113 182
114 62
115 51
115 62
116 206
117 185
117 205
117 235
117 236
118 205
118 228
118 229
118 230
118 231
118 232
118 233
118 234
118 237
119 62
119 220
119 221
119 222
119 223
119 224
119 225
119 226
119 227
120 171
120 173
120 175
120 217
120 218
120 219
121 62
121 165
121 166
121 167
121 168
121 169
121 170
121 178
121 187
121 208
121 215
121 216
121 217
122 51
122 63
122 183
122 213
122 214
122 215
123 51
123 63
123 183
123 188
124 63
124 163
124 174
124 183
125 51
125 62
125 161
125 162
125 163
125 174
125 183
126 51
126 62
126 161
126 162
126 174
126 175
126 183
126 184
126 189
127 51
127 62
127 162
127 172
127 189
128 162
128 170
128 171
128 189
129 63
129 164
129 165
129 168
129 169
129 183
129 189
130 51
130 63
130 166
130 167
130 189
131 51
131 62
131 182
131 188
132 51
132 188
133 51
133 62
133 182
133 188
134 51
134 63
134 182
134 187
135 51
135 63
135 182
136 63
136 142
136 187
137 63
137 142
137 187
138 63
138 143
138 187
139 52
139 63
139 143
139 186
140 52
140 63
140 143
140 144
140 186
141 52
141 63
141 144
141 180
141 185
142 52
142 63
142 145
142 185
143 52
143 63
143 145
143 185
144 63
144 146
144 180
144 185
145 63
145 146
146 52
146 63
146 147
147 52
147 63
147 148
148 52
148 63
148 183
149 52
149 63
150 52
150 63
151 52
151 63
151 175
152 52
152 64
152 287
153 52
153 64
153 183
153 197
153 281
153 285
153 286
154 52
154 64
154 183
154 184
154 195
154 196
154 282
154 283
154 284
155 53
155 63
155 184
155 185
155 194
155 200
156 53
156 63
156 185
156 186
156 192
156 193
156 199
156 200
156 201
156 202
156 203
156 207
156 208
156 209
156 223
156 224
156 225
157 53
157 64
157 187
157 188
157 189
157 190
157 191
157 204
157 205
157 206
157 210
157 223
158 53
158 64
158 211
158 215
158 216
158 217
158 218
158 219
158 222
159 53
159 64
159 212
159 214
159 220
159 222
160 53
160 64
160 190
160 191
160 222
161 53
161 64
161 191
161 192
162 53
162 64
162 193
162 194
163 53
163 64
164 53
164 64
165 53
165 64
166 53
166 64
166 171
166 225
166 226
167 53
167 64
167 221
167 222
167 223
167 224
168 53
168 63
168 212
168 217
168 218
168 219
168 220
169 53
169 63
169 202
169 214
169 215
169 216
169 286
169 287
170 53
170 63
170 288
170 289
170 290
170 291
171 53
171 63
171 222
171 223
171 292
171 293
171 294
171 295
172 53
172 64
172 191
172 192
172 193
172 219
172 220
172 221
172 296
172 297
173 53
173 64
173 181
173 182
173 183
173 184
173 185
173 186
173 187
173 188
173 189
173 216
173 217
173 218
173 298
173 299
174 53
174 64
174 175
174 176
174 177
174 178
174 179
174 180
174 213
174 214
174 215
174 216
174 299
174 300
174 301
174 302
175 53
175 64
175 172
175 174
175 206
175 207
175 208
175 209
175 210
175 211
175 303
175 304
176 53
176 64
176 201
176 202
176 203
176 204
176 205
176 206
176 207
176 304
177 54
177 64
177 193
177 194
178 54
178 64
178 190
178 191
178 192
178 309
179 54
179 64
179 311
179 312
179 313
180 54
180 64
180 314
180 315
180 316
180 317
181 54
181 64
181 318
181 319
181 320
181 321
181 322
181 323
181 324
181 325
181 326
182 54
182 64
182 326
182 327
182 328
182 329
182 330
182 331
183 54
183 64
183 205
183 332
183 333
183 334
183 335
183 336
184 54
184 65
184 205
184 337
184 338
185 53
185 65
185 338
185 339
186 53
186 65
186 339
186 340
186 341
186 342
187 53
187 65
187 206
187 343
187 344
187 345
188 53
188 66
188 206
188 345
188 346
188 349
189 53
189 65
189 347
190 53
190 65
191 53
191 65
191 207
192 53
192 65
192 207
192 235
192 271
193 54
193 65
193 207
193 234
193 235
194 54
194 65
194 207
195 54
195 66
195 208
196 54
196 66
196 207
196 267
196 268
197 54
197 66
197 231
197 266
197 267
198 54
198 66
198 231
198 265
198 266
199 54
199 66
199 264
199 265
200 54
200 66
200 263
200 264
201 54
201 66
201 262
201 263
202 54
202 66
202 261
202 262
203 55
203 66
203 168
203 260
203 261
204 55
204 66
204 258
204 259
205 55
205 66
205 232
205 257
205 258
206 55
206 66
206 257
207 55
207 66
207 254
207 255
208 55
208 66
208 252
208 253
209 55
209 66
209 167
209 168
209 169
209 252
210 55
210 66
210 166
210 167
210 172
210 250
210 251
210 257
210 258
211 55
211 66
211 164
211 165
211 166
211 248
211 249
211 257
211 260
212 55
212 66
212 163
212 164
212 176
212 247
212 332
212 333
212 334
212 335
212 336
212 337
212 338
212 339
212 340
213 55
213 66
213 163
213 170
213 245
213 328
213 329
213 330
213 331
213 341
213 342
213 343
213 344
213 345
213 346
213 347
213 348
214 56
214 66
214 161
214 162
214 163
214 169
214 243
214 325
214 326
214 327
215 56
215 66
215 159
215 160
215 161
215 167
215 168
215 240
215 241
215 242
215 323
215 324
215 325
216 56
216 66
216 158
216 159
216 165
216 166
216 181
216 239
216 321
216 322
216 334
216 335
216 336
216 337
216 338
216 343
216 344
216 345
217 56
217 66
217 157
217 158
217 183
217 237
217 319
217 320
217 330
217 331
217 332
217 333
217 339
217 340
217 341
217 346
217 347
217 348
218 56
218 65
218 156
218 327
218 328
218 329
219 56
219 66
219 155
219 162
219 163
219 184
219 221
219 222
219 223
219 224
219 325
219 327
220 66
220 153
220 154
220 160
220 161
220 185
220 189
220 190
220 234
220 324
221 67
221 151
221 159
221 160
221 232
221 321
221 323
222 67
222 150
222 158
222 186
222 187
222 230
222 314
222 320
223 67
223 149
223 157
223 187
223 228
223 313
224 67
224 146
224 147
224 155
224 156
224 187
224 224
224 225
225 67
225 144
225 145
225 151
225 153
225 154
225 188
225 223
225 233
225 234
225 235
225 319
226 67
226 144
226 188
226 230
226 231
226 232
226 318
227 66
227 189
227 218
228 189
228 238
229 190
229 311
229 312
229 313
229 314
230 66
230 190
231 66
231 190
232 56
232 138
232 191
232 211
232 235
233 138
233 139
233 191
233 210
233 304
233 305
233 307
234 137
234 138
234 191
234 209
234 236
234 304
235 56
235 136
235 138
235 191
235 208
235 295
235 303
236 56
236 135
236 136
236 191
236 207
236 235
236 303
237 135
237 186
237 187
237 191
237 293
238 56
238 186
238 187
238 191
238 205
239 56
239 185
239 186
239 191
239 204
240 185
240 191
240 203
241 184
241 185
241 191
241 202
241 203
242 56
242 146
242 183
242 190
242 202
243 56
243 146
243 165
243 181
243 190
243 201
243 202
244 123
244 124
244 125
244 126
244 127
244 128
244 129
244 130
244 131
244 132
244 133
244 134
244 135
244 147
244 148
244 149
244 191
244 201
245 118
245 119
245 120
245 121
245 136
245 137
245 138
245 139
245 140
245 141
245 142
245 143
245 144
245 145
245 179
245 192
245 201
246 67
246 115
246 116
246 117
246 169
246 177
246 192
246 193
246 200
247 57
247 113
247 114
247 174
247 175
247 176
247 192
247 200
247 272
247 273
247 283
248 110
248 111
248 112
248 151
248 172
248 173
248 186
248 187
248 192
248 201
248 281
249 107
249 108
249 109
249 172
249 187
249 188
249 191
249 192
249 202
249 280
250 105
250 106
250 107
250 135
250 136
250 137
250 138
250 139
250 140
250 172
250 187
250 191
250 198
250 202
250 268
251 103
251 104
251 164
251 171
251 191
251 197
251 202
251 267
251 268
251 276
251 309
252 101
252 102
252 165
252 166
252 171
252 190
252 197
252 201
253 100
253 101
253 171
253 190
253 197
253 201
253 265
253 271
254 99
254 171
254 190
254 197
254 201
255 97
255 98
255 171
255 172
255 190
255 197
255 201
255 263
255 268
255 269
256 96
256 97
256 172
256 190
256 197
256 201
257 94
257 95
257 189
257 196
257 201
257 267
257 304
257 305
258 93
258 94
258 174
258 189
258 201
258 304
259 91
259 92
259 175
259 176
259 177
259 178
259 189
259 196
259 201
259 231
259 257
259 261
259 303
260 90
260 91
260 189
260 195
260 201
260 230
260 231
260 302
261 89
261 90
261 179
261 180
261 189
261 195
261 200
261 230
261 301
262 88
262 89
262 180
262 189
262 194
262 195
262 200
262 229
262 230
263 87
263 88
263 180
263 181
263 188
263 194
263 199
263 229
263 300
263 346
263 347
264 86
264 87
264 181
264 182
264 188
264 193
264 198
264 229
264 298
264 299
264 344
264 345
265 85
265 86
265 182
265 183
265 193
265 198
265 229
265 298
265 343
265 344
266 85
266 183
266 188
266 198
266 229
266 298
267 84
267 184
267 188
267 197
267 228
268 184
268 185
268 188
268 197
268 198
268 227
268 228
268 297
269 185
269 196
269 227
270 185
270 186
270 196
270 226
270 227
271 195
271 225
271 226
271 328
272 224
272 225
272 293
272 294
273 223
273 224
274 223
274 292
278 290
279 290
280 290
281 289
285 76
286 76
287 75
295 73
297 74
298 75
299 75
