0 36 79 117
28 152
29 151
30 150
31 149
31 150
32 148
32 149
33 147
33 148
34 146
34 147
35 145
36 144
37 143
38 142
38 143
39 142
40 141
41 141
42 140
43 140
44 141
45 140
46 140
47 140
48 140
49 140
50 139
51 138
52 138
53 45
53 46
53 47
53 137
54 43
54 44
54 45
54 48
54 137
54 150
54 151
55 42
55 136
55 137
55 151
56 41
56 136
56 151
57 40
57 136
57 150
58 39
58 40
58 136
58 143
58 144
58 145
58 146
58 147
58 148
58 149
58 150
58 151
59 32
59 136
60 30
60 31
60 33
60 34
60 35
60 36
60 40
60 41
60 42
60 136
61 22
61 23
61 24
61 25
61 26
61 27
61 28
61 29
61 37
61 39
61 40
61 41
61 136
62 21
62 38
62 39
62 136
63 38
63 135
64 135
65 134
66 134
67 133
67 134
68 133
69 84
69 90
69 91
69 93
69 94
69 95
69 96
69 132
69 151
69 152
70 85
70 86
70 87
70 88
70 89
70 92
70 131
70 151
71 130
71 131
71 150
72 130
72 150
73 129
73 149
73 150
74 129
74 149
75 129
75 148
76 128
76 129
76 148
77 128
77 148
78 128
78 147
79 147
80 146
80 147
81 146
82 146
83 145
84 145
85 145
86 145
87 145
