462 185 21 45
461 217
461 218
461 219
461 222
461 223
461 224
462 216
462 220
462 221
462 225
463 210
463 211
463 215
463 226
464 203
464 204
464 205
464 212
464 213
464 214
464 229
465 198
465 199
465 200
465 201
465 202
465 206
466 191
466 192
466 193
466 194
466 195
466 196
466 197
466 207
466 208
467 184
467 185
467 186
467 187
467 188
467 189
467 190
468 175
468 176
468 177
468 178
468 182
468 183
468 207
468 229
469 174
469 179
469 180
469 181
469 207
469 224
469 229
470 173
470 208
470 224
470 229
471 171
471 172
471 173
471 224
471 229
472 223
472 224
472 228
473 223
473 227
473 228
474 223
474 228
475 223
476 222
476 227
477 209
477 212
477 227
478 208
478 212
478 227
479 208
479 226
480 207
480 211
480 226
481 207
481 211
481 226
482 207
482 226
483 226
484 226
485 225
