305 165 53 43
304 170
305 170
306 169
306 205
306 206
307 168
307 169
307 206
308 168
308 205
309 167
309 192
309 193
310 167
310 190
310 191
311 166
312 166
312 187
312 188
312 206
313 165
313 186
313 187
314 164
314 165
314 208
315 163
315 164
315 182
316 162
316 163
316 180
316 181
316 182
316 205
316 206
316 207
317 161
317 162
317 179
317 180
317 205
317 206
318 160
318 161
318 167
319 159
319 167
319 179
320 158
320 159
320 167
320 172
320 173
320 178
320 179
321 158
321 174
321 175
321 176
321 177
321 178
322 156
322 157
323 155
323 156
323 173
324 153
324 169
324 172
324 173
325 170
325 171
325 172
326 169
326 170
327 169
328 168
329 167
329 168
330 167
331 167
332 166
333 165
333 166
334 164
335 162
335 163
336 160
336 161
337 157
337 158
337 159
337 160
338 157
340 152
340 154
341 152
341 204
342 148
342 150
342 201
342 203
343 148
343 199
343 200
344 144
344 145
344 146
344 198
344 199
345 139
345 140
345 141
345 142
345 143
345 144
345 197
345 207
346 196
346 197
347 195
347 196
347 204
347 205
348 194
348 203
349 193
349 200
349 201
350 192
350 193
351 192
352 191
353 191
354 190
355 190
356 190
357 190
358 191
