168 256 74 96
169 285
170 290
170 291
171 292
172 296
172 297
173 280
173 281
173 298
174 281
175 276
175 282
176 276
176 282
177 276
177 282
178 276
178 282
179 276
179 282
180 276
180 283
181 275
181 283
182 275
182 283
183 275
183 283
184 275
184 283
185 274
185 283
186 274
186 283
187 273
187 282
188 273
188 282
188 346
188 349
189 272
189 282
189 347
190 272
190 281
191 271
191 272
191 281
192 270
192 281
193 270
193 274
193 280
194 269
194 274
194 280
195 268
195 274
195 280
196 273
196 279
197 272
197 279
198 272
198 278
199 272
199 278
200 277
201 276
202 275
202 276
203 275
204 274
205 274
206 255
206 256
206 273
207 272
207 273
208 272
209 251
209 271
210 249
210 259
210 260
210 261
210 262
210 271
211 257
211 260
211 261
211 270
212 246
212 269
212 332
212 333
212 334
212 335
212 336
212 337
212 338
212 339
212 340
213 244
213 268
213 269
213 328
213 329
213 330
213 331
213 341
213 342
213 343
213 344
213 345
213 346
213 347
213 348
214 242
214 267
214 268
214 325
214 326
214 327
215 240
215 242
215 267
215 324
215 325
216 238
216 266
216 334
216 335
216 336
216 337
216 338
216 343
216 344
216 345
217 234
217 235
217 236
217 237
217 265
217 266
217 331
217 333
217 339
217 340
217 341
217 346
217 347
217 348
218 265
218 327
218 328
218 329
219 264
219 325
219 327
220 263
221 263
221 323
222 262
222 320
223 261
223 262
223 313
224 261
225 260
226 259
226 260
227 258
227 259
228 258
229 257
229 311
229 312
229 313
229 314
230 256
230 257
231 256
232 255
233 254
233 255
233 304
233 305
233 307
234 253
234 254
234 304
235 252
235 253
235 295
235 303
236 252
236 303
237 251
237 293
238 250
238 251
239 250
240 249
241 248
242 247
