195 175 38 53
181 205
182 205
184 205
185 205
186 205
188 206
189 206
190 206
191 207
196 207
197 207
201 177
201 178
201 179
201 180
201 181
202 174
203 176
204 175
206 225
207 225
208 225
208 226
209 225
210 224
211 223
212 176
212 222
213 222
214 220
214 221
215 220
216 181
216 219
217 183
218 183
218 225
218 226
218 227
219 184
219 221
219 222
219 223
219 224
220 189
220 216
220 217
220 218
220 219
220 220
232 211
233 210
234 209
235 208
236 207
238 205
239 204
240 203
241 202
241 203
242 202
243 201
243 202
244 201
245 201
246 200
247 200
248 201
