324 4 30 90
326 66
327 66
328 67
329 52
329 67
330 52
330 68
331 51
331 68
332 51
332 68
333 51
333 68
334 51
334 68
335 51
335 69
336 51
336 69
337 52
337 70
338 52
338 53
338 70
339 54
339 70
340 64
340 65
341 55
341 56
341 63
341 72
342 56
342 57
342 63
342 72
342 91
343 58
343 63
343 73
343 88
343 89
343 90
343 91
343 92
344 58
344 59
344 69
344 74
344 85
344 86
344 87
344 91
345 59
345 65
345 66
345 67
345 68
345 75
345 81
345 82
345 83
345 84
345 91
345 92
346 59
346 76
346 77
346 78
346 79
346 80
346 92
347 60
347 61
348 61
348 62
349 63
349 78
349 79
349 80
350 64
350 76
350 77
350 78
351 64
351 65
351 93
351 94
352 65
352 91
353 65
353 66
353 90
353 91
354 67
354 88
354 89
355 68
355 69
