231 272 24 66
232 300
232 301
232 302
233 297
233 298
233 299
234 296
235 294
236 294
237 292
238 291
238 292
244 290
245 285
245 286
245 287
245 288
245 289
246 283
246 284
247 272
247 273
247 282
248 271
248 272
248 280
249 269
249 270
249 279
250 268
250 269
250 277
250 278
250 279
251 267
251 268
251 275
251 276
251 277
251 309
252 266
252 267
252 273
252 274
252 308
253 265
253 307
253 308
254 264
254 307
255 263
255 306
256 262
256 305
257 304
257 305
258 304
259 303
260 302
261 301
262 300
262 301
263 299
263 300
264 298
264 299
265 298
266 298
267 297
268 296
268 297
269 295
269 296
270 295
271 294
272 293
272 294
273 293
275 292
276 291
277 291
280 289
280 290
