243 189 148 127
242 190
243 190
244 191
244 290
245 192
245 285
245 286
245 287
245 288
245 289
246 192
246 193
246 283
246 284
247 192
247 282
247 283
248 192
248 271
248 272
248 280
248 281
249 191
249 192
249 202
249 269
249 270
249 279
250 191
250 198
250 202
250 269
250 277
250 278
250 279
251 191
251 197
251 202
251 275
251 277
252 190
252 197
252 201
252 266
252 267
252 273
252 274
253 190
253 197
253 201
254 190
254 197
254 201
254 264
254 270
255 190
255 197
255 201
256 190
256 197
256 201
256 233
256 262
256 268
257 189
257 196
257 201
257 232
257 268
258 189
258 201
258 231
258 232
258 258
258 259
258 260
258 261
258 267
259 189
259 196
259 201
259 231
259 266
260 189
260 195
260 201
260 256
260 262
260 265
260 302
261 189
261 195
261 200
261 255
261 264
261 301
262 189
262 194
262 195
262 200
262 230
262 253
262 254
262 263
263 188
263 194
263 199
263 253
263 263
264 193
264 198
264 229
264 252
264 263
264 298
264 299
265 193
265 229
265 250
265 251
265 263
265 298
266 198
266 229
266 249
266 250
266 251
266 262
266 298
267 228
267 248
267 261
267 262
268 198
268 227
268 228
268 246
268 247
268 248
268 259
268 260
268 297
269 188
269 227
269 244
269 245
269 256
269 257
269 258
270 188
270 226
270 227
270 243
270 244
270 254
270 255
271 188
271 195
271 225
271 226
271 241
271 242
271 253
271 254
272 189
272 224
272 225
272 240
272 251
272 252
272 293
272 294
273 189
273 190
273 223
273 224
273 238
273 249
273 250
273 251
274 191
274 222
274 223
274 236
274 237
274 246
274 247
274 248
274 249
274 292
275 192
275 222
275 234
275 235
275 243
275 244
275 245
276 192
276 222
276 234
276 240
276 241
276 242
276 243
277 191
277 221
277 240
278 191
278 240
278 290
279 190
279 218
279 219
279 234
279 235
279 236
279 237
279 239
279 240
279 290
280 189
280 216
280 217
280 218
280 234
280 238
280 239
280 290
281 189
281 214
281 215
281 234
281 289
282 189
282 214
282 228
282 234
283 188
283 189
283 225
283 226
283 228
284 211
284 212
284 225
284 226
284 227
284 232
284 233
285 210
285 211
285 231
285 232
286 206
286 207
286 208
286 209
286 230
287 205
287 219
287 220
287 221
287 222
287 223
287 229
288 202
288 219
288 222
288 229
289 201
289 218
289 219
289 228
290 199
290 218
291 217
291 218
291 227
292 195
292 196
293 193
293 194
294 191
294 192
294 226
295 188
295 189
295 190
296 186
296 187
297 184
297 185
298 182
298 183
298 204
298 206
299 198
299 199
299 202
299 203
299 205
300 197
300 198
300 199
300 200
300 201
300 217
300 221
300 222
301 196
301 197
301 200
301 218
301 220
302 201
302 217
303 194
303 195
304 194
304 215
304 216
304 220
305 194
305 214
305 215
305 219
306 194
306 205
306 206
306 213
307 194
307 205
307 206
307 213
308 193
308 194
308 223
309 192
309 193
309 205
309 215
309 222
310 190
310 191
310 204
310 214
310 215
310 221
310 222
311 188
311 189
311 204
311 213
311 214
311 220
311 221
312 187
312 188
312 205
312 208
312 209
312 210
312 211
312 212
313 186
313 187
314 183
314 184
314 185
314 208
315 182
315 183
315 203
315 207
315 208
316 180
316 181
316 182
316 204
316 205
316 206
316 207
317 179
317 180
317 205
317 206
328 288
329 287
329 288
330 219
330 286
330 287
331 219
335 216
339 212
341 204
342 201
342 203
343 199
343 200
344 198
344 199
345 197
345 207
346 196
346 197
346 264
347 195
347 196
347 204
347 205
348 194
348 195
348 202
348 203
349 193
349 194
349 200
349 201
350 192
350 193
350 200
351 192
351 199
351 200
353 191
354 190
355 190
357 190
358 191
361 195
362 194
363 193
364 192
365 192
366 194
367 193
368 191
368 192
368 194
369 191
369 259
370 259
370 265
371 260
371 265
372 257
372 260
372 266
373 232
373 240
373 241
373 256
373 260
373 267
374 231
374 232
374 257
374 267
375 232
375 233
375 244
375 257
375 267
375 268
376 233
376 234
376 250
376 258
377 251
377 263
377 270
377 272
378 252
378 256
378 258
378 263
379 252
379 256
379 259
379 263
379 264
380 255
380 256
380 260
380 261
381 256
