228 272 28 40
229 309
229 310
230 308
231 309
232 300
232 301
232 302
232 308
233 297
233 298
233 299
233 303
233 306
233 308
234 296
234 303
235 294
236 294
236 302
237 292
237 302
238 291
238 292
247 272
247 273
247 282
247 283
248 271
248 272
248 281
249 269
249 270
249 280
250 268
250 269
251 267
251 268
251 276
251 309
252 266
252 267
253 265
255 263
257 304
257 305
258 304
259 303
260 302
261 301
262 300
263 299
263 300
264 298
264 299
265 298
266 298
267 297
268 296
268 297
269 295
269 296
270 295
271 294
272 293
272 294
273 293
274 292
275 292
276 291
277 291
278 290
279 290
280 289
280 290
281 289
