260 224 97 37
262 253
263 253
264 252
265 250
265 251
266 249
266 250
266 251
267 248
268 246
268 247
268 248
268 259
268 260
269 244
269 245
269 256
269 257
269 258
270 243
270 244
270 254
270 255
271 241
271 242
271 253
271 254
272 240
272 251
272 252
273 238
273 249
273 250
273 251
274 236
274 237
274 246
274 247
274 248
274 249
275 234
275 235
275 243
275 244
275 245
276 234
276 240
276 241
276 242
276 243
277 240
278 240
279 234
279 235
279 236
279 237
279 239
279 240
280 234
280 238
280 239
281 234
282 228
282 234
283 225
283 226
283 228
284 225
284 226
284 227
284 232
284 233
285 231
285 232
286 230
287 229
288 229
289 228
291 227
294 226
300 217
300 221
300 222
301 218
301 219
301 220
301 221
302 217
304 215
305 214
306 213
