227 128 114 49
232 140
232 142
233 138
233 143
234 137
234 143
235 136
235 143
236 135
236 144
236 154
237 144
237 154
237 155
238 144
238 155
238 156
239 145
239 157
239 158
240 145
240 159
240 160
240 161
241 146
241 161
241 162
241 163
242 164
243 147
243 166
244 122
244 146
244 166
244 167
244 168
245 168
248 152
248 153
249 154
249 155
249 156
250 157
250 158
250 159
250 160
250 172
251 161
251 162
251 163
252 101
252 102
252 164
252 171
253 100
253 101
253 171
254 99
255 97
255 98
256 96
256 97
256 173
257 173
258 93
258 94
259 91
259 92
260 90
260 91
261 89
261 90
262 88
262 89
263 88
264 86
264 87
286 176
287 175
288 136
288 173
289 172
290 171
291 170
294 168
295 167
297 165
298 137
299 137
300 138
301 138
301 139
302 139
302 140
303 141
303 142
304 142
304 143
324 154
324 163
325 153
325 163
326 152
326 153
326 163
326 169
327 151
327 152
327 169
328 168
329 149
329 154
329 167
329 168
330 149
330 154
330 161
331 148
331 154
331 160
332 155
332 159
336 162
337 143
338 142
338 156
339 141
339 154
339 155
340 153
341 150
341 151
342 149
343 147
345 139
345 140
345 142
345 143
