146 0 195 71
111 51
112 51
113 51
114 51
115 51
116 51
117 50
118 50
119 50
120 50
121 51
122 51
123 51
124 51
125 51
126 51
127 51
128 51
129 51
130 51
131 51
132 51
133 51
134 51
135 51
136 52
137 52
137 63
138 52
138 63
139 52
139 63
140 52
140 63
141 52
141 63
142 52
142 63
143 52
143 63
144 52
144 63
145 52
145 63
146 52
146 63
147 52
147 63
148 52
148 63
149 52
149 63
150 52
150 63
151 52
151 63
152 52
152 64
153 52
153 64
154 52
154 64
155 53
155 63
156 53
156 63
157 53
157 64
158 53
158 64
159 53
159 64
160 53
160 64
161 53
161 64
162 53
162 64
163 53
163 64
164 53
164 64
165 53
165 64
166 53
166 64
167 53
167 64
168 53
168 63
169 53
169 63
170 53
170 63
171 53
171 63
172 53
172 64
173 53
174 53
175 53
176 53
177 54
178 54
179 54
180 54
181 54
182 54
183 54
184 54
185 53
186 53
187 53
188 53
189 53
190 53
191 53
192 53
193 54
194 54
195 54
196 54
197 54
228 66
229 66
232 67
233 56
233 67
234 56
234 67
235 67
236 67
237 56
237 67
238 67
239 67
240 56
240 67
241 57
241 67
242 67
243 68
244 57
244 68
245 57
245 67
246 57
248 57
249 57
250 57
251 57
252 57
253 57
254 57
255 57
256 57
257 57
258 57
259 58
260 58
261 58
262 58
263 58
264 58
265 57
266 57
267 57
268 57
269 56
270 56
271 56
285 5
285 6
285 7
285 8
285 9
285 10
285 53
286 10
286 11
286 12
286 53
287 13
287 14
287 53
288 54
289 16
289 17
289 54
290 17
290 53
291 51
291 52
291 53
292 43
292 44
292 45
292 46
292 47
293 34
293 35
293 36
293 37
293 38
293 39
293 40
293 41
294 27
294 28
294 29
294 30
294 31
294 32
294 33
294 34
295 23
295 24
295 25
319 64
320 63
321 62
321 63
322 61
322 62
323 60
323 61
324 59
324 60
325 58
325 66
326 56
326 57
326 66
327 54
327 55
327 66
328 53
328 54
328 67
329 52
329 53
329 67
330 52
330 68
331 51
331 68
332 51
332 68
333 51
333 68
334 51
334 68
335 51
335 69
336 51
336 69
337 70
338 52
338 70
339 53
339 54
340 54
340 55
