142 71 165 166
105 138
106 138
107 138
108 138
109 138
110 138
111 138
112 138
113 138
114 139
115 139
116 139
117 139
118 139
119 139
120 139
121 140
122 140
123 140
124 140
125 140
126 140
127 141
128 141
129 141
130 141
131 141
132 140
133 140
134 141
135 141
136 142
137 142
138 143
139 143
140 143
140 144
141 144
141 185
142 145
142 185
143 145
143 151
143 185
144 146
144 151
144 152
144 185
145 146
145 152
145 184
146 147
146 152
147 148
147 152
147 183
148 151
148 183
149 151
149 182
150 151
150 182
151 151
151 182
152 151
152 175
152 183
153 151
153 176
153 197
154 151
154 176
154 184
154 195
154 196
155 151
155 177
155 194
155 200
156 151
156 177
156 185
156 186
156 192
156 193
156 199
156 200
156 201
156 202
156 203
156 207
156 208
156 209
156 223
156 224
156 225
157 152
157 178
157 187
157 188
157 189
157 190
157 191
157 204
157 205
157 206
157 210
157 223
158 152
158 178
158 211
158 215
158 216
158 217
158 218
158 219
158 222
159 152
159 178
159 212
159 214
159 220
159 222
160 152
160 190
160 191
160 222
161 152
161 191
161 192
162 152
162 193
162 194
163 152
164 152
165 153
166 153
167 149
167 153
167 170
168 131
168 149
168 153
168 170
168 212
168 217
168 218
168 220
169 148
169 153
169 169
169 202
170 132
170 148
170 154
170 169
171 148
171 154
171 168
172 133
172 148
172 149
172 154
172 168
172 169
172 191
172 192
172 193
172 220
173 133
173 149
173 154
173 169
173 170
174 134
174 150
174 154
174 170
174 171
175 134
175 149
175 154
176 154
176 201
176 202
176 203
176 204
176 205
176 206
176 207
177 154
177 193
177 194
177 195
177 196
178 154
178 155
178 191
178 192
179 155
180 155
181 155
181 205
182 155
182 205
183 156
184 156
184 205
185 156
186 157
187 157
188 157
188 206
189 158
190 158
191 159
191 207
192 159
192 160
193 160
194 161
195 161
195 162
196 162
196 163
196 172
196 207
197 163
197 164
197 172
197 173
198 164
198 173
199 165
199 173
200 166
200 173
201 167
201 173
201 177
201 178
201 179
201 180
201 181
202 168
202 174
202 177
203 169
203 175
203 176
203 177
203 229
204 169
204 170
204 175
205 170
205 232
206 174
206 225
206 229
207 174
207 225
208 168
208 174
208 225
208 226
209 167
209 168
209 169
209 170
209 171
209 172
209 174
209 225
210 166
210 167
210 174
210 224
211 164
211 165
211 166
211 174
211 175
211 223
212 163
212 164
212 222
213 163
213 170
213 177
213 222
214 161
214 162
214 163
214 177
214 178
214 220
214 221
215 159
215 161
215 168
215 179
215 180
215 220
216 158
216 159
216 180
216 219
217 157
217 158
217 182
217 204
217 205
217 206
217 207
217 208
218 183
218 184
218 193
218 194
218 203
218 206
218 209
218 225
218 226
218 227
219 155
219 162
219 185
219 191
219 192
219 195
219 196
219 210
219 221
219 222
219 223
219 224
220 153
220 154
220 160
220 161
220 186
220 190
220 197
220 198
220 199
220 200
220 201
220 202
220 211
220 213
220 214
220 215
220 216
220 217
220 218
220 219
220 220
220 232
220 233
220 234
221 151
221 152
221 159
221 160
221 186
221 212
221 232
222 230
223 148
223 157
223 228
224 146
224 147
224 155
224 156
224 224
224 225
225 144
225 145
225 151
225 153
225 154
225 188
225 223
226 144
227 218
229 190
230 190
231 190
232 138
232 211
233 138
233 139
233 210
234 137
234 138
234 209
235 136
235 138
235 208
236 135
236 136
236 207
237 135
238 186
238 205
239 204
240 161
240 203
241 162
241 163
241 185
241 191
241 203
242 146
242 164
242 183
243 146
243 147
243 165
243 166
243 181
244 123
244 124
244 125
244 126
244 127
244 128
244 129
244 130
244 131
244 132
244 133
244 134
244 135
244 147
244 148
244 149
244 166
244 167
245 118
245 119
245 120
245 121
245 136
245 137
245 138
245 139
245 140
245 141
245 142
245 143
245 144
245 145
245 168
245 179
246 115
246 116
246 117
246 169
246 177
247 113
247 114
247 170
247 171
247 174
247 175
247 176
248 110
248 111
248 112
248 151
248 172
248 173
249 107
249 108
249 109
249 172
250 105
250 106
250 107
250 135
250 136
250 137
250 138
250 139
250 140
250 172
250 198
251 103
251 104
251 131
251 164
251 197
252 101
252 102
252 132
252 165
252 166
252 171
252 197
253 100
253 101
253 171
253 197
254 99
254 171
254 197
255 97
255 98
255 171
255 172
256 96
256 97
256 172
257 94
257 95
257 173
258 93
258 94
258 174
259 91
259 92
259 175
259 176
259 177
260 90
260 91
260 195
260 230
260 231
261 89
261 90
261 179
261 180
261 195
261 230
262 88
262 89
262 180
262 194
262 229
263 87
263 88
263 180
263 181
263 229
264 86
264 87
264 181
264 182
264 188
264 193
265 85
265 86
265 182
265 183
265 193
265 198
266 85
266 183
267 84
267 184
267 197
268 184
268 185
268 197
269 196
270 135
270 196
271 135
272 135
273 135
273 189
274 135
275 135
276 135
276 221
277 135
277 191
278 89
278 92
278 135
278 220
279 91
279 92
279 135
279 219
279 220
280 92
280 136
281 88
281 136
281 180
282 136
282 213
283 135
283 212
283 213
284 135
284 176
284 178
285 76
285 91
285 135
285 176
286 76
286 92
286 93
286 94
286 95
286 101
286 135
286 176
286 185
287 75
287 96
287 102
287 103
287 135
287 175
287 184
287 204
288 97
288 104
288 136
288 183
288 203
288 222
289 97
289 105
289 136
289 182
289 200
289 202
290 97
290 136
290 181
290 182
290 200
290 228
291 136
291 180
291 181
291 197
291 198
292 136
292 179
292 180
292 227
293 136
293 178
293 179
293 194
293 226
294 136
294 168
294 177
294 178
294 191
294 225
295 73
295 136
295 167
295 177
295 188
295 189
295 190
295 225
296 103
296 136
296 176
296 187
296 224
296 225
297 74
297 102
297 136
297 165
297 175
297 184
297 185
297 224
298 75
298 101
298 102
298 137
298 174
298 175
298 181
298 183
298 223
299 75
299 101
299 137
299 173
299 174
299 179
299 180
299 181
299 222
299 223
300 76
300 100
300 138
300 172
300 173
300 221
301 99
301 138
301 139
301 172
301 196
301 219
301 221
302 88
302 89
302 90
302 91
302 92
302 139
302 140
302 171
303 141
303 142
303 170
303 171
303 194
303 195
303 216
303 217
304 142
304 143
304 170
305 170
305 220
306 169
306 214
307 76
307 168
307 169
307 212
308 75
308 76
308 168
309 74
309 75
309 167
310 73
310 74
310 167
311 72
311 73
311 166
312 71
312 72
312 166
313 70
313 71
313 165
314 70
315 69
316 67
316 68
317 66
317 67
324 154
