306 175 30 49
306 205
306 206
307 206
308 205
309 192
309 193
309 215
310 190
310 191
310 214
310 215
311 213
311 214
312 187
312 188
312 206
312 208
312 209
312 210
312 211
312 212
312 221
313 186
313 187
313 221
314 208
314 220
315 182
315 183
315 220
316 180
316 181
316 182
316 205
316 206
316 207
316 220
317 179
317 180
317 205
317 206
317 220
318 220
319 179
319 220
320 172
320 173
320 178
320 179
320 220
320 221
321 174
321 175
321 176
321 177
321 178
321 221
322 221
327 221
328 221
329 220
335 216
339 212
