192 138 31 31
152 151
153 151
154 151
155 151
156 151
157 152
158 152
159 152
160 152
161 152
162 152
163 152
164 152
165 153
166 153
167 153
168 153
169 153
170 154
171 154
172 154
173 154
174 154
175 154
176 154
177 154
178 154
178 155
179 155
180 155
181 155
182 155
183 156
184 156
185 156
186 157
187 157
188 157
189 158
190 158
191 159
192 159
192 160
193 160
194 161
195 161
195 162
196 162
196 163
197 163
197 164
198 164
199 165
200 166
201 167
202 168
209 167
209 168
210 166
210 167
211 164
211 165
211 166
212 164
213 163
214 162
214 163
215 160
216 158
216 159
217 157
217 158
218 156
219 163
220 160
220 161
221 159
221 160
222 150
222 158
223 149
223 157
224 155
224 156
225 144
225 145
226 144
