47 141 161 65
48 202
48 204
50 195
50 198
51 188
52 187
53 185
54 150
54 151
54 185
55 151
56 151
56 158
56 183
57 150
57 159
57 160
57 169
57 176
57 177
58 143
58 144
58 145
58 146
58 147
58 148
58 149
58 150
58 151
58 160
58 161
58 168
58 169
58 174
58 175
58 179
58 180
58 181
59 142
59 156
59 161
59 173
59 179
60 155
60 156
60 172
60 178
61 154
61 162
61 177
62 163
62 164
62 165
62 166
62 169
62 170
62 171
62 175
62 176
63 160
63 161
63 167
63 168
63 174
63 175
64 156
64 157
64 158
64 160
65 155
65 156
68 152
69 151
69 152
70 151
71 150
81 139
82 140
83 141
111 178
111 179
113 182
120 171
120 173
120 175
121 165
121 166
121 167
121 168
121 169
121 170
121 178
121 187
123 183
123 188
124 163
124 174
124 183
125 161
125 162
125 163
125 174
126 161
126 162
126 174
126 175
126 183
126 189
127 161
127 162
127 172
127 173
128 162
128 170
128 189
129 162
129 164
129 165
129 168
129 183
129 189
130 189
131 161
131 162
131 163
131 182
132 182
133 182
134 182
134 187
135 181
135 182
136 181
137 181
138 180
139 180
140 180
140 186
141 185
142 181
143 180
143 185
144 180
144 185
145 179
145 184
146 177
146 178
146 184
147 177
147 183
148 176
149 176
149 182
150 175
150 182
151 175
151 182
152 175
152 183
153 176
153 183
154 176
154 183
155 177
155 184
155 185
156 177
157 178
158 178
159 178
160 178
161 177
162 177
163 175
163 176
163 193
164 173
164 174
164 175
165 172
165 173
166 171
167 170
168 170
169 169
170 169
170 196
170 197
170 198
170 199
170 200
170 201
170 202
171 168
171 194
171 195
172 168
172 169
173 154
173 169
173 170
173 181
173 182
173 183
173 184
173 185
173 186
173 187
173 188
173 189
173 190
174 154
174 170
174 171
174 175
174 176
174 177
174 178
174 179
174 180
175 154
175 172
175 174
176 154
177 154
178 154
178 155
178 190
179 155
180 155
181 155
182 155
183 156
184 156
185 156
186 157
187 157
188 157
189 158
192 159
197 172
202 177
203 168
203 175
203 177
