465 198 31 31
464 203
464 204
464 205
464 229
465 198
465 199
465 200
465 201
465 202
465 206
466 191
466 192
466 193
466 194
466 195
466 196
466 197
466 208
467 184
467 185
467 186
467 187
467 188
467 189
467 190
468 175
468 176
468 177
468 178
468 182
468 183
468 229
469 174
469 179
469 180
469 181
469 224
469 229
470 173
470 224
470 229
471 171
471 172
471 173
471 224
471 229
472 223
472 224
472 228
473 223
473 227
473 228
474 223
474 228
475 223
476 209
476 222
476 227
477 212
477 227
478 227
479 208
479 212
479 226
480 221
480 226
481 221
481 226
482 221
482 226
483 221
483 226
484 221
484 226
485 221
485 225
486 221
487 209
488 222
489 201
489 208
489 222
490 200
490 220
491 177
491 178
491 181
491 182
491 183
491 184
491 185
491 186
491 205
492 179
492 180
