355 86 139 185
352 106
353 107
354 108
357 99
358 99
359 98
360 97
360 196
361 96
361 97
361 114
361 195
361 196
362 95
362 96
362 194
363 95
363 112
363 113
363 193
364 94
364 111
364 112
364 192
365 93
365 94
365 110
365 111
365 192
366 93
366 109
366 110
366 194
367 92
367 93
367 108
367 109
367 193
367 194
368 92
368 108
368 191
368 192
368 193
368 194
369 91
369 107
369 191
370 90
370 106
370 107
370 190
371 90
371 105
371 106
371 189
371 190
372 90
372 105
372 188
372 189
373 90
373 104
374 91
374 92
374 103
374 104
374 232
374 242
375 92
375 103
375 243
375 245
376 93
376 102
376 245
376 246
376 247
376 248
377 94
377 95
377 102
377 234
377 235
378 96
378 101
378 235
378 236
379 97
379 98
379 100
379 101
379 236
379 237
379 238
380 99
380 239
380 240
380 262
380 263
381 241
381 242
381 243
381 244
381 257
381 261
382 244
382 245
382 246
382 247
382 248
382 256
382 262
383 249
383 250
383 251
383 252
383 253
383 254
383 255
384 253
385 254
431 73
431 74
432 75
433 258
434 77
434 258
434 262
435 80
435 258
435 262
436 258
436 262
437 83
437 258
438 84
438 258
438 262
439 85
440 87
440 88
440 261
441 88
441 89
441 258
441 261
442 90
442 258
443 92
444 257
445 95
445 257
446 93
446 96
446 257
447 97
447 100
447 101
448 98
448 99
448 102
448 257
449 103
449 257
449 260
449 263
449 264
449 265
449 266
450 104
450 105
450 106
450 107
450 260
450 261
450 262
450 263
451 107
451 108
452 108
452 109
452 256
452 267
452 268
453 255
453 256
453 265
453 266
453 267
454 254
454 255
454 261
454 265
455 253
455 254
455 261
455 265
456 252
456 260
457 243
457 244
457 245
457 246
457 247
457 248
457 251
457 259
458 241
458 250
459 231
459 232
459 233
459 234
459 238
459 240
459 249
460 235
460 238
461 247
462 111
462 228
462 229
462 246
462 247
463 89
463 111
463 226
463 228
463 246
464 111
464 229
464 245
465 88
465 111
465 209
465 244
466 115
466 207
466 243
467 110
467 115
467 242
468 115
468 148
468 207
468 229
469 109
469 115
469 148
469 207
469 224
469 229
469 242
470 109
470 115
470 208
470 224
470 229
470 233
470 241
470 242
471 109
471 170
471 171
471 172
471 224
471 229
471 233
471 241
472 108
472 147
472 223
472 224
472 228
472 233
473 108
473 147
473 173
473 174
473 204
473 223
473 227
473 228
473 233
474 82
474 113
474 204
474 223
474 228
474 233
475 108
475 113
475 146
475 204
475 223
475 232
475 238
476 107
476 113
476 146
476 172
476 203
476 222
476 227
476 232
476 235
476 237
477 85
477 113
477 146
477 172
477 203
477 209
477 212
477 227
477 232
478 89
478 101
478 145
478 150
478 172
478 203
478 208
478 212
478 227
478 232
479 90
479 91
479 101
479 112
479 145
479 149
479 171
479 202
479 226
479 231
480 91
480 112
480 144
480 149
480 171
480 202
480 207
480 211
480 221
480 226
480 231
481 100
481 144
481 148
481 170
481 202
481 207
481 211
481 221
481 226
481 231
482 143
482 170
482 202
482 207
482 221
482 226
482 231
483 106
483 112
483 143
483 170
483 201
483 221
483 226
483 230
483 231
484 111
484 142
484 169
484 201
484 221
484 226
484 230
485 108
485 142
485 201
485 221
485 225
485 230
486 142
486 200
486 209
486 221
486 229
487 142
487 201
487 228
487 229
488 201
488 202
488 222
488 228
489 143
489 148
489 149
489 164
489 165
489 200
489 201
489 208
489 222
490 149
490 150
490 173
490 200
490 220
491 161
491 171
491 172
491 176
491 177
491 205
