105 126 148 64
88 145
89 145
90 144
91 144
92 145
93 145
94 144
95 144
96 144
97 144
98 144
99 144
100 144
101 145
102 145
103 145
104 145
105 138
105 145
106 138
106 145
107 138
107 146
108 138
108 146
109 138
109 146
109 151
110 138
110 146
110 150
111 138
111 146
111 149
111 178
111 179
112 138
112 148
112 149
113 138
113 147
113 148
113 182
114 139
114 147
114 149
115 139
115 145
116 139
116 145
116 154
116 155
117 139
117 145
117 153
117 154
118 139
118 145
118 153
119 139
119 145
119 153
120 139
120 145
120 153
120 171
120 173
120 175
121 140
121 146
121 153
121 165
121 166
121 167
121 168
121 169
121 170
121 178
121 187
122 140
122 146
122 153
123 140
123 146
123 153
123 183
123 188
124 140
124 146
124 153
124 163
124 174
124 183
125 140
125 153
125 154
125 161
125 162
125 163
125 174
126 140
126 149
126 153
126 154
126 161
126 162
126 174
126 175
126 183
126 189
127 141
127 149
127 153
127 162
127 172
128 141
128 149
128 162
128 170
128 171
128 189
129 141
129 149
129 168
129 169
129 183
129 189
130 141
130 149
130 166
130 167
130 189
131 141
131 149
131 182
132 140
132 150
132 160
132 161
133 140
133 150
133 159
133 160
133 182
134 141
134 150
134 159
134 182
134 187
135 141
135 150
135 182
136 142
136 151
137 142
137 151
138 143
138 151
138 180
139 143
139 151
139 180
140 143
140 144
140 151
140 180
140 186
141 144
141 185
142 145
142 181
143 145
143 151
143 185
144 146
144 151
144 152
144 185
145 146
145 152
145 179
145 184
146 147
146 152
146 177
146 178
146 184
147 148
147 152
147 177
147 183
148 151
148 176
149 151
149 176
149 182
150 151
150 175
150 182
151 151
151 182
152 151
152 175
152 183
153 151
153 176
154 151
154 176
154 184
155 151
155 177
156 151
156 177
157 152
157 178
158 152
158 178
159 152
159 178
160 152
161 152
162 152
163 152
164 152
165 153
166 153
167 170
168 170
169 169
170 169
171 168
172 168
172 169
173 169
173 170
174 170
174 171
175 172
184 156
185 156
186 157
187 157
188 157
189 158
192 159
196 172
197 172
197 173
198 173
199 173
200 173
201 173
201 177
201 178
201 179
201 180
201 181
202 168
202 174
202 177
203 168
203 169
203 175
203 176
203 177
204 169
204 170
205 170
206 174
207 174
208 168
208 174
209 167
209 168
209 169
209 170
209 171
209 172
209 174
210 166
210 167
210 172
210 174
211 164
211 165
211 166
211 174
211 175
212 164
212 176
213 163
213 170
213 177
214 162
214 163
214 169
214 177
214 178
215 160
215 167
215 168
215 179
215 180
216 158
216 159
216 165
216 166
216 180
216 181
217 157
217 158
217 182
217 183
218 156
218 184
219 163
219 184
220 160
220 161
221 159
221 160
222 150
222 158
223 149
223 157
224 155
224 156
225 151
225 153
225 154
226 143
227 143
228 142
229 142
230 142
231 142
232 138
232 140
232 142
233 139
233 143
234 138
234 143
235 138
235 143
236 136
236 144
237 135
238 186
239 145
240 145
241 185
242 146
242 183
243 146
243 147
243 165
243 181
244 123
244 124
244 125
244 126
244 127
244 128
244 129
244 130
244 131
244 132
244 133
244 134
244 135
244 147
244 148
244 149
245 118
245 119
245 120
245 121
245 136
245 137
245 138
245 139
245 140
245 141
245 142
245 143
245 144
245 145
245 179
246 115
246 116
246 117
246 169
246 177
247 113
247 114
247 174
247 175
247 176
248 110
248 111
248 112
248 151
248 172
248 173
248 186
249 107
249 108
249 109
249 172
250 105
250 106
250 107
250 135
250 136
250 137
250 138
250 139
250 140
250 187
251 103
251 104
251 164
252 101
252 102
252 165
252 166
253 100
253 101
254 99
255 97
255 98
256 96
256 97
257 94
257 95
258 93
258 94
259 91
259 92
260 90
260 91
261 89
261 90
262 88
262 89
263 88
264 86
264 87
