91 173 182 70
100 241
109 229
109 231
110 218
110 219
110 220
110 221
110 222
110 223
110 224
110 225
110 226
110 227
111 178
111 179
111 213
111 215
111 217
112 179
112 211
112 212
113 182
116 206
117 185
117 205
117 235
117 236
118 205
118 228
118 229
118 230
118 231
118 232
118 233
118 234
118 237
119 220
119 221
119 222
119 223
119 224
119 225
119 226
119 227
120 171
120 173
120 175
120 176
120 177
120 217
120 218
120 219
121 165
121 166
121 167
121 168
121 169
121 170
121 175
121 177
121 178
121 179
121 187
121 208
121 215
121 216
121 217
122 180
122 181
122 183
122 213
122 214
122 215
123 188
124 174
125 174
125 183
126 174
126 175
126 184
126 189
127 172
127 183
127 189
128 170
128 171
128 183
128 189
129 164
129 165
129 168
129 169
129 189
130 166
130 167
130 183
130 189
131 188
132 182
132 188
133 188
135 181
136 181
136 187
137 181
137 187
138 187
139 186
141 180
142 185
144 180
144 213
145 213
146 213
147 213
148 183
148 213
149 212
150 212
151 175
153 183
153 197
154 183
154 184
154 195
154 196
155 184
155 185
155 194
155 200
156 185
156 186
156 192
156 193
156 199
156 200
156 201
156 202
156 203
156 207
156 208
156 209
156 223
156 224
156 225
157 187
157 188
157 189
157 190
157 191
157 204
157 205
157 206
157 210
157 223
158 211
158 215
158 216
158 217
158 218
158 219
158 222
159 212
159 214
159 220
159 222
160 190
160 191
160 222
161 191
161 192
162 193
162 194
168 212
168 217
168 218
168 220
169 202
172 191
172 192
172 193
172 220
173 181
173 182
173 183
173 184
173 185
173 186
174 175
174 176
174 177
174 178
174 179
174 180
175 174
176 201
176 202
176 203
176 204
176 205
176 206
176 207
177 193
177 194
177 195
177 196
178 190
178 191
178 192
181 205
182 205
183 205
185 205
186 205
187 206
188 206
189 206
190 206
191 207
192 207
193 207
193 234
194 207
195 208
196 207
197 207
197 231
198 231
205 232
212 176
216 181
217 183
219 184
219 221
219 222
219 223
219 224
220 185
220 189
220 234
221 232
222 186
222 187
222 230
223 187
223 228
224 187
224 224
224 225
225 223
225 233
225 234
225 235
226 188
226 230
226 231
226 232
227 189
227 218
228 189
228 238
229 190
230 190
231 190
232 191
232 211
232 235
233 191
233 210
234 191
234 209
234 236
235 191
235 208
236 191
236 207
236 235
237 186
237 187
237 191
238 186
238 187
238 191
238 205
239 185
239 186
239 191
239 204
240 185
240 191
240 203
241 184
241 185
241 191
241 202
241 203
242 183
242 190
242 202
243 181
243 190
243 201
243 202
244 191
244 201
245 179
245 192
245 201
246 169
246 177
246 192
246 193
246 200
247 174
247 175
247 176
247 192
247 200
248 172
248 186
248 187
248 192
248 201
249 187
249 188
249 191
249 192
249 202
249 235
250 187
250 191
250 198
250 202
250 235
251 171
251 191
251 197
251 202
251 235
252 190
252 197
252 201
252 234
253 190
253 197
253 201
253 234
254 171
254 190
254 197
254 201
254 233
255 171
255 172
255 190
255 197
255 201
255 233
256 172
256 190
256 197
256 201
256 232
256 233
257 189
257 196
257 201
257 232
258 174
258 189
258 201
258 231
258 232
259 175
259 176
259 177
259 178
259 189
259 196
259 201
259 231
260 189
260 195
260 201
260 230
260 231
261 179
261 180
261 189
261 195
261 200
261 230
262 180
262 189
262 194
262 195
262 200
262 229
262 230
263 180
263 181
263 188
263 194
263 199
263 229
264 181
264 182
264 188
264 193
264 198
264 229
265 182
265 183
265 193
265 198
265 229
266 183
266 188
266 198
266 229
267 184
267 188
267 197
267 228
268 184
268 185
268 188
268 197
268 198
268 227
268 228
269 185
269 196
269 227
270 185
270 186
270 196
270 226
270 227
271 195
271 225
271 226
272 185
272 224
272 225
273 184
273 185
273 223
273 224
274 184
274 223
275 183
275 184
276 183
277 183
278 182
279 182
281 180
282 179
282 180
283 179
284 178
