194 81 299 129
152 151
153 151
154 151
155 151
156 151
157 152
158 152
159 152
160 152
161 152
162 152
163 152
164 152
165 153
166 153
167 153
168 153
169 153
170 154
171 154
172 154
173 154
174 154
175 154
176 154
177 154
178 154
178 155
179 155
180 155
181 155
181 205
182 155
182 205
183 156
184 156
184 205
185 156
185 205
186 157
186 205
187 157
188 157
188 206
189 158
189 206
190 158
190 206
191 159
191 207
192 159
192 160
193 160
194 161
195 161
195 162
196 162
196 163
196 172
196 207
197 163
197 164
197 172
197 173
198 164
198 173
199 165
199 173
200 166
200 173
201 167
201 173
201 177
201 178
201 179
201 180
201 181
202 168
202 174
202 177
203 169
203 175
203 176
203 177
204 169
204 170
204 175
205 170
206 174
207 174
208 168
208 174
209 170
209 171
209 172
209 174
210 174
211 174
211 175
212 163
213 177
214 161
214 177
214 178
215 159
215 161
215 179
215 180
216 180
217 182
218 183
218 184
218 193
218 194
219 155
219 162
219 185
219 191
219 192
219 195
219 196
220 153
220 154
220 186
220 190
220 197
220 198
220 199
220 200
220 201
220 202
221 151
221 152
221 186
223 148
224 146
224 147
225 144
225 145
225 188
226 143
226 144
226 152
227 143
228 142
229 142
229 190
230 142
230 190
231 142
231 190
232 140
232 142
233 138
233 143
234 137
234 143
235 136
235 143
236 135
236 144
236 154
237 144
237 154
237 155
237 186
237 187
238 144
238 155
238 156
238 187
239 145
239 157
239 158
239 185
239 186
240 145
240 159
240 160
240 161
240 185
241 146
241 161
241 162
241 163
241 184
242 164
242 184
243 147
243 166
243 182
244 122
244 146
244 166
244 167
244 168
244 179
244 180
245 168
245 178
246 176
247 170
247 171
248 152
248 153
248 173
249 154
249 155
249 156
249 172
250 157
250 158
250 159
250 160
250 172
251 161
251 162
251 163
251 171
252 101
252 102
252 164
252 171
253 100
253 101
253 132
253 171
254 99
254 133
255 97
255 98
255 133
256 96
256 97
256 133
256 173
257 133
257 173
258 93
258 94
258 133
259 91
259 92
259 133
259 178
260 90
260 91
260 132
260 179
261 89
261 90
261 132
261 180
262 88
262 89
262 132
262 180
263 87
263 88
263 133
264 86
264 87
264 133
264 182
264 188
265 85
265 86
265 133
265 198
266 85
266 134
267 84
267 134
267 197
268 134
268 197
269 135
269 196
270 135
270 196
271 135
272 135
273 135
274 135
275 135
276 135
277 135
277 182
278 90
278 135
279 135
279 181
280 136
280 181
281 136
281 180
282 136
283 135
284 135
284 178
285 76
285 135
286 76
286 135
286 176
286 185
287 75
287 135
287 175
287 176
287 184
288 96
288 104
288 136
288 173
288 174
288 175
288 183
289 105
289 136
289 172
289 173
289 182
290 136
290 171
290 181
290 182
291 136
291 170
291 180
291 181
292 136
292 169
292 179
292 180
293 72
293 136
293 168
293 169
293 178
293 179
294 73
294 136
294 167
294 177
294 178
295 73
295 136
295 166
295 177
296 74
296 136
296 165
296 166
296 176
297 74
297 136
297 175
298 75
298 101
298 137
298 164
298 165
298 204
298 206
299 75
299 76
299 137
299 163
299 164
299 198
299 199
299 202
299 203
299 205
300 100
300 138
300 160
300 161
300 162
300 163
300 178
300 197
300 198
300 199
300 200
300 201
301 98
301 99
301 153
301 154
301 155
301 156
301 157
301 158
301 159
301 197
301 200
302 88
302 89
302 93
302 94
302 95
302 96
302 97
302 98
302 152
302 153
302 201
303 151
304 144
304 145
304 146
304 147
304 148
304 149
304 150
304 194
305 194
306 194
306 205
306 206
307 194
307 206
308 193
308 194
308 205
309 192
309 193
310 190
310 191
312 187
312 188
312 206
313 186
313 187
314 164
314 165
314 208
315 163
315 164
316 162
316 163
316 205
316 206
316 207
317 161
317 162
317 179
317 205
317 206
318 160
318 161
318 167
319 159
319 167
320 158
320 159
320 167
320 179
321 158
321 175
321 177
322 156
322 157
322 162
323 155
323 156
323 162
323 163
324 153
324 154
324 169
324 172
325 153
325 171
326 153
327 152
328 150
329 150
330 167
331 160
331 167
332 147
332 148
332 154
332 156
332 157
332 158
332 166
333 146
333 147
333 165
333 166
334 145
334 146
334 164
335 144
335 145
335 162
335 163
336 143
336 144
336 160
336 161
336 162
337 142
337 157
337 158
337 159
338 142
338 156
338 157
339 141
339 154
339 155
340 152
340 153
341 138
341 150
341 151
341 204
341 205
341 206
341 207
342 91
342 137
342 149
342 201
342 202
342 203
343 88
343 90
343 91
343 92
343 120
343 121
343 122
343 123
343 135
343 136
343 137
343 138
343 147
343 199
343 200
344 85
344 86
344 87
344 91
344 117
344 118
344 119
344 124
344 127
344 128
344 129
344 130
344 131
344 132
344 133
344 134
344 198
344 199
345 81
345 82
345 83
345 91
345 92
345 113
345 114
345 115
345 116
345 125
345 139
345 140
345 142
345 143
345 197
345 207
346 76
346 77
346 78
346 79
346 80
346 92
346 110
346 111
346 112
346 126
346 196
346 197
346 206
347 106
347 107
347 108
347 109
347 127
347 195
347 196
347 204
347 205
348 102
348 103
348 104
348 105
348 128
348 194
348 203
349 97
349 98
349 99
349 100
349 101
349 102
349 129
349 193
349 200
349 201
350 95
350 96
350 114
350 130
351 93
351 94
351 115
352 91
352 92
352 106
352 116
352 125
352 191
353 90
353 107
353 123
353 124
353 125
354 88
354 89
354 108
355 84
355 85
355 86
355 87
355 109
355 120
355 121
355 190
356 70
356 71
356 72
356 73
356 74
356 75
356 76
356 77
356 78
356 79
356 80
356 81
356 82
356 83
356 120
356 190
357 99
357 119
358 99
358 118
358 119
359 98
359 117
359 118
360 97
360 115
360 116
360 196
361 96
361 97
361 114
361 196
362 95
362 96
362 113
362 114
363 95
363 112
363 113
364 94
364 112
365 93
365 94
365 110
365 111
366 93
366 110
367 92
367 93
367 108
367 109
367 194
368 92
368 108
368 193
369 91
369 107
370 90
370 107
371 90
371 105
371 106
372 90
372 105
373 90
373 104
374 91
374 92
374 104
375 92
435 80
437 83
438 84
439 85
440 87
440 88
441 88
441 89
442 90
446 93
452 89
452 103
453 88
453 89
453 102
453 110
454 88
454 102
454 109
454 110
455 88
455 109
455 110
456 92
456 108
456 112
457 108
458 108
462 111
463 89
463 111
463 116
464 111
464 116
465 88
465 111
465 116
465 209
466 115
466 148
466 150
466 207
467 110
467 115
467 148
467 149
468 110
468 115
468 148
468 207
469 109
469 115
469 148
469 207
470 109
470 115
470 148
470 208
471 109
471 114
471 148
471 170
471 171
471 172
472 82
472 108
472 114
472 147
473 108
473 114
473 147
473 173
473 174
473 204
474 82
474 108
474 113
474 204
475 108
475 113
475 146
475 204
476 107
476 113
476 146
476 172
476 203
477 85
477 101
477 107
477 113
477 146
477 172
477 203
477 209
478 89
478 101
478 102
478 107
478 112
478 145
478 150
478 172
478 203
478 208
479 90
479 91
479 101
479 102
479 112
479 145
479 149
479 171
479 202
480 91
480 102
480 112
480 144
480 149
480 171
480 202
480 207
481 100
481 112
481 144
481 148
481 170
481 202
481 207
482 143
482 170
482 202
482 207
483 106
483 112
483 143
483 170
483 201
484 111
484 142
484 169
484 201
485 108
485 142
485 201
486 142
486 200
486 209
487 142
487 201
488 201
488 202
489 143
489 148
489 149
489 164
489 165
489 200
489 201
490 149
490 150
490 173
490 200
491 161
491 171
491 172
491 176
491 177
