216 177 69 66
206 174
207 174
208 174
209 174
210 174
211 174
211 175
212 176
213 177
214 177
214 178
215 179
215 180
216 180
216 181
217 182
217 183
217 204
217 205
217 206
217 207
217 208
218 183
218 184
218 193
218 194
218 203
218 206
218 209
218 225
218 226
218 227
219 184
219 185
219 191
219 192
219 195
219 196
219 210
220 185
220 186
220 189
220 197
220 198
220 199
220 200
220 201
220 202
220 211
220 213
220 214
220 215
220 216
220 217
220 218
220 219
220 220
220 232
220 233
220 234
221 186
221 212
221 230
221 231
222 186
222 187
222 229
222 230
223 187
223 227
224 187
224 223
224 224
224 225
224 226
225 221
225 222
225 223
226 188
226 219
226 220
227 189
227 217
228 189
228 215
228 216
229 214
229 215
230 213
230 214
231 212
231 213
232 191
232 210
233 191
233 209
234 191
234 208
235 191
235 207
236 191
236 206
237 186
237 187
237 191
237 205
237 206
238 187
238 191
238 204
239 185
239 186
239 191
240 185
240 191
241 184
241 185
241 191
241 202
242 183
242 184
242 190
242 202
243 182
243 190
243 201
243 202
244 179
244 180
244 191
244 201
245 178
245 192
245 201
246 169
246 176
246 192
246 193
246 200
247 192
247 200
248 172
248 186
248 187
248 192
248 201
249 187
249 188
249 191
249 192
249 202
250 187
250 191
250 198
250 202
251 191
251 197
251 202
252 190
252 197
252 201
253 190
253 197
253 201
254 190
254 197
254 201
255 190
255 197
255 201
256 190
256 197
256 201
257 189
257 196
257 201
258 174
258 189
258 201
259 175
259 176
259 177
259 178
259 189
259 196
259 201
260 179
260 189
260 195
260 201
260 230
260 231
261 179
261 189
261 195
261 200
261 230
262 189
262 194
262 195
262 200
262 229
263 180
263 181
263 188
263 194
263 199
263 229
264 181
264 193
264 198
265 182
265 183
265 193
265 198
266 183
266 188
266 198
267 184
267 188
267 197
268 184
268 185
268 188
268 197
268 198
269 185
269 188
269 196
270 185
270 186
270 188
270 196
271 188
271 195
272 185
272 189
273 184
273 185
273 189
273 190
274 184
274 191
275 183
275 184
275 192
276 183
276 192
276 221
277 182
277 183
277 191
277 221
278 182
278 191
278 220
279 181
279 182
279 190
279 218
279 219
279 220
280 181
280 189
281 180
281 189
282 179
282 180
282 189
282 213
283 179
283 188
283 189
283 212
283 213
283 233
283 234
284 178
284 187
285 186
285 187
286 185
286 186
287 184
287 204
288 183
288 203
289 182
289 200
289 202
290 181
290 182
290 200
291 180
291 181
291 197
291 198
292 179
292 180
293 178
293 179
293 194
294 177
294 178
294 191
295 177
295 188
295 189
295 190
296 176
296 187
297 175
297 184
297 185
298 174
298 175
298 183
299 173
299 174
300 172
300 173
301 172
302 171
303 170
303 171
