11 74 294 132
38 142
38 143
39 142
40 141
41 141
42 140
43 140
44 141
45 140
46 140
46 190
46 191
46 192
46 193
47 140
48 140
48 202
48 204
49 140
50 139
50 195
50 198
51 138
51 188
52 138
53 137
53 186
54 137
54 150
54 151
55 136
55 137
55 151
55 184
56 136
56 151
56 158
57 136
57 150
57 159
57 160
57 169
57 176
57 177
57 182
58 136
58 143
58 144
58 145
58 146
58 147
58 148
58 149
58 150
58 151
58 160
58 161
58 168
58 169
58 174
58 175
58 179
58 180
58 181
59 136
59 142
59 156
59 161
59 173
59 179
60 136
60 155
60 156
60 172
60 178
61 136
61 154
61 162
61 177
62 136
62 163
62 164
62 165
62 166
62 169
62 170
62 171
62 175
62 176
63 135
63 160
63 161
63 167
63 168
63 174
63 175
64 135
64 156
64 157
64 158
64 160
65 134
65 155
65 156
66 134
67 133
67 134
68 133
68 152
69 132
69 151
69 152
70 131
70 151
71 130
71 131
71 150
72 130
72 150
73 129
73 149
73 150
74 129
74 149
75 129
75 148
76 128
76 129
76 148
77 128
77 148
78 128
78 147
79 128
79 147
80 128
80 146
80 147
81 128
81 139
81 146
82 104
82 128
82 140
82 141
82 146
83 102
83 105
83 129
83 130
83 141
83 145
84 99
84 100
84 101
84 131
84 132
84 141
84 145
85 132
85 141
85 145
86 132
86 140
86 145
87 133
87 134
87 139
87 140
87 145
88 135
88 137
88 138
88 139
88 145
89 135
89 140
89 145
90 135
90 140
90 144
91 135
91 144
92 136
92 145
93 136
93 145
94 136
94 144
95 136
95 144
96 136
96 144
97 136
97 144
98 136
98 144
99 136
99 144
100 137
100 144
101 137
101 145
102 137
102 145
103 137
103 145
104 138
104 145
105 138
105 145
106 138
106 145
107 138
107 146
108 138
108 146
109 76
109 77
109 78
109 79
109 81
109 82
109 83
109 84
109 85
109 86
109 87
109 89
109 90
109 91
109 92
109 138
109 146
109 151
110 75
110 138
110 146
110 150
111 138
111 146
111 149
112 138
112 148
112 149
113 138
113 147
113 148
113 182
114 139
114 147
114 149
115 139
115 145
116 139
116 145
116 154
116 155
117 139
117 145
117 153
117 154
118 139
118 145
118 153
119 139
119 145
119 153
120 139
120 145
120 153
120 171
120 173
120 175
121 140
121 146
121 153
121 165
121 166
121 167
121 168
121 169
121 170
121 178
121 187
122 140
122 146
122 153
123 140
123 146
123 153
123 183
123 188
124 140
124 146
124 153
124 163
124 174
124 183
125 140
125 153
125 154
125 161
125 162
125 163
125 174
126 140
126 149
126 153
126 154
126 161
126 162
126 174
126 175
126 183
126 189
127 141
127 149
127 153
127 162
127 172
127 173
128 141
128 149
128 162
128 170
128 171
128 189
129 141
129 149
129 168
129 169
129 183
129 189
130 141
130 149
130 166
130 167
130 189
131 141
131 149
131 182
132 140
132 150
132 160
132 161
133 140
133 150
133 159
133 160
133 182
134 141
134 150
134 159
134 182
134 187
135 141
135 150
135 182
136 142
136 151
137 142
137 151
138 143
138 151
138 180
139 143
139 151
139 180
140 143
140 144
140 151
140 180
140 186
141 144
141 185
142 145
142 181
143 145
143 151
143 180
143 185
144 146
144 151
144 152
144 185
145 146
145 152
145 179
145 184
146 147
146 152
146 177
146 178
146 184
147 148
147 152
147 177
147 183
148 151
148 176
149 151
149 176
149 182
150 151
150 175
150 182
151 151
151 182
152 151
152 175
152 183
153 151
153 176
153 197
154 151
154 176
154 184
154 195
154 196
155 151
155 177
155 194
156 151
156 177
156 185
156 186
156 192
156 193
157 152
157 178
157 187
157 188
157 189
157 190
157 191
158 152
158 178
159 152
159 178
160 152
160 178
160 190
160 191
161 152
161 177
161 191
161 192
162 152
162 177
162 193
162 194
163 152
163 175
163 176
163 193
164 152
164 173
164 174
164 175
165 153
165 172
165 173
166 153
166 171
167 149
167 153
167 170
168 149
168 153
168 170
169 148
169 153
169 169
169 202
170 148
170 154
170 169
170 196
170 197
170 198
170 199
170 200
170 201
170 202
171 148
171 154
171 168
171 194
171 195
172 148
172 149
172 154
172 168
172 169
172 191
172 192
172 193
173 149
173 154
173 169
173 170
173 181
173 182
173 183
173 184
173 185
173 186
173 187
173 188
173 189
173 190
174 134
174 150
174 154
174 170
174 171
174 175
174 176
174 177
174 178
174 179
174 180
175 134
175 149
175 154
175 172
175 174
176 134
176 154
177 134
177 154
177 193
177 194
177 195
177 196
178 134
178 154
178 155
178 190
178 191
178 192
179 155
180 155
181 155
182 155
183 156
184 156
185 156
186 157
187 157
188 157
189 158
190 158
191 159
192 159
192 160
193 160
194 161
195 161
195 162
196 162
196 163
196 172
197 163
197 164
197 172
197 173
198 164
198 173
199 165
199 173
200 166
200 173
201 167
201 173
201 177
201 178
201 179
201 180
201 181
202 168
202 174
202 177
203 168
203 169
203 175
203 176
203 177
204 169
204 170
205 170
206 174
207 174
208 168
208 174
209 167
209 168
209 169
209 170
209 171
209 172
209 174
210 166
210 167
210 172
210 174
211 164
211 165
211 166
211 174
211 175
212 164
212 176
213 163
213 170
213 177
214 162
214 163
214 169
214 177
214 178
215 160
215 167
215 168
215 179
215 180
216 158
216 159
216 165
216 166
216 180
216 181
217 157
217 158
217 182
217 183
218 156
218 184
219 163
219 184
220 160
220 161
220 185
220 186
220 189
220 190
221 159
221 160
221 186
222 150
222 158
222 186
222 187
223 149
223 157
223 187
224 155
224 156
224 187
225 151
225 153
225 154
225 188
226 143
226 188
227 143
227 189
228 142
228 189
229 142
229 190
230 142
230 190
231 142
231 190
232 138
232 140
232 142
233 139
233 143
234 138
234 143
235 138
235 143
236 136
236 144
237 135
237 191
238 186
238 191
239 145
240 145
241 185
241 191
242 146
242 183
243 146
243 147
243 165
243 181
244 123
244 124
244 125
244 126
244 127
244 128
244 129
244 130
244 131
244 132
244 133
244 134
244 135
244 147
244 148
244 149
245 118
245 119
245 120
245 121
245 136
245 137
245 138
245 139
245 140
245 141
245 142
245 143
245 144
245 145
245 179
246 115
246 116
246 117
246 169
246 177
247 113
247 114
247 174
247 175
247 176
248 110
248 111
248 112
248 151
248 172
248 173
249 107
249 108
249 109
249 172
250 105
250 106
250 107
250 135
250 136
250 137
250 138
250 139
250 140
250 172
250 198
251 103
251 104
251 131
251 164
251 171
251 197
252 101
252 132
252 165
252 166
252 171
252 197
253 100
253 132
253 171
253 197
254 99
254 133
254 171
254 197
255 97
255 98
255 133
255 171
255 172
256 96
256 97
256 133
256 172
257 94
257 95
257 133
258 93
258 94
258 133
258 174
259 91
259 92
259 133
259 175
259 176
259 177
259 178
260 90
260 91
260 132
260 195
261 89
261 90
261 132
261 179
261 180
261 195
262 88
262 89
262 132
262 180
262 194
263 87
263 88
263 133
263 180
263 181
264 86
264 87
264 133
264 181
264 182
264 188
264 193
265 85
265 86
265 133
265 182
265 183
265 193
265 198
266 85
266 134
266 183
267 84
267 134
267 184
267 197
268 134
268 184
268 185
268 197
269 135
269 185
269 196
270 135
270 185
270 186
270 196
271 135
272 135
272 185
273 135
273 184
273 185
273 189
274 135
274 184
275 135
275 183
275 184
276 135
276 183
277 135
277 183
277 191
278 89
278 92
278 135
278 182
279 91
279 92
279 135
279 182
279 190
280 92
280 136
280 189
281 88
281 136
281 180
281 189
282 136
282 179
282 180
282 189
283 135
283 179
283 188
283 189
284 89
284 135
284 176
284 178
284 187
285 76
285 89
285 90
285 91
285 135
285 176
285 186
285 187
286 76
286 88
286 89
286 92
286 93
286 94
286 95
286 101
286 135
286 176
286 185
286 186
287 75
287 88
287 96
287 102
287 103
287 135
287 175
287 184
288 88
288 97
288 104
288 136
288 183
289 88
289 97
289 105
289 136
289 182
290 87
290 97
290 98
290 105
290 136
290 181
290 182
291 87
291 98
291 105
291 136
291 180
291 181
292 87
292 99
292 104
292 105
292 136
292 179
292 180
293 87
293 99
293 100
293 104
293 136
293 178
293 179
294 86
294 99
294 100
294 103
294 104
294 136
294 168
294 177
294 178
295 73
295 86
295 103
295 136
295 167
295 177
296 86
296 103
296 136
296 176
297 74
297 87
297 102
297 136
297 165
297 175
298 75
298 87
298 102
298 137
298 174
298 175
298 181
299 75
299 87
299 101
299 137
299 173
299 174
299 179
299 180
299 181
300 87
300 138
300 172
300 173
301 86
301 87
301 88
301 138
301 139
301 172
301 196
302 88
302 89
302 90
302 91
302 92
302 139
302 140
302 171
303 141
303 142
303 170
303 171
303 194
303 195
304 142
304 143
304 170
305 170
306 169
307 168
307 169
308 168
309 167
310 167
311 166
312 166
313 165
324 154
