152 139 101 105
147 183
148 183
149 182
150 182
151 182
152 175
152 183
153 176
153 197
154 176
154 184
154 195
154 196
155 177
155 194
155 200
156 177
156 185
156 186
156 192
156 193
156 199
156 200
156 201
156 202
156 203
156 207
156 208
156 209
156 223
156 224
156 225
157 178
157 187
157 188
157 189
157 190
157 191
157 204
157 205
157 206
157 210
157 223
158 178
158 211
158 215
158 216
158 217
158 218
158 219
158 222
159 178
159 212
159 214
159 220
159 222
160 190
160 191
160 222
161 191
161 192
162 193
162 194
168 212
168 217
168 218
168 220
169 202
172 191
172 192
172 193
172 220
176 201
176 202
176 203
176 204
176 205
176 206
176 207
177 193
177 194
177 195
177 196
178 191
178 192
181 205
182 205
184 205
188 206
191 207
196 207
203 168
203 229
204 175
205 232
206 225
206 229
207 225
208 225
208 226
209 225
210 172
210 224
211 223
212 163
212 176
212 222
213 170
213 222
214 161
214 163
214 169
214 220
214 221
215 159
215 160
215 161
215 167
215 168
216 158
216 159
216 165
216 166
216 181
217 157
217 158
217 183
218 156
219 155
219 162
219 163
219 184
219 221
219 222
219 223
219 224
220 153
220 154
220 160
220 161
220 185
220 189
220 190
220 234
221 151
221 159
221 160
221 232
222 150
222 158
222 186
222 187
222 230
223 149
223 157
223 187
223 228
224 146
224 147
224 155
224 156
224 187
224 224
224 225
225 144
225 145
225 151
225 153
225 154
225 188
225 223
225 233
225 234
225 235
226 144
226 188
226 230
226 231
226 232
227 189
227 218
228 189
228 238
229 190
230 190
231 190
232 138
232 191
232 211
232 235
233 138
233 139
233 191
233 210
234 137
234 138
234 191
234 209
234 236
235 138
235 191
235 208
236 191
236 207
236 235
237 186
237 187
237 191
238 186
238 187
238 191
238 205
239 185
239 186
239 191
239 204
240 185
240 191
240 203
241 184
241 185
241 191
241 202
241 203
242 146
242 183
242 190
242 202
243 146
243 165
243 181
243 190
243 201
243 202
244 123
244 124
244 125
244 126
244 127
244 128
244 129
244 130
244 131
244 132
244 133
244 134
244 135
244 147
244 148
244 149
244 191
244 201
245 118
245 119
245 120
245 121
245 136
245 137
245 138
245 139
245 140
245 141
245 142
245 143
245 144
245 145
245 179
245 192
245 201
246 115
246 116
246 117
246 169
246 177
246 192
246 193
246 200
247 113
247 114
247 174
247 175
247 176
247 192
247 200
248 110
248 111
248 112
248 151
248 172
248 173
248 186
248 187
248 192
248 201
249 107
249 108
249 109
249 172
249 187
249 188
249 191
249 192
249 202
250 105
250 106
250 107
250 135
250 136
250 137
250 138
250 139
250 140
250 187
250 191
250 198
250 202
251 103
251 104
251 164
251 191
251 197
251 202
252 101
252 102
252 165
252 166
252 190
252 197
252 201
253 100
253 101
253 190
253 197
253 201
254 99
254 190
254 197
254 201
255 97
255 98
255 190
255 197
255 201
256 96
256 97
256 190
256 197
256 201
257 94
257 95
257 189
257 196
257 201
258 93
258 94
258 189
258 201
259 91
259 92
259 189
259 201
260 90
260 91
260 189
260 201
261 89
261 90
261 189
261 200
262 88
262 89
262 189
262 200
263 88
263 188
263 199
264 86
264 87
264 188
264 198
