242 127 253 192
236 154
237 144
237 154
237 155
238 144
238 155
238 156
239 157
239 158
240 159
240 160
240 161
241 146
241 161
241 162
241 163
242 146
242 164
242 190
243 165
243 166
243 190
244 122
244 146
244 166
244 167
244 168
244 179
244 180
244 191
244 290
245 168
245 178
245 192
245 285
245 286
245 287
245 288
245 289
246 169
246 176
246 192
246 193
246 283
246 284
247 170
247 171
247 192
247 282
247 283
248 152
248 153
248 172
248 186
248 187
248 192
248 271
248 272
248 280
248 281
249 154
249 155
249 156
249 187
249 188
249 191
249 192
249 202
249 269
249 270
249 279
249 280
250 157
250 158
250 159
250 160
250 187
250 191
250 202
250 269
250 277
250 278
250 279
251 161
251 162
251 163
251 164
251 171
251 191
251 202
251 275
251 277
252 101
252 102
252 164
252 165
252 166
252 190
252 201
252 266
252 267
252 273
252 274
253 100
253 101
253 190
253 201
254 99
254 171
254 190
254 201
254 264
254 270
255 97
255 98
255 171
255 172
255 190
255 197
255 201
256 96
256 97
256 172
256 173
256 190
256 197
256 201
256 233
256 262
256 268
257 173
257 189
257 196
257 201
257 232
257 268
258 93
258 94
258 174
258 189
258 201
258 231
258 232
258 258
258 259
258 260
258 261
258 267
259 91
259 92
259 175
259 176
259 177
259 178
259 189
259 196
259 201
259 231
259 266
260 90
260 91
260 179
260 189
260 201
260 256
260 262
260 265
260 302
261 89
261 90
261 180
261 189
261 200
261 255
261 264
261 301
262 88
262 89
262 180
262 189
262 195
262 200
262 230
262 253
262 254
262 263
263 88
263 188
263 194
263 199
263 253
263 263
264 86
264 87
264 182
264 188
264 198
264 229
264 252
264 263
264 298
264 299
265 229
265 250
265 251
265 263
265 298
266 188
266 198
266 229
266 249
266 250
266 251
266 262
266 298
267 188
267 228
267 248
267 261
267 262
268 188
268 198
268 227
268 228
268 246
268 247
268 248
268 259
268 260
268 297
269 185
269 188
269 227
269 244
269 245
269 256
269 257
269 258
270 185
270 186
270 188
270 226
270 227
270 243
270 244
270 254
270 255
271 188
271 195
271 225
271 226
271 241
271 242
271 253
271 254
272 185
272 189
272 224
272 225
272 240
272 251
272 252
272 293
272 294
273 184
273 185
273 190
273 223
273 224
273 238
273 249
273 250
273 251
274 184
274 191
274 222
274 223
274 236
274 237
274 246
274 247
274 248
274 249
274 292
275 183
275 184
275 192
275 222
275 234
275 235
275 243
275 244
275 245
276 183
276 192
276 222
276 234
276 240
276 241
276 242
276 243
277 182
277 183
277 221
277 240
278 182
278 191
278 240
278 290
279 181
279 182
279 190
279 218
279 234
279 235
279 236
279 237
279 239
279 240
279 290
280 181
280 189
280 216
280 217
280 218
280 234
280 238
280 239
280 290
281 189
281 214
281 215
281 234
281 289
282 179
282 180
282 189
282 214
282 228
282 234
283 179
283 188
283 189
283 225
283 226
283 228
284 176
284 187
284 211
284 212
284 225
284 226
284 227
284 232
284 233
285 176
285 186
285 187
285 210
285 211
285 231
285 232
286 186
286 206
286 207
286 208
286 209
286 230
287 176
287 205
287 219
287 220
287 221
287 222
287 223
287 229
288 136
288 173
288 174
288 175
288 202
288 219
288 229
289 172
289 173
289 201
289 218
289 219
289 228
290 171
290 199
290 218
290 228
291 170
291 217
291 218
291 227
292 169
292 195
292 196
292 227
293 168
293 169
293 193
293 226
294 167
294 192
294 225
294 226
295 166
295 225
296 165
296 166
296 186
296 224
296 225
297 224
298 137
298 164
298 165
298 174
298 175
298 182
298 204
298 206
298 223
299 137
299 163
299 164
299 173
299 174
299 198
299 199
299 202
299 203
299 205
299 222
300 138
300 160
300 161
300 162
300 163
300 172
300 173
300 178
300 197
300 198
300 199
300 200
300 201
300 217
300 222
301 138
301 139
301 153
301 154
301 155
301 156
301 157
301 158
301 159
301 172
301 197
301 200
301 218
301 220
302 139
302 140
302 152
302 153
302 171
302 201
302 217
303 141
303 142
303 151
303 170
303 171
304 142
304 143
304 144
304 145
304 146
304 147
304 148
304 149
304 150
304 170
304 194
304 215
304 216
304 220
305 170
305 194
305 214
305 215
305 219
306 169
306 194
306 205
306 206
306 213
307 168
307 169
307 194
307 205
307 206
307 213
308 168
308 193
308 194
308 205
309 167
309 192
309 193
309 205
309 215
310 167
310 190
310 191
310 204
310 214
310 215
311 166
311 204
311 213
311 214
312 166
312 187
312 188
312 206
312 208
312 209
312 210
312 211
312 212
312 221
313 165
313 186
313 187
313 221
314 164
314 165
314 208
314 220
315 163
315 164
315 182
315 220
316 162
316 163
316 180
316 181
316 182
316 205
316 206
316 207
316 220
317 161
317 162
317 179
317 180
317 205
317 206
317 220
318 160
318 161
318 167
318 220
319 159
319 167
319 179
319 220
320 158
320 159
320 167
320 172
320 173
320 178
320 179
320 220
320 221
321 158
321 174
321 175
321 176
321 177
321 178
321 221
322 156
322 157
322 162
322 221
323 155
323 156
323 162
323 163
323 173
324 153
324 163
324 169
324 172
324 173
325 163
325 170
325 171
325 172
326 163
326 169
326 170
327 169
327 221
328 150
328 168
328 221
328 288
329 150
329 154
329 167
329 168
329 220
329 287
329 288
330 154
330 161
330 167
330 219
330 286
330 287
331 154
331 167
331 219
332 147
332 148
332 154
332 155
332 156
332 157
332 158
332 159
332 166
332 217
332 218
332 284
332 285
332 286
333 146
333 147
333 165
333 166
333 217
333 286
333 287
334 145
334 146
334 164
334 217
335 144
335 145
335 162
335 163
336 143
336 144
336 160
336 161
336 215
336 216
337 142
337 157
337 158
337 159
337 160
337 214
337 215
338 142
338 157
338 213
338 214
339 141
339 213
340 152
340 154
340 211
340 212
341 138
341 152
341 205
341 206
341 207
341 208
341 209
341 210
341 211
342 137
342 148
342 150
342 202
343 120
343 121
343 122
343 123
343 135
343 136
343 137
343 138
343 148
344 117
344 118
344 119
344 124
344 127
344 128
344 129
344 130
344 131
344 132
344 133
344 134
344 144
344 145
344 146
345 113
345 114
345 115
345 116
345 125
345 139
345 140
345 141
345 142
345 143
345 144
346 110
346 111
346 112
346 126
346 206
347 106
347 107
347 108
347 109
347 127
348 102
348 103
348 104
348 105
348 128
348 195
348 202
348 269
349 97
349 98
349 99
349 100
349 101
349 102
349 129
349 194
350 95
350 96
350 130
350 192
350 193
350 200
351 192
351 199
351 200
353 191
354 190
355 190
357 190
358 191
361 195
362 194
363 193
364 192
365 192
366 194
367 193
368 191
368 192
368 194
369 191
370 190
371 189
371 190
372 188
372 189
374 232
374 242
375 243
375 245
376 245
376 246
376 247
376 248
376 269
378 263
378 270
378 271
378 272
379 263
379 264
380 260
380 261
380 262
380 263
381 256
381 257
381 261
382 262
433 258
434 258
434 262
435 258
435 262
436 258
436 262
437 258
438 258
438 262
438 284
438 285
439 286
439 287
439 288
439 289
440 261
440 279
440 280
440 281
441 258
441 261
441 279
442 258
442 277
442 278
443 275
443 276
443 277
444 257
445 257
445 272
445 273
446 257
446 269
446 270
446 271
447 268
448 257
449 257
449 260
449 263
449 264
449 265
449 266
450 260
450 261
450 262
450 263
451 257
452 256
452 257
452 267
452 268
453 255
453 256
453 265
453 266
453 267
454 254
454 255
454 261
454 265
455 253
455 254
455 261
455 265
456 252
456 260
457 243
457 244
457 245
457 246
457 247
457 248
457 251
457 259
458 241
458 250
459 231
459 232
459 233
459 234
459 238
459 240
459 249
460 235
460 238
461 247
462 228
462 229
462 246
462 247
463 226
463 228
463 229
463 246
464 229
464 245
465 209
465 229
465 244
466 207
466 208
466 243
467 242
468 148
468 207
468 229
469 148
469 207
469 224
469 229
469 242
470 208
470 224
470 229
470 233
470 241
470 242
471 170
471 171
471 172
471 224
471 229
471 233
471 241
472 147
472 223
472 224
472 228
472 233
473 147
473 173
473 204
473 223
473 227
473 228
473 233
474 204
474 223
474 228
474 233
475 146
475 204
475 223
475 232
475 238
476 146
476 172
476 203
476 209
476 222
476 227
476 232
476 235
476 237
477 146
477 172
477 203
477 209
477 212
477 227
477 232
478 145
478 150
478 172
478 203
478 208
478 212
478 227
478 232
479 145
479 149
479 171
479 202
479 208
479 212
479 226
479 231
480 144
480 149
480 171
480 202
480 207
480 211
480 221
480 226
480 231
481 144
481 148
481 202
481 207
481 211
481 221
481 226
481 231
482 143
482 202
482 207
482 221
482 226
482 231
483 112
483 143
483 170
483 201
483 221
483 226
483 230
483 231
484 111
484 142
484 169
484 201
484 221
484 226
484 230
485 142
485 201
485 221
485 225
485 230
486 142
486 200
486 209
486 221
486 229
487 142
487 201
487 209
487 221
487 228
487 229
488 201
488 202
488 222
488 228
489 143
489 148
489 149
489 163
489 164
489 165
489 200
489 201
489 208
489 222
490 149
490 150
490 162
490 173
490 200
490 220
491 161
491 171
491 172
491 176
491 177
491 205
