326 26 147 326
322 162
323 162
323 163
324 163
325 163
326 163
327 221
328 150
328 221
329 150
329 154
329 220
330 154
330 161
331 154
331 167
332 147
332 148
332 154
332 155
332 156
332 157
332 158
332 159
332 166
332 217
332 218
332 284
332 285
332 286
333 146
333 147
333 165
333 166
333 217
333 286
333 287
334 145
334 146
334 164
334 217
335 144
335 145
335 162
335 163
336 143
336 144
336 160
336 161
336 215
336 216
337 52
337 142
337 157
337 158
337 159
337 160
337 214
337 215
338 53
338 142
338 157
338 213
338 214
339 53
339 70
339 141
339 213
340 54
340 55
340 64
340 65
340 152
340 154
340 211
340 212
341 55
341 56
341 63
341 72
341 152
341 205
341 206
341 207
341 208
341 209
341 210
341 211
342 56
342 57
342 63
342 72
342 91
342 148
342 150
342 202
343 63
343 73
343 88
343 90
343 91
343 92
343 120
343 121
343 122
343 123
343 148
344 69
344 74
344 85
344 86
344 87
344 91
344 117
344 118
344 119
344 124
344 127
344 128
344 129
344 130
344 131
344 132
344 133
344 134
344 144
344 145
344 146
345 59
345 65
345 66
345 67
345 68
345 75
345 81
345 82
345 83
345 91
345 92
345 113
345 114
345 115
345 116
345 141
345 144
346 59
346 76
346 77
346 78
346 79
346 80
346 92
346 110
346 111
346 126
346 206
347 61
347 106
347 107
347 108
347 109
348 61
348 62
348 102
348 103
348 104
348 105
348 128
348 195
348 202
348 269
348 327
348 328
349 78
349 79
349 80
349 97
349 98
349 99
349 100
349 101
349 102
349 194
349 325
349 326
349 327
350 64
350 75
350 76
350 77
350 78
350 95
350 96
350 114
350 192
350 193
350 200
351 71
351 72
351 73
351 74
351 75
351 93
351 94
351 192
351 199
351 200
352 70
352 91
352 92
352 106
352 116
352 125
352 191
352 323
352 324
353 66
353 90
353 107
353 123
353 124
353 191
353 324
353 325
354 88
354 89
354 108
354 122
354 190
354 326
355 84
355 85
355 86
355 87
355 327
356 70
356 71
356 72
356 73
356 74
356 75
356 76
356 77
356 78
356 79
356 80
356 81
356 82
356 83
356 190
357 99
357 190
358 99
358 191
359 98
360 97
360 196
361 96
361 97
361 114
361 195
361 196
362 95
362 96
362 194
363 95
363 112
363 113
363 193
364 94
364 111
364 112
364 192
365 93
365 94
365 110
365 111
365 192
366 93
366 109
366 110
366 194
367 92
367 93
367 108
367 109
367 193
367 194
368 92
368 108
368 191
368 192
368 193
368 194
369 91
369 107
369 191
370 90
370 106
370 107
370 190
371 90
371 105
371 106
371 189
371 190
372 90
372 105
372 188
372 189
373 90
373 104
374 91
374 92
374 103
374 104
374 232
374 242
375 92
375 103
375 243
375 245
376 93
376 102
376 245
376 246
376 247
376 248
376 269
377 94
377 95
377 102
377 234
377 235
378 96
378 101
378 235
378 236
378 263
378 270
378 271
378 272
379 97
379 98
379 100
379 101
379 236
379 237
379 238
379 263
379 264
380 99
380 239
380 240
380 260
380 261
380 262
380 263
381 241
381 242
381 243
381 244
381 256
381 257
381 261
382 244
382 245
382 246
382 247
382 248
382 256
382 262
383 249
383 250
383 251
383 252
383 253
383 254
383 255
384 253
385 254
414 34
415 33
415 34
415 339
416 33
416 337
416 338
417 32
417 336
417 344
418 31
418 335
418 343
418 344
419 334
419 335
419 342
419 343
420 59
420 332
420 333
420 334
420 341
420 342
421 330
421 331
421 332
421 340
421 341
422 328
422 329
422 339
423 326
423 327
423 328
423 337
423 338
424 64
424 325
424 326
424 335
424 336
424 337
425 64
425 322
425 323
425 324
425 334
425 335
426 320
426 321
426 333
426 334
427 318
427 319
427 331
427 332
427 333
428 69
428 315
428 316
428 317
428 329
428 330
428 331
429 70
429 312
429 313
429 314
429 315
429 328
429 329
430 70
430 310
430 311
431 30
431 38
431 71
431 73
431 74
431 306
431 307
431 308
431 309
432 75
433 37
433 258
433 301
434 77
434 258
434 262
434 297
434 298
434 299
434 300
435 80
435 258
435 262
435 297
436 35
436 258
436 262
436 293
436 294
437 83
437 258
437 290
437 291
437 292
437 293
438 84
438 258
438 262
438 284
438 285
438 289
439 85
439 286
439 287
439 288
439 289
440 40
440 41
440 87
440 88
440 261
440 279
440 280
440 281
441 41
441 64
441 88
441 89
441 258
441 261
441 279
442 42
442 74
442 90
442 258
442 277
442 278
443 43
443 49
443 74
443 275
443 276
443 277
444 43
444 257
445 73
445 257
445 272
445 273
446 93
446 257
446 269
446 270
446 271
447 72
447 268
448 72
448 257
449 71
449 72
449 257
449 260
449 263
449 264
449 265
449 266
450 50
450 260
450 261
450 262
450 263
452 89
452 256
452 267
452 268
453 54
453 88
453 89
453 102
453 255
453 256
453 265
453 266
453 267
454 88
454 254
454 255
454 261
454 265
455 88
455 253
455 254
455 261
455 265
456 92
456 252
456 260
457 243
457 244
457 245
457 246
457 247
457 248
457 251
457 259
458 60
458 241
458 250
459 231
459 232
459 233
459 234
459 238
459 240
459 249
460 235
460 238
461 247
462 111
462 228
462 229
462 246
462 247
463 89
463 111
463 226
463 228
463 246
464 111
464 229
464 245
465 88
465 111
465 209
465 244
466 115
466 207
466 208
466 243
467 68
467 110
467 115
467 242
468 115
468 148
468 207
468 229
469 71
469 109
469 115
469 148
469 207
469 224
469 229
469 242
470 109
470 115
470 208
470 224
470 229
470 233
470 241
470 242
471 109
471 170
471 171
471 172
471 224
471 229
471 233
471 241
472 75
472 82
472 108
472 147
472 223
472 224
472 228
472 233
473 108
473 147
473 173
473 174
473 223
473 227
473 228
474 113
474 223
474 228
475 113
475 223
475 238
476 113
476 222
476 235
476 237
477 113
479 112
480 112
