113 144 110 208
89 257
89 258
90 258
91 258
92 259
93 259
94 259
95 259
96 259
97 260
98 260
99 261
100 261
101 261
102 261
103 261
104 261
105 261
106 261
107 262
108 262
109 229
109 231
109 262
110 227
110 262
111 178
111 179
111 262
112 179
112 180
112 181
112 262
113 262
114 182
114 262
115 183
115 262
116 184
116 185
116 262
117 185
117 186
117 235
117 236
117 262
118 186
118 228
118 229
118 230
118 231
118 232
118 233
118 234
118 237
118 262
119 187
119 205
119 220
119 221
119 222
119 223
119 224
119 225
119 226
119 227
119 262
120 171
120 173
120 175
120 176
120 177
120 187
120 205
120 206
120 217
120 218
120 219
120 263
121 165
121 166
121 167
121 168
121 169
121 170
121 175
121 177
121 178
121 179
121 188
121 207
121 208
121 209
121 215
121 216
121 217
121 263
122 180
122 181
122 183
122 188
122 209
122 213
122 214
122 215
122 263
122 264
123 264
123 265
124 163
124 174
124 189
124 265
125 161
125 162
125 163
125 174
125 183
125 189
126 161
126 162
126 174
126 175
126 184
127 162
127 172
127 183
127 189
128 162
128 170
128 171
128 183
129 164
129 165
129 168
129 169
130 166
130 167
130 183
131 188
132 182
132 188
133 188
135 181
136 181
136 187
137 181
137 187
138 187
139 186
140 210
141 180
141 211
142 185
142 212
143 180
143 213
144 180
144 213
145 213
146 213
147 213
148 183
148 213
149 212
150 212
151 175
152 287
153 183
153 197
153 281
153 285
153 286
154 183
154 195
154 196
154 282
154 283
154 284
155 184
155 185
155 194
155 200
156 185
156 186
156 192
156 193
156 199
156 200
156 201
156 202
156 203
156 207
156 208
156 209
156 223
156 224
156 225
156 226
157 187
157 188
157 189
157 190
157 191
157 204
157 205
157 206
157 210
157 223
158 211
158 215
158 216
158 217
158 218
158 219
158 222
158 228
158 229
159 212
159 214
159 220
159 221
159 222
159 229
160 178
160 190
160 191
160 222
161 177
161 191
161 192
161 230
162 177
162 193
162 194
162 226
162 227
162 229
163 175
163 176
163 193
163 228
164 173
164 174
164 175
164 226
164 227
165 172
165 173
165 226
166 171
166 225
166 226
167 221
167 222
167 223
167 224
168 212
168 217
168 218
168 219
168 220
169 202
169 203
169 204
169 205
169 210
169 211
169 214
169 215
169 216
169 286
169 287
170 196
170 197
170 198
170 199
170 200
170 201
170 202
170 206
170 207
170 208
170 209
170 288
170 289
170 290
170 291
171 194
171 195
171 222
171 223
171 292
171 293
171 294
171 295
172 191
172 192
172 193
172 219
172 221
172 296
172 297
173 181
173 182
173 183
173 184
173 185
173 186
173 187
173 188
173 189
173 190
173 216
173 217
173 218
173 298
173 299
174 175
174 176
174 177
174 178
174 179
174 180
174 213
174 214
174 215
174 216
174 299
174 300
174 301
174 302
175 172
175 174
175 206
175 207
175 208
175 209
175 210
175 211
175 303
175 304
176 201
176 202
176 203
176 204
176 205
176 206
176 207
176 304
177 193
177 194
177 195
177 196
178 190
178 191
178 192
178 309
179 311
179 312
179 313
180 314
180 315
180 316
180 317
181 205
181 318
181 319
181 320
181 321
181 322
181 323
181 324
181 325
181 326
182 205
182 326
182 327
182 328
182 329
182 330
182 331
183 205
183 332
183 333
183 334
183 335
183 336
184 337
184 338
185 205
185 338
185 339
186 205
186 339
186 340
186 341
186 342
187 206
187 343
187 344
187 345
188 345
188 346
188 349
189 206
189 347
190 206
191 236
191 272
192 207
192 235
192 236
192 271
193 207
193 234
193 235
194 207
194 232
194 233
194 234
195 208
195 232
196 231
196 232
196 267
196 268
197 207
197 231
197 266
197 267
198 230
198 231
198 265
198 266
199 229
199 230
199 264
199 265
200 228
200 263
200 264
201 229
201 262
201 263
202 229
202 261
202 262
203 168
203 260
203 261
204 229
204 258
204 259
205 226
205 229
205 230
205 231
205 232
205 257
205 258
206 226
206 257
207 226
207 254
207 255
208 252
208 253
209 167
209 168
209 169
209 252
210 166
210 167
210 172
210 250
210 251
210 257
210 258
210 259
210 260
210 261
210 262
211 164
211 165
211 166
211 248
211 249
211 257
211 260
211 261
212 163
212 164
212 176
212 247
213 163
213 170
213 245
213 328
214 161
214 162
214 163
214 169
214 243
214 267
214 325
214 326
215 159
215 160
215 161
215 167
215 168
215 240
215 241
215 242
215 324
215 325
216 158
216 159
216 165
216 166
216 181
216 239
216 266
216 342
216 345
217 157
217 158
217 183
217 237
217 265
217 266
217 331
217 345
217 346
218 156
218 265
218 327
218 328
218 329
219 155
219 162
219 163
219 184
219 221
219 222
219 223
219 224
219 264
219 325
219 327
220 153
220 154
220 160
220 161
220 189
220 234
220 263
221 151
221 159
221 160
221 232
221 263
221 323
222 150
222 158
222 230
222 262
222 320
223 149
223 157
223 228
223 242
223 261
223 262
223 313
224 146
224 147
224 155
224 156
224 223
224 224
224 225
224 240
224 241
224 261
225 144
225 145
225 221
225 222
225 223
225 233
225 234
225 235
225 239
225 260
226 144
226 219
226 220
226 230
226 231
226 232
226 236
226 238
226 259
226 260
227 217
227 218
227 237
227 238
227 258
227 259
228 215
228 216
228 238
228 258
229 257
230 256
230 257
231 256
232 255
233 254
233 255
234 253
234 254
235 252
235 253
236 252
237 251
238 250
238 251
239 250
240 249
241 248
242 247
