266 85 228 267
259 178
260 179
261 180
262 180
264 182
266 188
266 198
267 188
268 188
268 198
268 246
268 259
268 260
269 185
269 188
269 244
269 245
269 256
269 257
269 258
270 185
270 186
270 188
270 243
270 244
270 254
270 255
271 188
271 195
271 241
271 242
271 253
271 254
272 185
272 189
272 240
272 251
272 252
273 184
273 185
273 190
273 238
273 249
273 250
273 251
274 184
274 191
274 222
274 236
274 237
274 246
274 247
274 248
274 249
275 183
275 184
275 192
275 222
275 234
275 235
275 243
275 244
275 245
276 183
276 192
276 222
276 234
276 240
276 241
276 242
276 243
277 182
277 183
277 221
277 240
278 90
278 182
278 191
278 240
279 181
279 182
279 190
279 218
279 234
279 235
279 236
279 237
279 239
279 240
280 181
280 189
280 216
280 217
280 218
280 234
280 238
280 239
281 189
281 214
281 215
281 234
282 179
282 180
282 189
282 214
282 228
282 234
283 179
283 188
283 189
283 225
283 226
283 228
284 176
284 187
284 211
284 212
284 225
284 226
284 227
284 232
284 233
285 176
285 186
285 187
285 210
285 211
285 231
285 232
286 186
286 206
286 207
286 208
286 209
286 230
287 176
287 205
287 219
287 220
287 221
287 222
287 223
287 229
288 96
288 104
288 136
288 173
288 174
288 175
288 202
288 219
288 229
289 105
289 172
289 173
289 201
289 218
289 219
289 228
290 171
290 199
290 218
290 228
291 170
291 217
291 218
291 227
292 169
292 195
292 196
292 227
293 168
293 169
293 193
293 226
294 167
294 192
294 225
294 226
295 166
295 225
296 165
296 166
296 186
296 224
296 225
297 224
298 101
298 137
298 164
298 165
298 174
298 175
298 182
298 204
298 206
298 223
299 137
299 163
299 164
299 173
299 174
299 198
299 199
299 202
299 203
299 205
299 222
300 100
300 138
300 160
300 161
300 162
300 163
300 172
300 173
300 178
300 197
300 198
300 199
300 200
300 201
300 217
300 222
301 98
301 99
301 138
301 139
301 153
301 154
301 155
301 156
301 157
301 158
301 159
301 172
301 197
301 200
301 218
301 220
302 88
302 89
302 93
302 94
302 95
302 96
302 97
302 98
302 139
302 140
302 152
302 153
302 171
302 201
302 217
303 141
303 142
303 151
303 170
303 171
304 142
304 143
304 144
304 145
304 146
304 147
304 148
304 149
304 150
304 170
304 194
304 215
304 216
304 220
305 170
305 194
305 214
305 215
305 219
306 169
306 194
306 205
306 206
306 213
307 168
307 169
307 194
307 205
307 206
307 213
308 168
308 193
308 194
308 205
309 167
309 192
309 193
309 205
309 215
310 167
310 190
310 191
310 204
310 214
310 215
311 166
311 204
311 213
311 214
312 166
312 187
312 188
312 206
312 208
312 209
312 210
312 211
312 212
312 221
313 165
313 186
313 187
313 221
314 164
314 165
314 208
314 220
315 163
315 164
315 182
315 220
316 162
316 163
316 180
316 181
316 182
316 205
316 206
316 207
316 220
317 161
317 162
317 179
317 180
317 205
317 206
317 220
318 160
318 161
318 167
318 220
319 159
319 167
319 179
319 220
320 158
320 159
320 167
320 172
320 173
320 178
320 179
320 220
320 221
321 158
321 174
321 175
321 176
321 177
321 178
321 221
322 156
322 157
322 162
322 221
323 155
323 156
323 162
323 163
323 173
324 153
324 163
324 169
324 172
324 173
325 163
325 170
325 171
325 172
326 163
326 169
326 170
327 169
327 221
328 150
328 168
328 221
328 288
329 150
329 154
329 167
329 168
329 220
329 287
329 288
330 154
330 161
330 167
330 219
330 286
330 287
331 154
331 167
331 219
332 147
332 148
332 154
332 155
332 156
332 157
332 158
332 159
332 166
332 217
332 218
332 284
332 285
332 286
333 146
333 147
333 165
333 166
333 217
333 286
333 287
334 145
334 146
334 164
334 217
335 144
335 145
335 162
335 163
336 143
336 144
336 160
336 161
336 215
336 216
337 142
337 157
337 158
337 159
337 160
337 214
337 215
338 142
338 157
338 213
338 214
339 141
339 213
340 152
340 154
340 211
340 212
341 152
341 205
341 206
341 207
341 208
341 209
341 210
341 211
342 91
342 148
342 150
342 202
343 88
343 90
343 91
343 92
343 120
343 121
343 122
343 123
343 148
344 85
344 86
344 87
344 91
344 117
344 118
344 119
344 124
344 127
344 128
344 129
344 130
344 131
344 132
344 133
344 134
344 144
344 145
344 146
345 81
345 82
345 83
345 91
345 92
345 113
345 114
345 115
345 116
345 125
345 141
345 144
346 76
346 77
346 78
346 79
346 80
346 92
346 110
346 111
346 112
346 126
346 206
347 106
347 107
347 108
347 109
347 127
348 102
348 103
348 104
348 105
348 128
348 195
348 202
348 269
348 327
348 328
349 97
349 98
349 99
349 100
349 101
349 102
349 129
349 194
349 325
349 326
349 327
350 95
350 96
350 114
350 130
350 192
350 193
350 200
351 93
351 94
351 115
351 192
351 199
351 200
352 91
352 92
352 106
352 116
352 125
352 323
352 324
353 90
353 107
353 123
353 124
353 125
353 191
353 324
353 325
354 88
354 89
354 108
354 122
354 190
354 326
355 84
355 85
355 86
355 87
355 109
355 120
355 121
355 327
356 70
356 71
356 72
356 73
356 74
356 75
356 76
356 77
356 78
356 79
356 80
356 81
356 82
356 83
356 120
357 99
357 119
357 190
358 99
358 118
358 119
358 191
359 98
359 117
359 118
360 97
360 115
360 116
361 96
361 97
361 114
361 195
362 95
362 96
362 113
362 114
362 194
363 95
363 112
363 113
363 193
364 94
364 111
364 112
364 192
365 93
365 94
365 110
365 111
365 192
366 93
366 109
366 110
366 194
367 92
367 93
367 108
367 109
367 193
368 92
368 108
368 191
368 192
368 194
369 91
369 107
369 191
370 90
370 106
370 107
370 190
371 90
371 105
371 106
371 189
371 190
372 90
372 105
372 188
372 189
373 90
373 104
374 91
374 92
374 103
374 104
374 232
374 242
375 92
375 103
375 243
375 245
376 93
376 102
376 245
376 246
376 247
376 248
376 269
377 94
377 95
377 102
377 234
377 235
378 96
378 101
378 235
378 236
378 263
378 270
378 271
378 272
379 97
379 98
379 100
379 101
379 236
379 237
379 238
379 263
379 264
380 99
380 239
380 240
380 260
380 261
380 262
380 263
381 241
381 242
381 243
381 244
381 256
381 257
381 261
382 244
382 245
382 246
382 247
382 248
382 256
382 262
383 249
383 250
383 251
383 252
383 253
383 254
383 255
384 253
385 254
415 339
416 337
416 338
417 336
417 344
418 335
418 343
418 344
419 334
419 335
419 342
419 343
420 332
420 333
420 334
420 341
420 342
421 330
421 331
421 332
421 340
421 341
422 328
422 329
422 339
423 326
423 327
423 328
423 337
423 338
424 325
424 326
424 335
424 336
424 337
425 334
425 335
426 333
426 334
427 331
427 332
427 333
428 329
428 330
428 331
429 328
429 329
431 73
431 74
432 75
433 258
434 77
434 258
434 262
435 80
435 258
435 262
436 258
436 262
437 83
437 258
438 84
438 258
438 262
438 284
438 285
439 85
439 286
439 287
439 288
439 289
440 87
440 88
440 261
440 279
440 280
440 281
441 88
441 89
441 258
441 261
441 279
442 90
442 258
442 277
442 278
443 275
443 276
443 277
444 257
445 257
445 272
445 273
446 93
446 257
446 269
446 270
446 271
447 268
448 257
449 257
449 260
449 263
449 264
449 265
449 266
450 260
450 261
450 262
450 263
452 89
452 256
452 267
452 268
453 88
453 89
453 102
453 255
453 256
453 265
453 266
453 267
454 88
454 254
454 255
454 261
454 265
455 88
455 253
455 254
455 261
455 265
456 92
456 252
456 260
457 243
457 244
457 245
457 246
457 247
457 248
457 251
457 259
458 241
458 250
459 231
459 232
459 233
459 234
459 238
459 240
459 249
460 235
460 238
461 247
462 111
462 228
462 229
462 246
462 247
463 89
463 111
463 226
463 228
463 229
463 246
464 111
464 229
464 245
465 88
465 111
465 209
465 229
465 244
466 115
466 207
466 208
466 243
467 110
467 115
467 242
468 115
468 148
468 207
468 229
469 109
469 115
469 148
469 207
469 224
469 229
469 242
470 109
470 115
470 208
470 224
470 229
470 233
470 241
470 242
471 109
471 170
471 171
471 172
471 224
471 229
471 233
471 241
472 108
472 147
472 223
472 224
472 228
472 233
473 108
473 147
473 173
473 204
473 223
473 227
473 228
473 233
474 82
474 113
474 204
474 223
474 228
474 233
475 108
475 113
475 146
475 204
475 223
475 232
475 238
476 107
476 113
476 146
476 172
476 203
476 209
476 222
476 227
476 232
476 235
476 237
477 85
477 113
477 146
477 172
477 203
477 209
477 212
477 227
477 232
478 89
478 101
478 145
478 150
478 172
478 203
478 208
478 212
478 227
478 232
479 90
479 91
479 101
479 112
479 145
479 149
479 171
479 202
479 208
479 212
479 226
479 231
480 91
480 112
480 144
480 149
480 171
480 202
480 207
480 211
480 221
480 226
480 231
481 100
481 144
481 148
481 202
481 207
481 211
481 221
481 226
481 231
482 143
482 202
482 207
482 221
482 226
482 231
483 106
483 112
483 143
483 170
483 201
483 221
483 226
483 230
483 231
484 111
484 142
484 169
484 201
484 221
484 226
484 230
485 108
485 142
485 201
485 221
485 225
485 230
486 142
486 200
486 209
486 221
486 229
487 142
487 201
487 209
487 221
487 228
487 229
488 201
488 202
488 222
488 228
489 143
489 148
489 149
489 163
489 164
489 165
489 200
489 201
489 208
489 222
490 149
490 150
490 162
490 173
490 200
490 220
491 161
491 171
491 172
491 176
491 177
491 205
