8 0 171 258
24 223
33 226
34 226
35 226
36 226
37 227
38 142
38 143
38 228
39 142
39 228
40 141
40 229
41 141
41 229
41 230
42 140
42 230
42 231
42 247
42 248
42 249
43 140
43 232
43 246
43 247
44 141
44 217
44 218
44 246
45 140
45 246
46 140
46 190
46 191
46 192
46 193
47 140
47 235
47 236
48 140
48 202
48 204
48 230
48 234
48 237
48 238
48 239
48 240
48 241
48 242
49 140
49 233
50 139
50 195
50 198
50 233
50 248
51 138
51 188
52 138
52 239
52 240
52 242
52 245
53 46
53 137
53 186
54 137
54 150
54 151
54 245
55 136
55 137
55 151
55 184
55 245
56 136
56 151
56 158
56 246
57 7
57 8
57 9
57 10
57 11
57 12
57 13
57 14
57 18
57 40
57 136
57 150
57 159
57 160
57 169
57 176
57 177
57 182
57 246
58 15
58 16
58 17
58 19
58 39
58 40
58 136
58 143
58 144
58 145
58 146
58 147
58 148
58 149
58 150
58 151
58 160
58 161
58 168
58 169
58 174
58 175
58 179
58 180
58 181
59 16
59 19
59 32
59 136
59 142
59 156
59 161
59 173
59 179
60 20
60 30
60 31
60 33
60 34
60 35
60 36
60 40
60 41
60 42
60 136
60 155
60 156
60 172
60 178
60 256
61 22
61 23
61 24
61 25
61 26
61 27
61 28
61 29
61 37
61 39
61 40
61 41
61 136
61 154
61 162
61 177
61 257
62 21
62 38
62 39
62 136
62 163
62 164
62 165
62 166
62 169
62 170
62 171
62 175
62 176
63 19
63 20
63 38
63 135
63 160
63 161
63 167
63 168
63 174
63 175
64 6
64 7
64 8
64 9
64 10
64 11
64 12
64 13
64 14
64 15
64 16
64 17
64 18
64 135
64 156
64 157
64 158
64 160
65 134
65 155
65 156
66 134
67 133
67 134
68 133
68 152
69 132
69 151
69 152
70 131
70 151
71 130
71 131
71 150
72 130
72 150
73 129
73 149
73 150
74 129
74 149
75 129
75 148
75 247
76 128
76 129
76 148
77 128
77 148
78 128
78 147
79 128
79 147
80 128
80 146
80 147
81 128
81 139
81 146
82 104
82 128
82 140
82 141
82 146
83 102
83 103
83 105
83 129
83 130
83 141
83 145
84 99
84 100
84 101
84 131
84 132
84 141
84 145
85 132
85 141
85 145
86 132
86 140
86 145
87 133
87 134
87 139
87 140
87 145
87 253
88 135
88 137
88 138
88 139
88 145
89 135
89 140
89 145
90 135
90 140
90 144
91 135
91 144
92 136
92 145
92 225
92 226
92 227
92 228
93 136
93 145
93 221
93 222
93 223
93 224
93 229
93 230
94 136
94 144
94 217
94 218
94 219
94 220
94 231
94 232
94 233
94 234
95 136
95 144
95 214
95 215
95 216
95 234
95 235
95 236
96 136
96 144
96 212
96 213
96 214
96 236
96 237
97 136
97 144
97 210
97 211
97 238
97 239
98 136
98 144
98 206
98 207
98 208
98 209
98 239
98 240
99 136
99 144
99 204
99 205
99 240
99 241
100 137
100 144
100 203
101 137
101 145
101 197
101 198
101 199
101 201
101 202
101 224
101 225
102 137
102 145
102 196
102 198
102 219
102 220
102 221
102 222
102 223
102 226
102 227
102 228
102 229
103 137
103 145
103 197
103 198
103 217
103 218
103 230
103 231
103 232
103 233
103 234
103 235
103 236
104 53
104 138
104 145
104 197
104 198
104 214
104 215
104 216
105 53
105 97
105 138
105 145
105 197
105 198
105 212
105 213
106 53
106 97
106 138
106 145
106 155
106 156
106 157
106 164
106 165
106 166
106 199
106 210
106 211
107 53
107 98
107 138
107 146
107 153
107 154
107 158
107 159
107 160
107 161
107 162
107 163
107 167
107 168
107 169
107 170
107 200
107 201
107 202
107 203
107 204
107 205
107 206
107 207
107 208
107 209
108 52
108 138
108 146
108 152
108 171
108 172
108 173
108 174
108 175
109 51
109 64
109 65
109 73
109 76
109 77
109 78
109 79
109 80
109 81
109 82
109 83
109 84
109 85
109 86
109 87
109 88
109 89
109 90
109 98
109 99
109 100
109 101
109 102
109 103
109 104
109 105
109 107
109 108
109 112
109 113
109 114
109 115
109 116
109 117
109 118
109 138
109 146
109 151
109 176
109 177
109 229
109 231
110 51
110 62
110 63
110 66
110 67
110 68
110 69
110 70
110 71
110 72
110 75
110 93
110 94
110 95
110 96
110 97
110 98
110 106
110 109
110 110
110 111
110 138
110 146
110 150
110 177
110 218
110 219
110 220
110 221
110 222
110 223
110 224
110 225
110 226
110 227
110 228
111 51
111 60
111 61
111 62
111 138
111 146
111 149
111 213
111 214
111 215
111 216
111 217
112 138
112 148
112 149
112 210
112 211
112 212
113 138
113 147
113 148
113 182
114 62
114 139
114 147
114 149
114 157
114 158
114 159
114 160
114 161
114 162
114 163
114 164
114 165
114 166
114 167
114 168
114 169
114 170
114 171
114 172
114 173
114 176
114 177
114 208
114 209
115 51
115 62
115 139
115 145
115 155
115 156
115 157
115 175
115 176
115 207
116 139
116 145
116 154
116 155
116 184
116 206
117 139
117 145
117 153
117 154
117 186
117 205
117 235
117 236
118 139
118 145
118 153
118 186
118 205
118 228
118 229
118 230
118 231
118 232
118 233
118 234
118 237
119 62
119 139
119 145
119 153
119 187
119 220
119 221
119 222
119 223
119 224
119 225
119 226
119 227
120 139
120 145
120 153
120 172
120 176
120 177
120 187
120 217
120 218
120 219
121 62
121 140
121 146
121 153
121 175
121 177
121 178
121 179
121 187
121 188
121 208
121 215
121 216
121 217
122 51
122 63
122 140
122 146
122 153
122 180
122 181
122 188
122 213
122 214
122 215
123 51
123 63
123 140
123 146
123 153
123 183
123 188
124 63
124 140
124 146
124 153
124 183
124 189
125 51
125 62
125 140
125 153
125 154
125 189
126 51
126 62
126 140
126 149
126 153
126 154
126 183
126 189
127 51
127 62
127 141
127 149
127 153
127 161
127 173
127 183
128 141
128 149
128 183
128 189
129 63
129 141
129 149
129 162
129 164
129 165
129 183
129 189
130 51
130 63
130 141
130 149
130 183
130 189
131 51
131 62
131 141
131 149
131 161
131 162
131 163
131 182
132 51
132 140
132 150
132 160
132 161
132 182
133 51
133 62
133 140
133 150
133 159
133 160
133 182
134 51
134 63
134 141
134 150
134 159
134 182
134 187
135 51
135 63
135 141
135 150
135 181
135 182
136 63
136 151
136 181
137 151
137 181
138 151
138 180
139 52
139 151
139 180
139 209
140 52
140 151
140 180
140 186
140 210
141 52
141 185
141 211
142 52
142 181
142 212
143 52
143 151
143 180
143 185
143 213
144 151
144 152
144 180
144 185
145 152
145 179
145 184
146 52
146 152
146 177
146 178
146 184
147 52
147 152
147 177
147 183
148 52
148 151
148 176
149 52
149 151
149 176
149 182
150 52
150 151
150 175
150 182
151 52
151 151
151 182
152 52
152 175
152 183
153 52
153 176
153 183
154 52
154 176
154 183
154 184
155 53
155 177
155 184
155 185
156 53
156 177
156 226
157 53
157 178
157 227
157 228
158 53
158 178
158 229
159 53
159 178
159 221
159 229
160 178
161 177
162 177
163 175
163 176
163 193
164 173
164 174
164 175
165 172
165 173
166 171
166 225
166 226
167 149
167 170
167 221
167 222
167 223
167 224
168 131
168 149
168 170
168 219
169 131
169 148
169 169
169 203
169 204
169 205
169 210
169 211
169 214
169 215
169 216
170 132
170 148
170 169
170 196
170 197
170 198
170 199
170 200
170 201
170 202
170 206
170 207
170 208
170 209
171 132
171 148
171 168
171 194
171 195
171 222
171 223
172 133
172 148
172 149
172 168
172 169
172 219
172 220
172 221
173 133
173 149
173 169
173 170
173 181
173 182
173 183
173 184
173 185
173 186
173 187
173 188
173 189
173 190
173 216
173 217
173 218
174 133
174 134
174 150
174 170
174 171
174 175
174 176
174 177
174 178
174 179
174 180
174 213
174 214
174 215
174 216
175 134
175 149
175 172
175 174
175 206
175 207
175 208
175 209
175 210
175 211
176 134
177 134
178 134
178 190
