232 85 149 62
232 140
233 138
234 137
235 136
236 135
244 122
244 146
252 101
252 102
253 100
253 101
253 132
254 99
254 133
255 97
255 98
255 133
256 96
256 97
256 133
257 133
258 93
258 94
258 133
259 91
259 92
259 133
260 90
260 91
260 132
261 89
261 90
261 132
262 88
262 89
262 132
263 87
263 88
263 133
264 86
264 87
264 133
265 85
265 86
265 133
266 85
266 134
267 84
267 134
268 134
269 135
270 135
271 135
272 135
273 135
274 135
275 135
276 135
277 135
278 90
278 135
279 135
280 136
281 136
282 136
283 135
284 135
285 76
285 135
286 76
286 135
287 75
287 135
288 96
288 104
289 105
289 136
290 136
291 136
292 136
293 136
294 136
295 73
295 136
296 136
297 74
297 136
298 75
298 101
299 75
300 100
301 98
301 99
302 88
302 89
302 90
302 91
302 92
302 93
302 94
302 95
302 96
302 97
302 98
341 138
342 137
343 89
343 135
343 136
343 137
343 138
345 84
345 125
346 112
347 127
349 129
350 130
351 115
352 92
352 106
352 125
353 91
353 107
353 123
353 124
353 125
354 108
355 109
355 120
355 121
356 120
357 99
357 119
358 99
358 118
358 119
359 98
359 117
359 118
360 97
360 115
360 116
361 96
361 97
361 114
362 95
362 113
362 114
363 95
363 112
363 113
364 94
365 110
365 111
366 93
366 110
367 92
367 93
369 91
369 107
370 90
371 90
372 90
373 90
374 91
374 92
375 92
