86 174 73 96
75 247
87 253
89 257
89 258
106 155
106 156
106 157
106 164
106 165
106 166
107 153
107 154
107 158
107 159
107 160
107 161
107 162
107 163
107 167
107 168
107 169
107 170
108 171
108 172
108 173
108 174
108 175
109 176
109 177
109 229
109 231
110 177
110 218
110 219
110 220
110 221
110 222
110 223
110 224
110 225
110 226
110 227
111 178
111 179
111 213
111 215
111 217
112 179
112 180
112 181
112 211
112 212
114 176
114 177
114 182
115 175
115 176
115 183
116 184
116 185
117 185
117 186
117 235
117 236
118 186
118 228
118 229
118 230
118 231
118 232
118 233
118 234
118 237
119 187
119 205
119 220
119 221
119 222
119 223
119 224
119 225
119 226
119 227
120 175
120 176
120 177
120 187
120 205
120 206
120 217
120 218
120 219
121 175
121 177
121 179
121 188
121 207
121 208
121 209
121 215
121 216
121 217
122 180
122 181
122 183
122 188
122 209
122 213
122 214
122 215
124 174
124 189
125 174
125 183
125 189
126 174
126 175
126 184
127 183
127 189
128 183
130 183
131 188
132 182
132 188
133 188
135 181
136 181
136 187
137 181
137 187
138 187
139 186
139 209
140 210
141 180
141 211
142 185
142 212
143 180
143 213
144 180
144 213
145 213
146 184
146 213
147 177
147 213
148 183
148 213
149 212
150 212
151 175
153 183
154 183
155 184
155 185
156 226
157 227
157 228
158 228
158 229
159 221
159 229
