231 51 100 221
186 65
187 65
188 66
189 65
190 65
191 65
192 65
193 65
194 65
195 66
196 66
197 66
198 66
199 66
200 66
201 66
202 66
203 66
204 66
205 66
206 66
207 66
208 66
209 66
210 66
211 66
212 66
213 66
214 66
215 66
216 66
217 66
218 65
219 66
219 185
220 66
220 186
221 67
221 186
222 67
223 67
224 67
225 67
225 188
226 67
227 66
229 190
230 66
230 190
231 66
231 190
232 56
232 142
233 138
233 143
234 137
234 143
235 56
235 136
235 143
236 56
236 135
236 144
236 154
237 144
237 154
237 155
238 56
238 144
238 155
238 156
238 186
239 56
239 145
239 157
239 158
240 145
240 159
240 160
240 161
241 146
241 161
241 162
241 163
242 56
242 164
242 184
243 56
243 147
243 166
243 181
243 182
244 122
244 146
244 166
244 167
244 168
244 179
244 180
245 168
245 178
245 179
246 67
246 176
246 177
247 57
247 170
247 171
247 176
248 152
248 153
248 173
249 154
249 155
249 156
249 172
250 157
250 158
250 159
250 160
250 172
251 161
251 162
251 163
251 171
252 101
252 102
252 164
252 171
253 100
253 101
253 171
253 271
254 99
254 270
255 97
255 98
255 268
255 269
256 96
256 97
256 173
257 94
257 95
257 173
257 267
258 93
258 94
258 258
258 259
258 260
258 261
259 91
259 92
259 257
259 261
260 90
260 91
260 179
260 231
260 256
260 262
261 89
261 90
261 180
261 230
261 255
262 88
262 89
262 180
262 229
262 253
262 254
262 263
263 87
263 88
263 229
263 253
264 86
264 87
264 182
264 188
264 252
264 263
265 85
265 86
265 198
265 250
265 251
266 85
266 249
266 250
266 251
267 84
267 197
267 248
268 197
268 246
268 247
268 248
268 259
268 260
269 196
269 244
269 245
269 256
269 257
269 258
270 196
270 243
270 244
270 254
270 255
271 241
271 242
271 253
271 254
272 240
272 251
272 252
273 238
273 249
273 250
273 251
274 236
274 237
274 246
274 247
274 248
274 249
275 234
275 235
275 243
275 245
276 221
276 234
276 240
276 241
276 242
276 243
277 240
278 89
278 92
278 220
278 240
279 91
279 92
279 220
279 234
279 235
279 236
279 237
279 239
279 240
280 92
280 216
280 217
280 218
280 234
280 238
280 239
281 88
281 180
281 214
281 215
281 234
282 213
282 214
282 228
282 234
283 212
283 213
283 225
283 226
283 228
283 233
283 234
284 178
284 211
284 212
284 225
284 226
284 227
284 232
284 233
285 76
285 91
285 210
285 211
285 231
286 76
286 92
286 93
286 94
286 95
286 101
286 176
286 185
286 206
286 207
286 208
286 209
287 75
287 96
287 102
287 103
287 175
287 184
287 204
287 205
287 219
287 220
287 221
287 222
287 223
288 96
288 97
288 104
288 136
288 183
288 202
288 203
288 219
289 97
289 105
289 182
289 200
289 201
289 202
289 218
289 219
290 53
290 97
290 181
290 182
290 199
290 200
290 218
290 228
291 51
291 52
291 53
291 180
291 181
291 197
291 198
291 217
291 218
292 49
292 50
292 179
292 180
292 195
292 196
292 227
293 178
293 179
293 193
293 194
293 226
294 168
294 177
294 178
294 191
294 225
295 73
295 167
295 177
295 188
295 189
295 190
295 225
296 176
296 187
296 224
296 225
297 74
297 165
297 175
297 184
297 185
297 224
298 75
298 101
298 137
298 181
298 183
298 204
298 206
298 223
299 75
299 137
299 179
299 180
299 181
299 205
299 222
299 223
300 76
300 100
300 138
300 217
300 222
301 98
301 99
301 138
301 139
301 196
301 218
301 219
301 220
301 221
302 88
302 89
302 90
302 91
302 92
302 93
302 94
302 95
302 96
302 97
302 98
302 139
302 140
303 141
303 142
303 170
303 194
303 195
303 216
303 217
304 142
304 143
304 170
304 220
305 170
305 220
306 169
306 214
307 168
307 169
307 212
308 75
308 168
308 205
308 223
309 74
309 75
309 167
309 222
310 73
310 74
310 167
310 221
310 222
311 72
311 73
311 166
311 188
311 189
311 220
311 221
312 71
312 72
312 166
312 205
312 206
312 221
313 70
313 71
313 165
313 221
314 70
314 183
314 184
314 185
314 220
315 69
315 183
315 203
315 207
315 208
315 220
316 67
316 68
316 204
316 220
317 66
317 67
317 220
318 65
318 220
319 64
319 220
320 63
320 172
320 173
320 220
320 221
321 62
321 174
321 176
321 221
322 61
322 221
323 60
323 61
323 173
324 59
324 60
324 154
324 163
324 173
325 58
325 153
325 163
325 170
325 172
326 56
326 57
326 152
326 153
326 163
326 169
326 170
327 54
327 55
327 151
327 152
327 169
327 221
328 168
328 221
329 149
329 154
329 167
329 168
329 220
330 149
330 154
330 161
331 148
331 154
331 160
332 155
332 159
335 216
336 162
337 143
338 142
338 156
339 141
339 154
339 155
339 212
340 153
341 150
341 151
342 149
343 147
345 139
345 140
345 142
345 143
