229 42 259 127
186 65
187 65
188 66
189 65
190 65
191 65
192 65
193 65
194 65
195 66
196 66
197 66
198 66
199 66
200 66
201 66
202 66
203 66
204 66
205 66
206 66
207 66
208 66
209 66
210 66
211 66
212 66
213 66
214 66
215 66
216 66
217 66
218 65
219 66
220 66
221 67
222 67
223 67
224 67
225 67
226 67
227 66
228 66
229 66
230 66
231 66
232 56
232 67
232 140
232 142
233 56
233 67
233 138
233 143
234 56
234 67
234 137
234 143
235 56
235 67
235 136
235 143
236 56
236 67
236 135
236 144
236 154
237 56
237 67
237 144
237 154
237 155
238 56
238 67
238 144
238 155
238 156
239 56
239 67
239 145
239 157
239 158
240 67
240 145
240 159
240 160
240 161
241 57
241 67
241 146
241 161
241 162
241 163
242 56
242 67
242 164
243 56
243 68
243 147
243 166
244 68
244 122
244 146
244 166
244 167
244 168
245 67
245 168
246 67
247 57
248 152
248 153
249 154
249 155
249 156
250 157
250 158
250 159
250 160
251 161
251 162
251 163
252 101
252 102
252 164
253 100
253 101
253 132
254 99
254 133
255 97
255 98
255 133
256 96
256 97
256 133
257 133
258 93
258 94
258 133
259 91
259 92
259 133
260 90
260 91
260 132
261 89
261 90
261 132
262 88
262 89
262 132
263 87
263 88
263 133
264 86
264 87
264 133
265 85
265 86
265 133
266 85
266 134
267 84
267 134
268 84
268 134
269 83
269 135
270 83
270 135
271 82
271 135
272 82
272 135
273 81
273 135
274 81
274 135
275 80
275 135
276 80
276 135
277 79
277 135
278 79
278 88
278 90
278 135
279 79
279 135
280 78
280 136
281 78
281 87
281 136
282 78
282 87
282 88
282 136
283 77
283 88
283 135
284 77
284 89
284 135
285 76
285 77
285 89
285 90
285 135
286 76
286 88
286 89
286 135
287 75
287 88
287 135
288 88
288 96
289 88
289 136
290 87
290 98
290 105
290 136
291 87
291 98
291 105
291 136
292 42
292 48
292 49
292 50
292 87
292 99
292 104
292 105
292 136
293 72
293 87
293 99
293 100
293 104
293 136
293 168
293 169
294 26
294 73
294 86
294 99
294 100
294 103
294 104
294 136
294 167
295 73
295 86
295 103
295 136
295 166
296 22
296 74
296 86
296 136
296 165
296 166
297 74
297 87
297 136
298 75
298 87
298 101
298 164
298 165
299 75
299 76
299 87
299 163
299 164
300 76
300 87
300 100
300 160
300 161
300 162
300 163
301 86
301 87
301 88
301 98
301 99
301 153
301 154
301 155
301 156
301 157
301 158
301 159
302 93
302 94
302 95
302 96
302 97
302 98
302 152
302 153
303 151
304 144
304 145
304 146
304 147
304 148
304 149
304 150
308 75
309 74
309 75
310 73
310 74
311 72
311 73
312 71
312 72
313 70
313 71
314 70
314 165
315 164
316 67
316 68
317 66
317 67
318 65
318 167
319 167
320 167
322 162
323 162
323 163
325 153
326 152
326 153
327 151
327 152
328 150
329 149
329 150
330 149
331 160
331 167
332 147
332 148
332 154
332 156
332 157
332 158
332 166
333 146
333 147
333 165
334 145
334 146
335 144
335 145
336 143
336 144
336 162
337 142
337 143
337 158
338 156
339 53
339 70
339 154
339 155
340 54
340 55
340 64
340 65
340 153
341 72
341 150
341 151
342 72
342 91
342 149
343 63
343 73
343 88
343 90
343 91
343 92
343 120
343 121
343 122
343 123
343 147
344 74
344 85
344 86
344 87
344 91
344 117
344 118
344 119
344 124
344 127
344 128
344 129
344 130
344 131
344 132
344 133
344 134
344 144
344 145
345 67
345 68
345 75
345 81
345 82
345 83
345 91
345 92
345 113
345 114
345 115
345 116
345 139
345 140
345 141
345 142
345 143
345 144
346 59
346 76
346 77
346 78
346 79
346 80
346 92
346 110
346 111
346 126
347 61
347 106
347 107
347 108
347 109
348 61
348 62
348 102
348 103
348 104
348 105
348 128
349 78
349 79
349 80
349 97
349 98
349 99
349 100
349 101
349 102
349 129
350 64
350 75
350 76
350 77
350 78
350 95
350 96
350 114
350 130
351 71
351 72
351 73
351 74
351 75
351 93
351 94
352 70
352 91
352 92
352 106
352 116
353 66
353 90
353 107
353 125
354 88
354 89
354 122
355 84
355 85
355 86
355 87
355 120
355 121
356 70
356 71
356 72
356 73
356 74
356 75
356 76
356 77
356 78
356 79
356 80
356 81
356 82
356 83
356 120
357 99
357 119
358 99
358 118
358 119
359 98
359 117
359 118
360 97
360 115
360 116
361 96
361 97
362 95
362 96
362 113
362 114
363 95
364 94
365 93
365 94
366 93
367 92
367 93
368 92
369 91
369 107
370 90
371 90
372 90
373 90
374 91
374 92
375 92
384 53
384 54
385 52
385 53
386 51
386 52
387 50
407 39
409 37
410 37
411 37
412 36
413 35
414 35
416 32
417 31
418 30
420 59
435 80
437 83
438 64
438 84
439 85
440 64
440 87
440 88
441 64
441 75
441 88
441 89
442 42
442 90
444 74
445 61
445 69
445 93
445 94
446 73
446 92
447 92
447 96
448 72
449 72
449 91
450 50
450 71
450 90
451 90
452 70
452 89
452 103
453 70
453 88
453 89
453 102
453 110
454 69
454 88
454 102
454 109
454 110
455 69
455 87
455 88
455 109
455 110
456 68
456 87
456 92
456 108
456 112
457 68
457 87
457 92
457 108
458 60
458 68
458 86
458 91
458 92
458 108
459 68
459 86
459 91
460 67
460 85
460 86
460 91
461 85
461 90
462 62
462 64
462 85
462 90
462 111
463 84
463 89
463 94
463 111
463 116
464 66
464 84
464 89
464 94
464 111
464 116
465 84
465 88
465 89
465 94
465 111
465 116
466 83
466 93
466 115
466 148
467 68
467 83
467 88
467 93
467 110
467 115
467 148
467 149
468 83
468 88
468 110
468 115
468 148
469 71
469 83
469 87
469 109
469 115
469 148
470 82
470 87
470 109
470 115
470 148
471 82
471 109
471 114
471 148
472 75
472 108
472 114
472 147
473 82
473 108
473 114
473 147
474 108
474 113
475 108
475 113
475 146
476 86
476 107
476 113
476 146
477 85
477 89
477 101
477 107
477 113
477 146
478 89
478 101
478 102
478 107
478 112
478 145
478 150
479 90
479 91
479 101
479 102
479 112
479 145
479 149
480 91
480 102
480 112
480 144
480 149
481 100
481 112
481 144
481 148
482 143
483 106
483 112
483 143
484 111
484 142
485 108
485 142
486 142
487 142
