88 150 47 120
87 253
89 257
89 258
99 240
99 241
103 230
103 231
103 232
103 233
103 234
103 235
103 236
106 155
106 156
106 157
106 164
106 165
106 166
107 153
107 154
107 158
107 159
107 160
107 161
107 162
107 163
107 167
107 168
107 169
107 170
107 200
108 171
108 172
108 173
108 174
108 175
109 176
109 177
109 229
109 231
110 177
110 218
110 219
110 220
110 221
110 222
110 223
110 224
110 225
110 226
110 227
110 228
111 178
111 179
111 213
111 214
111 215
111 216
111 217
112 179
112 180
112 181
112 210
114 157
114 158
114 159
114 160
114 161
114 162
114 163
114 164
114 165
114 166
114 167
114 168
114 169
114 170
114 171
114 172
114 173
114 176
114 177
114 182
114 208
114 209
115 155
115 156
115 157
115 175
115 176
115 183
115 207
116 184
116 185
117 185
117 186
117 235
117 236
118 186
118 228
118 229
118 230
118 231
118 232
118 233
118 234
118 237
119 187
119 205
120 171
120 172
120 173
120 175
120 176
120 177
120 187
120 205
120 206
121 165
121 166
121 167
121 168
121 169
121 170
121 175
121 177
121 179
121 188
121 207
121 209
122 180
122 181
122 183
122 188
122 209
124 163
124 174
124 189
125 161
125 162
125 163
125 174
125 183
125 189
126 161
126 162
126 184
127 161
127 162
127 172
127 173
127 183
127 189
128 162
128 183
129 162
129 164
129 165
130 183
131 161
131 162
131 163
131 188
132 182
132 188
133 188
135 181
136 181
137 181
141 180
143 180
144 180
147 177
151 175
