285 51 72 123
253 132
254 133
255 133
256 133
257 133
258 133
259 133
260 132
261 132
262 132
263 133
264 133
265 133
266 134
267 134
268 134
269 135
270 135
271 135
272 135
273 135
274 135
275 135
276 135
277 135
278 135
279 135
280 136
281 136
282 136
283 135
284 135
285 135
286 135
287 135
288 96
289 136
290 105
290 136
291 105
291 136
292 49
292 50
292 104
292 105
292 136
293 104
293 136
293 168
293 169
294 103
294 104
294 136
294 167
295 103
295 136
295 166
296 136
296 165
296 166
297 136
298 101
298 164
298 165
299 163
299 164
300 76
300 100
300 160
300 161
300 162
300 163
301 98
301 99
301 153
301 154
301 155
301 156
301 157
301 158
301 159
302 88
302 89
302 93
302 94
302 95
302 96
302 97
302 98
302 152
302 153
303 151
304 144
304 145
304 146
304 147
304 148
304 149
304 150
308 75
309 74
309 75
310 73
310 74
311 72
311 73
312 71
312 72
313 70
313 71
314 70
315 69
315 163
316 67
316 68
316 162
316 163
317 66
317 67
317 161
317 162
318 65
318 160
318 161
318 167
319 64
319 159
319 167
320 63
320 158
320 159
320 167
321 62
321 158
322 61
322 156
322 157
322 162
323 60
323 61
323 155
323 156
323 162
323 163
324 59
324 60
324 153
324 154
324 169
324 172
325 58
325 66
325 153
325 171
326 56
326 57
326 152
326 153
327 54
327 55
327 151
327 152
329 149
329 150
330 149
331 148
331 160
332 147
332 148
332 154
332 156
332 157
332 158
333 146
333 147
334 145
334 146
336 162
337 143
337 158
338 156
339 53
339 154
339 155
340 54
340 55
340 153
341 138
341 150
341 151
342 137
342 149
343 89
343 135
343 136
343 137
343 138
343 147
345 84
345 125
345 139
345 140
345 142
345 143
346 59
346 112
347 61
347 127
348 61
348 62
349 129
350 64
350 130
351 115
352 92
352 106
353 66
353 91
353 107
353 123
353 124
353 125
354 108
355 109
355 120
355 121
356 120
357 119
358 118
358 119
359 117
359 118
360 115
360 116
