168 281 117 71
169 285
170 290
170 291
171 292
172 296
172 297
173 280
173 281
173 298
174 281
175 282
176 282
177 282
178 282
179 282
180 283
181 283
182 283
183 283
184 283
185 283
186 283
187 282
188 282
189 282
190 281
191 281
192 281
193 280
194 280
195 280
196 279
197 279
198 278
199 278
200 277
201 276
202 275
202 276
203 275
204 274
205 274
206 273
207 272
207 273
208 272
209 271
210 271
211 270
212 269
212 332
212 333
212 334
212 335
212 336
212 337
212 338
212 339
212 340
213 268
213 269
213 329
213 330
213 331
213 341
213 342
213 343
213 344
213 345
213 346
213 347
213 348
214 267
214 268
214 327
215 267
215 323
216 266
216 321
216 322
216 334
216 335
216 336
216 337
216 338
216 343
216 344
216 345
217 265
217 266
217 319
217 320
217 330
217 332
217 333
217 339
217 340
217 341
217 346
217 347
217 348
218 265
219 264
220 263
220 324
221 263
221 321
222 262
222 314
223 261
223 262
224 261
224 312
225 260
225 311
225 319
226 259
226 260
226 310
226 317
226 318
227 258
227 259
228 258
229 257
229 311
229 312
229 313
229 314
230 256
230 257
231 256
232 255
232 300
232 301
233 254
233 255
233 297
233 298
233 299
233 304
233 305
233 307
234 253
234 254
234 296
234 304
235 252
235 253
235 294
235 295
235 303
236 252
236 303
237 251
237 293
238 250
238 251
239 250
240 249
241 248
242 247
247 282
247 283
248 281
249 280
251 276
251 309
252 308
252 309
253 307
253 308
254 307
255 306
256 305
257 304
257 305
258 304
259 303
260 302
262 300
262 301
263 299
263 300
263 346
263 347
264 344
264 345
265 343
265 344
267 297
268 296
269 295
269 296
270 295
271 294
271 327
271 328
271 329
272 326
272 327
273 293
274 323
274 324
275 292
275 314
275 315
275 322
275 323
276 291
276 313
276 314
276 321
277 291
277 313
277 320
278 313
278 319
278 320
279 312
279 313
279 319
280 289
280 312
280 318
281 311
281 317
281 318
282 310
282 311
282 317
283 309
283 310
283 316
284 308
284 309
284 315
284 316
285 308
286 307
286 308
287 307
288 306
288 307
289 306
290 305
291 304
291 305
292 304
293 303
294 303
295 302
296 302
297 302
298 301
299 301
300 300
301 300
302 299
303 299
304 299
305 298
305 299
306 298
307 298
308 298
