260 0 223 111
232 56
233 56
234 56
235 56
236 56
237 56
238 56
239 56
240 56
241 57
242 56
243 56
244 57
245 57
246 57
247 57
248 57
249 57
250 57
251 57
252 57
253 57
254 57
255 57
256 57
257 57
258 57
259 58
260 58
261 58
262 58
263 58
263 87
264 58
265 57
265 85
265 86
266 57
266 85
267 57
267 84
268 57
268 84
269 56
269 83
270 56
270 83
271 56
271 82
272 82
273 81
274 81
275 80
276 80
277 79
278 79
278 88
278 90
279 79
280 78
281 78
281 87
282 78
282 87
282 88
283 77
283 88
284 77
284 89
285 53
285 76
285 77
285 89
285 90
286 53
286 76
286 88
286 89
287 53
287 75
287 88
288 14
288 54
288 74
288 88
288 96
289 54
289 74
289 88
290 73
290 87
290 98
290 105
291 73
291 87
291 98
291 105
292 42
292 48
292 49
292 50
292 73
292 87
292 99
292 104
292 105
293 72
293 87
293 99
293 100
293 104
294 26
294 73
294 86
294 99
294 100
294 103
294 104
295 86
295 103
296 22
296 74
296 86
296 103
297 87
297 102
298 87
298 101
298 102
299 76
299 87
299 101
300 87
300 100
301 76
301 86
301 87
301 88
301 98
301 99
302 77
302 93
302 94
302 95
302 96
302 97
302 98
303 77
304 77
305 77
306 77
308 75
309 74
309 75
310 73
310 74
311 72
311 73
312 71
312 72
313 70
313 71
314 70
316 67
316 68
317 66
317 67
318 65
326 66
327 66
328 53
328 54
328 67
329 52
329 53
329 67
330 52
330 68
331 51
331 68
332 51
332 68
333 51
333 68
334 51
334 68
335 51
335 69
336 51
336 69
337 52
337 70
338 52
338 53
338 70
339 54
339 70
340 64
340 65
341 55
341 56
341 63
341 72
342 56
342 57
342 63
342 72
342 91
343 58
343 63
343 73
343 88
343 89
343 90
343 91
343 92
344 58
344 59
344 69
344 74
344 85
344 86
344 87
344 91
345 59
345 65
345 66
345 67
345 68
345 75
345 81
345 82
345 83
345 84
345 91
345 92
346 76
346 77
346 78
346 79
346 80
346 92
347 60
349 63
349 78
349 79
349 80
350 75
350 76
350 77
350 78
351 64
351 65
351 71
351 72
351 73
351 74
351 75
351 93
351 94
352 65
352 70
352 91
352 92
353 65
353 90
353 91
354 64
354 67
354 88
354 89
355 64
355 68
355 69
355 84
355 85
355 86
355 87
355 109
356 63
356 70
356 71
356 72
356 73
356 74
356 75
356 76
356 77
356 78
356 79
356 80
356 81
356 82
356 83
357 63
358 62
359 62
360 61
360 62
361 61
362 61
363 60
364 60
365 59
366 59
367 58
367 59
368 58
369 58
370 57
371 57
372 57
373 57
374 57
375 56
376 56
376 93
377 56
377 94
377 95
378 56
378 96
379 56
379 97
380 55
380 56
381 55
382 55
383 54
383 55
384 53
384 54
385 52
385 53
386 51
386 52
387 50
388 49
389 49
390 48
390 49
391 48
392 47
393 46
393 47
394 46
396 45
398 44
400 43
403 42
404 42
405 41
405 45
405 46
407 39
407 43
407 44
407 45
408 43
408 47
409 37
409 48
410 37
410 49
411 37
411 50
412 36
412 50
412 51
413 35
413 51
414 35
416 32
416 55
417 31
417 40
417 50
418 30
418 40
418 41
418 50
418 57
419 40
419 41
419 50
420 40
420 49
420 59
421 40
421 49
422 44
422 49
423 44
423 48
424 38
424 39
424 44
424 48
424 51
425 39
425 44
425 48
425 51
426 40
426 41
426 44
426 47
426 51
426 65
426 66
426 67
427 40
427 44
427 47
427 67
428 24
428 25
428 39
428 40
428 46
428 47
428 50
428 64
428 68
429 23
429 39
429 47
429 50
429 64
429 69
430 21
430 22
430 38
430 46
430 50
430 71
431 21
431 30
431 50
432 20
432 38
433 19
433 20
433 32
433 62
434 18
434 19
434 33
434 62
434 66
435 17
435 34
435 61
435 65
435 80
436 16
436 17
436 34
436 41
436 61
436 65
436 82
437 15
437 16
437 35
437 36
437 41
437 61
437 64
437 71
437 83
438 14
438 15
438 36
438 38
438 60
438 64
438 71
438 84
438 85
439 13
439 14
439 40
439 60
439 64
439 85
439 86
440 12
440 13
440 59
440 64
440 70
440 87
440 88
441 11
441 12
441 58
441 70
441 75
441 88
441 89
441 90
442 10
442 11
442 42
442 58
442 70
442 90
442 91
443 9
443 10
443 58
443 62
443 69
443 91
444 8
444 9
444 50
444 51
444 57
444 62
444 69
444 74
444 92
445 8
445 44
445 52
445 57
445 61
445 68
445 69
445 93
445 94
446 46
446 56
446 57
446 61
446 68
446 73
446 92
447 56
447 60
447 67
447 92
447 96
448 55
448 56
448 67
448 72
449 55
449 66
449 72
449 91
450 49
450 50
450 51
450 55
450 66
450 71
450 90
451 52
451 65
451 90
452 52
452 53
452 65
452 70
452 89
452 103
452 110
453 53
453 70
453 88
453 89
453 102
453 110
454 54
454 64
454 69
454 88
454 102
454 109
454 110
455 64
455 69
455 87
455 88
455 109
455 110
456 63
456 68
456 87
456 92
456 108
457 63
457 68
457 87
457 92
457 108
458 62
458 68
458 86
458 91
458 92
458 108
459 62
459 68
459 86
459 91
460 62
460 67
460 85
460 86
460 91
461 85
461 90
462 62
462 64
462 85
462 90
463 84
463 89
463 94
464 66
464 84
464 89
464 94
465 84
465 88
465 89
465 94
466 83
466 93
467 68
467 83
467 88
467 93
468 83
468 88
468 110
469 71
469 83
469 87
470 82
470 87
471 82
472 75
473 82
474 108
476 86
477 85
477 89
477 101
477 107
478 89
478 102
478 107
479 90
479 91
479 102
480 91
480 102
481 100
