230 135 23 55
233 138
234 137
235 136
236 135
236 154
237 154
237 155
238 155
238 156
238 186
239 158
240 160
240 161
241 162
241 163
242 146
242 164
242 183
242 184
243 146
243 165
243 166
243 181
243 182
244 122
244 123
244 124
244 125
244 126
244 127
244 128
244 129
244 130
244 131
244 132
244 133
244 134
244 135
244 146
244 147
244 148
244 166
244 167
244 179
244 180
245 118
245 119
245 120
245 121
245 136
245 137
245 138
245 139
245 140
245 141
245 142
245 143
245 144
245 145
245 168
245 178
245 179
246 115
246 116
246 117
246 169
246 176
246 177
247 113
247 114
247 170
247 171
247 174
247 175
247 176
248 110
248 111
248 112
248 151
248 172
248 173
249 107
249 108
249 109
249 172
250 105
250 106
250 107
250 135
250 136
250 137
250 138
250 139
250 140
251 103
251 104
251 164
252 101
252 102
252 165
252 166
253 100
253 101
254 99
255 97
255 98
256 96
256 97
257 94
257 95
258 93
258 94
259 91
259 92
260 90
260 91
261 89
261 90
262 88
262 89
263 88
264 86
264 87
