42 173 135 86
33 226
34 226
35 226
36 226
37 227
38 228
39 228
40 229
41 229
41 230
42 230
42 231
42 247
42 248
42 249
43 232
43 246
43 247
44 217
44 218
44 246
45 246
46 190
46 191
46 192
46 193
47 235
47 236
48 202
48 204
48 230
48 234
48 237
48 238
48 239
48 240
48 241
48 242
49 233
50 195
50 198
50 248
51 188
52 187
52 239
52 240
52 242
52 245
53 185
54 185
54 245
55 245
56 183
56 246
57 176
57 177
57 246
58 174
58 175
58 179
58 180
58 181
59 173
59 179
60 172
60 178
60 256
61 177
61 257
62 175
62 176
63 174
63 175
75 247
87 253
99 241
102 196
102 198
103 197
103 198
103 231
103 232
103 233
103 234
103 235
103 236
104 197
104 198
105 197
105 198
106 155
106 156
106 157
106 164
106 165
106 166
106 199
107 153
107 154
107 158
107 159
107 160
107 161
107 162
107 163
107 167
107 168
107 169
107 170
107 200
107 201
107 202
107 203
107 204
107 205
107 206
107 207
107 208
107 209
108 171
108 172
108 173
108 174
108 175
109 176
109 177
109 229
109 231
110 177
110 219
110 220
110 221
110 222
110 223
110 224
110 225
110 226
110 227
110 228
111 178
111 179
111 214
111 216
112 179
112 180
112 181
112 210
114 170
114 171
114 172
114 173
114 176
114 177
114 182
114 208
114 209
115 175
115 176
115 183
115 207
116 184
116 185
117 185
117 186
117 236
118 186
119 187
119 205
119 238
119 239
120 171
120 172
120 173
120 175
120 176
120 177
120 187
120 205
120 206
121 165
121 166
121 167
121 168
121 169
121 170
121 175
121 177
121 179
121 188
121 207
121 209
122 180
122 181
122 183
122 188
122 209
124 174
124 189
125 174
125 183
125 189
126 174
126 184
127 172
127 173
127 183
127 189
128 170
128 183
129 164
129 165
130 183
131 188
132 182
132 188
133 188
135 181
136 181
136 187
137 181
137 187
138 187
139 186
139 209
140 210
141 180
141 211
142 185
142 212
143 180
143 213
144 180
144 213
145 213
146 184
146 213
147 177
147 213
148 183
148 213
149 212
150 212
151 175
153 183
154 183
155 184
155 185
156 226
157 227
157 228
158 228
158 229
159 221
159 229
160 178
161 177
161 230
162 177
162 226
162 227
162 229
163 175
163 176
163 193
163 228
164 173
164 174
164 175
164 226
164 227
165 172
165 173
165 226
166 171
166 225
166 226
167 221
167 222
167 223
167 224
168 219
169 203
169 204
169 205
169 210
169 211
169 214
169 215
169 216
170 196
170 197
170 198
170 199
170 200
170 201
170 202
170 206
170 207
170 208
170 209
171 194
171 195
171 222
171 223
172 219
172 220
172 221
173 181
173 182
173 183
173 184
173 185
173 186
173 187
173 188
173 189
173 190
173 216
173 217
173 218
174 175
174 176
174 177
174 178
174 179
174 180
174 213
174 214
174 215
174 216
175 174
175 206
175 207
175 208
175 209
175 210
175 211
178 190
