43 189 24 69
33 226
34 226
35 226
36 226
37 227
38 228
39 228
40 229
41 229
41 230
42 230
42 231
43 232
44 217
44 218
46 190
46 191
46 192
46 193
47 235
47 236
48 202
48 203
48 204
48 205
48 230
48 234
48 237
48 238
48 239
48 240
48 241
48 242
49 200
49 201
49 202
49 233
50 195
50 196
50 197
50 198
50 199
50 248
51 188
51 189
51 190
51 191
51 192
51 193
51 194
52 187
52 239
52 240
52 242
52 245
53 185
54 185
54 245
55 245
56 183
56 246
57 181
57 246
58 179
58 180
58 181
59 179
60 178
60 256
61 177
61 257
62 175
62 176
63 174
63 175
63 176
