218 192 72 49
217 204
217 205
217 206
217 207
217 208
218 193
218 194
218 203
218 206
218 209
218 225
218 226
218 227
219 191
219 192
219 195
219 196
219 210
220 189
220 197
220 198
220 199
220 200
220 201
220 202
220 211
220 213
220 214
220 215
220 216
220 217
220 218
220 219
220 220
220 232
220 233
220 234
221 212
221 230
221 231
222 229
222 230
223 227
224 223
224 226
225 221
225 222
226 219
226 220
227 217
228 215
228 216
229 214
229 215
230 213
230 214
231 212
231 213
232 210
233 209
234 208
235 207
236 206
237 205
237 206
238 204
241 202
242 190
242 202
243 190
243 201
243 202
244 191
244 201
245 192
245 201
246 192
246 193
246 200
247 192
247 200
248 192
248 201
249 191
249 192
249 202
250 191
250 198
250 202
251 191
251 197
251 202
252 190
252 197
252 201
253 190
253 197
253 201
254 190
254 197
254 201
255 190
255 197
255 201
256 190
256 197
256 201
257 189
257 196
257 201
258 189
258 201
259 189
259 196
259 201
260 189
260 195
260 201
260 230
260 231
261 189
261 195
261 200
261 230
262 189
262 194
262 195
262 200
262 229
263 188
263 194
263 199
263 229
264 193
264 198
265 193
265 198
266 198
267 197
268 197
268 198
269 188
269 196
270 188
270 196
271 188
271 195
272 189
273 189
273 190
273 223
274 191
274 222
274 223
275 192
275 222
276 192
276 221
276 222
277 191
277 221
278 191
278 220
279 190
279 218
279 219
279 220
280 189
282 213
283 212
283 213
283 233
283 234
287 204
287 229
288 203
288 222
288 229
289 200
289 202
289 228
290 200
290 228
291 197
291 198
291 227
292 227
293 194
293 226
294 191
294 225
294 226
295 188
295 189
295 190
295 225
296 187
296 224
296 225
297 184
297 185
297 224
298 183
298 223
299 222
299 223
300 221
301 219
301 221
303 216
303 217
307 212
