9 164 275 99
21 253
21 254
24 223
26 254
27 254
27 255
28 255
28 256
29 256
30 256
31 256
33 226
34 226
35 226
36 226
37 227
38 228
39 228
40 229
41 229
41 230
42 230
42 231
42 247
42 248
42 249
43 232
43 246
43 247
44 217
44 218
44 246
45 246
46 190
46 191
46 192
46 193
47 235
47 236
48 202
48 204
48 230
48 234
48 237
48 238
48 239
48 240
48 241
48 242
48 243
49 233
50 195
50 198
50 248
51 188
51 248
51 250
51 251
52 187
52 239
52 240
52 242
52 243
52 244
52 245
52 251
53 185
54 185
54 245
55 245
56 183
56 246
57 169
57 176
57 177
57 246
58 168
58 169
58 174
58 175
58 179
58 180
58 181
58 247
59 173
59 179
59 248
60 172
60 178
60 256
61 162
61 177
61 248
61 257
62 163
62 164
62 165
62 166
62 169
62 170
62 171
62 175
62 176
63 167
63 168
63 174
63 175
63 247
75 247
87 253
109 229
109 231
110 218
110 219
110 220
110 221
110 222
110 223
110 224
110 225
110 226
110 227
111 178
111 179
111 213
111 215
111 217
112 179
112 180
112 181
112 211
112 212
114 182
115 183
116 184
116 185
116 206
117 185
117 186
117 205
117 235
117 236
118 186
118 205
118 228
118 229
118 230
118 231
118 232
118 233
118 234
118 237
119 187
119 220
119 221
119 222
119 223
119 224
119 225
119 226
119 227
120 171
120 173
120 175
120 176
120 177
120 187
120 217
120 218
120 219
121 165
121 166
121 167
121 168
121 169
121 170
121 175
121 177
121 178
121 179
121 188
121 208
121 215
121 216
121 217
122 180
122 181
122 183
122 188
122 213
122 214
122 215
124 174
124 189
125 174
125 183
125 189
126 174
126 175
126 184
127 172
127 183
127 189
128 170
128 171
128 183
129 164
129 165
129 168
129 169
130 166
130 167
130 183
131 188
132 182
132 188
133 188
135 181
136 181
136 187
137 181
137 187
138 187
139 186
140 210
141 180
142 185
143 180
144 180
144 213
145 213
146 213
147 213
148 183
148 213
149 212
150 212
151 175
153 183
154 183
155 184
155 185
156 185
156 186
156 226
157 227
157 228
158 229
159 221
159 229
160 178
161 177
162 177
163 175
163 176
163 193
164 173
164 174
164 175
165 172
165 173
166 171
166 225
166 226
167 221
167 222
167 223
167 224
168 219
169 203
169 204
169 205
169 210
169 211
169 214
169 215
169 216
170 196
170 197
170 198
170 199
170 200
170 201
170 202
170 206
170 207
170 208
170 209
171 194
171 195
171 222
171 223
172 219
172 220
172 221
173 181
173 182
173 183
173 184
173 185
173 186
173 187
173 188
173 189
173 190
173 216
173 217
173 218
174 175
174 176
174 177
174 178
174 179
174 180
174 213
174 214
174 215
174 216
175 172
175 174
175 206
175 207
175 208
175 209
175 210
175 211
178 190
183 205
184 205
185 205
186 205
187 206
188 206
189 206
190 206
191 207
192 207
192 235
193 207
193 234
193 235
194 207
194 232
195 208
195 232
196 207
196 231
196 232
197 207
197 231
198 230
198 231
199 229
199 230
200 228
201 229
202 229
203 168
204 229
205 226
205 229
205 230
205 231
205 232
206 226
207 226
209 167
209 168
209 169
210 166
210 167
210 172
210 257
210 258
211 164
211 165
211 166
211 257
211 260
212 163
212 164
212 176
213 163
213 170
214 161
214 162
214 163
214 169
215 159
215 160
215 161
215 167
215 168
216 158
216 159
216 165
216 166
216 181
217 157
217 158
217 183
218 156
219 155
219 184
219 221
219 222
219 223
219 224
220 153
220 154
220 185
220 189
220 190
220 234
221 151
221 232
222 186
222 187
222 230
223 187
223 228
223 242
224 187
224 224
224 225
224 240
224 241
225 188
225 223
225 233
225 234
225 235
225 239
226 188
226 230
226 231
226 232
226 236
226 238
227 189
227 218
227 237
227 238
228 189
228 238
229 190
230 190
231 190
232 191
232 211
232 235
232 236
233 191
233 210
233 236
234 191
234 209
234 236
235 191
235 208
235 236
236 191
236 207
236 235
237 186
237 187
237 191
237 235
237 238
238 186
238 187
238 191
238 205
238 235
238 238
239 185
239 186
239 191
239 204
239 235
239 239
240 185
240 191
240 203
240 238
241 184
241 185
241 191
241 202
241 203
241 238
241 249
242 183
242 190
242 202
242 238
242 248
243 165
243 181
243 190
243 201
243 202
243 237
243 247
244 191
244 201
244 237
244 246
245 179
245 192
245 201
245 237
245 246
246 169
246 177
246 192
246 193
246 200
246 237
246 245
247 174
247 175
247 176
247 192
247 200
247 236
247 244
247 245
248 151
248 172
248 173
248 186
248 187
248 192
248 201
248 236
248 244
249 172
249 187
249 188
249 191
249 192
249 202
249 235
249 243
250 172
250 187
250 191
250 198
250 202
250 235
250 243
251 164
251 171
251 191
251 197
251 202
251 235
251 242
252 165
252 166
252 171
252 190
252 197
252 201
252 234
252 241
253 171
253 190
253 197
253 201
253 234
253 240
253 241
254 171
254 190
254 197
254 201
254 233
254 239
254 240
255 171
255 172
255 190
255 197
255 201
255 233
255 239
256 172
256 190
256 197
256 201
256 232
256 233
256 238
257 189
257 196
257 201
257 232
257 237
257 238
258 174
258 189
258 201
258 231
258 232
258 236
258 237
259 175
259 176
259 177
259 178
259 189
259 196
259 201
259 231
259 236
259 257
259 261
260 189
260 195
260 201
260 230
260 231
260 235
261 179
261 180
261 189
261 195
261 200
261 230
261 234
261 235
262 180
262 189
262 194
262 195
262 200
262 229
262 230
262 233
262 234
263 180
263 181
263 188
263 194
263 199
263 229
264 181
264 182
264 188
264 193
264 198
264 229
265 182
265 183
265 193
265 198
265 229
266 183
266 188
266 198
266 229
267 184
267 188
267 197
267 228
268 184
268 185
268 188
268 197
268 198
268 227
268 228
269 185
269 188
269 196
269 227
270 185
270 186
270 188
270 196
270 226
270 227
271 188
271 195
271 225
271 226
272 185
272 189
272 224
272 225
273 184
273 185
273 189
273 190
273 223
273 224
274 184
274 191
274 222
274 223
275 183
275 184
275 192
275 222
275 244
276 183
276 192
276 221
276 222
277 183
277 191
277 221
278 182
278 191
278 220
279 182
279 190
279 218
279 219
279 220
280 189
281 180
281 189
282 179
282 180
282 189
282 213
283 179
283 188
283 189
283 212
283 213
283 233
283 234
284 178
285 232
286 230
