218 132 35 62
206 174
207 174
208 174
209 174
210 174
211 174
211 175
213 177
214 177
214 178
215 179
215 180
216 180
217 182
218 183
218 184
219 162
219 185
220 186
221 186
223 148
224 146
224 147
225 144
225 145
225 151
225 188
226 144
226 152
229 190
230 190
231 190
233 138
234 137
235 136
236 135
238 186
242 146
242 183
242 184
243 146
243 165
243 181
244 122
244 123
244 124
244 125
244 126
244 127
244 128
244 129
244 130
244 131
244 132
244 133
244 134
244 135
244 147
244 148
244 149
244 167
245 118
245 119
245 120
245 121
245 136
245 137
245 138
245 139
245 140
245 141
245 142
245 143
245 144
245 145
245 168
245 179
246 115
246 116
246 117
246 169
246 177
247 113
247 114
247 170
247 171
247 174
247 175
247 176
248 110
248 111
248 112
248 151
248 172
248 173
249 107
249 108
249 109
249 172
250 105
250 106
250 107
250 135
250 136
250 137
250 138
250 139
250 140
251 103
251 104
251 164
252 101
252 102
252 165
252 166
253 100
253 101
254 99
255 97
255 98
256 96
256 97
257 94
257 95
258 93
258 94
259 91
259 92
260 90
260 91
261 89
261 90
262 88
262 89
263 88
264 86
264 87
264 188
