16 187 477 165
21 253
21 254
24 223
26 254
27 254
27 255
28 255
28 256
29 256
30 256
31 256
32 256
33 226
34 226
35 226
36 226
37 227
38 228
39 228
40 229
41 229
41 230
41 266
41 267
42 230
42 231
42 247
42 248
42 249
42 267
43 232
43 246
43 247
44 217
44 218
44 246
44 269
44 270
45 246
45 271
46 190
46 191
46 192
46 193
47 235
47 236
48 202
48 204
48 230
48 234
48 237
48 238
48 239
48 240
48 241
48 242
48 243
49 233
50 195
50 198
50 248
50 277
50 278
51 188
51 248
51 250
51 251
51 278
51 279
52 187
52 239
52 240
52 242
52 243
52 244
52 245
52 251
52 252
52 279
53 185
53 253
53 254
53 279
54 185
54 245
54 253
54 280
55 245
55 281
56 183
56 246
56 253
56 281
57 246
57 253
57 281
58 179
58 180
58 181
58 247
58 280
59 179
59 248
59 254
59 255
59 280
60 178
60 256
60 280
61 177
61 248
61 257
61 280
62 175
62 176
62 248
62 279
63 174
63 175
63 247
63 279
64 247
64 249
64 250
64 280
65 249
65 250
65 280
66 250
66 280
67 280
68 249
68 280
69 249
69 280
70 249
70 280
70 290
71 246
71 280
72 247
72 280
72 292
73 280
74 247
74 280
74 290
74 292
74 293
74 294
75 247
75 280
75 289
75 290
76 247
76 280
76 296
77 247
77 281
77 296
78 248
78 281
78 296
79 248
79 249
79 281
79 295
80 249
80 281
81 249
81 281
82 250
82 281
83 250
83 281
84 249
84 250
84 281
85 250
85 281
86 251
86 281
87 251
87 252
87 253
87 281
88 253
88 254
88 281
89 249
89 254
89 257
89 258
89 281
90 249
90 258
90 281
91 249
91 258
91 281
92 249
92 259
92 281
93 259
93 282
94 259
94 282
95 259
95 282
96 259
96 282
97 260
97 283
98 260
98 283
99 261
99 283
100 241
100 261
100 266
100 283
101 261
101 266
101 283
102 261
102 266
102 283
103 261
103 266
103 283
103 284
104 261
104 266
104 284
105 261
105 266
105 285
106 261
106 266
106 276
106 285
106 286
107 262
107 266
107 274
107 275
107 286
108 262
108 266
108 274
108 286
109 229
109 231
109 262
109 266
109 274
109 287
110 218
110 219
110 220
110 221
110 222
110 223
110 224
110 225
110 226
110 227
110 262
110 266
110 273
110 287
111 178
111 179
111 213
111 215
111 217
111 262
111 273
111 287
112 179
112 180
112 181
112 211
112 212
112 262
112 273
112 288
113 262
113 272
113 288
114 182
114 262
114 272
114 288
115 183
115 262
115 272
115 289
116 184
116 185
116 262
116 272
116 289
117 185
117 186
117 235
117 236
117 262
117 272
117 288
118 186
118 228
118 229
118 230
118 231
118 232
118 233
118 234
118 237
118 262
118 272
118 288
119 187
119 205
119 220
119 221
119 222
119 223
119 224
119 225
119 226
119 227
119 262
119 272
119 288
120 187
120 205
120 206
120 217
120 218
120 219
120 263
120 272
120 288
121 188
121 207
121 208
121 209
121 215
121 216
121 217
121 263
121 272
121 288
122 188
122 209
122 213
122 214
122 215
122 263
122 264
122 272
122 273
122 288
123 264
123 265
123 273
123 288
124 189
124 265
124 273
124 288
125 189
125 266
125 267
125 273
125 288
126 267
126 268
126 272
126 288
127 189
127 269
127 272
127 288
128 269
128 273
128 288
129 273
129 288
130 273
130 274
130 288
131 188
131 274
131 288
132 188
132 274
132 288
133 188
133 274
133 288
134 288
135 275
135 288
136 187
136 276
136 289
137 187
137 276
137 289
138 187
138 276
138 289
139 186
139 276
139 289
140 210
140 276
141 211
141 276
141 288
142 212
142 276
142 288
143 213
143 276
143 289
144 213
144 276
144 289
145 213
145 277
145 289
146 213
146 277
146 289
147 213
147 277
147 289
148 213
148 277
148 289
149 212
149 277
149 289
150 212
150 277
150 288
151 278
151 288
152 279
152 287
153 197
153 279
153 281
153 285
153 286
154 183
154 195
154 196
154 278
154 282
154 283
154 284
155 184
155 185
155 194
155 200
155 278
156 185
156 186
156 192
156 193
156 199
156 200
156 201
156 202
156 203
156 207
156 208
156 209
156 223
156 224
156 225
156 226
156 278
157 187
157 188
157 189
157 190
157 191
157 204
157 205
157 206
157 210
157 223
157 278
158 211
158 215
158 216
158 217
158 218
158 219
158 222
158 228
158 229
158 278
159 212
159 214
159 220
159 222
159 229
159 278
160 190
160 191
160 222
160 278
161 191
161 192
161 230
161 278
162 193
162 194
162 226
162 227
162 229
162 278
163 228
163 278
164 226
164 227
164 278
165 226
165 278
166 278
167 278
168 212
168 217
168 218
168 220
168 278
169 202
169 278
169 285
170 278
170 290
170 291
171 278
171 292
172 191
172 192
172 193
172 278
172 296
172 297
173 277
173 278
173 280
173 281
173 298
174 277
174 281
175 276
175 282
176 201
176 202
176 203
176 204
176 205
176 206
176 207
176 276
176 282
177 193
177 194
177 195
177 196
177 276
177 282
178 191
178 192
178 276
178 282
179 276
179 282
180 276
180 283
181 205
181 275
181 283
182 205
182 275
182 283
183 275
183 283
184 275
184 283
185 205
185 274
185 283
186 205
186 274
186 283
187 206
187 273
187 282
188 273
188 282
189 206
189 272
189 282
190 206
190 272
190 281
191 236
191 271
191 281
192 207
192 235
192 236
192 270
192 281
193 207
193 234
193 235
193 270
193 274
193 280
194 207
194 232
194 233
194 234
194 269
194 274
194 280
195 208
195 232
195 268
195 274
195 280
196 231
196 232
196 273
196 279
197 207
197 231
197 272
197 279
198 230
198 231
198 272
198 278
199 229
199 230
199 272
199 278
200 228
200 277
201 229
201 276
202 229
202 275
202 276
203 229
203 275
204 229
204 274
205 226
205 229
205 230
205 231
205 274
206 225
206 226
206 229
206 255
206 256
206 273
207 225
207 226
207 272
207 273
208 225
208 226
208 272
209 225
209 251
209 271
210 224
210 249
210 259
210 260
210 261
210 262
210 271
211 223
211 261
211 270
212 222
212 246
212 269
212 332
212 333
212 334
212 335
212 336
212 337
212 338
212 339
212 340
213 222
213 244
213 268
213 269
213 329
213 330
213 331
213 341
213 342
213 343
213 344
213 345
213 346
213 347
213 348
214 220
214 221
214 242
214 267
214 268
214 327
215 220
215 267
215 323
216 219
216 238
216 266
216 321
216 322
216 334
216 335
216 336
216 337
216 338
216 343
216 344
217 204
217 205
217 206
217 207
217 208
217 234
217 235
217 236
217 265
217 266
217 319
217 320
217 330
217 332
217 333
217 339
217 340
217 341
217 347
217 348
218 193
218 194
218 203
218 206
218 209
218 225
218 226
218 227
218 265
219 185
219 191
219 192
219 195
219 196
219 210
219 264
220 185
220 189
220 197
220 198
220 199
220 200
220 201
220 202
220 211
220 213
220 214
220 215
220 216
220 217
220 218
220 219
220 220
220 232
220 233
220 263
220 324
221 212
221 230
221 231
221 263
221 321
222 186
222 187
222 229
222 262
222 314
223 187
223 227
223 242
223 261
223 262
223 313
224 187
224 223
224 226
224 240
224 241
224 261
224 312
225 221
225 222
225 239
225 260
225 311
225 319
226 188
226 219
226 220
226 232
226 236
226 238
226 259
226 260
226 310
226 317
226 318
227 189
227 217
227 237
227 238
227 258
227 259
227 316
228 189
228 215
228 216
228 238
228 258
228 315
229 214
229 215
229 257
229 309
229 310
230 213
230 214
230 256
230 257
230 308
231 212
231 213
231 256
231 309
232 191
232 210
232 235
232 236
232 255
232 300
232 301
232 302
232 308
233 191
233 209
233 236
233 254
233 255
233 297
233 298
233 299
233 303
233 306
233 308
234 191
234 208
234 236
234 253
234 254
234 296
234 303
235 191
235 207
235 236
235 252
235 253
235 294
236 191
236 206
236 235
236 252
236 294
236 302
237 186
237 187
237 191
237 205
237 206
237 235
237 238
237 251
237 292
237 302
238 187
238 191
238 204
238 235
238 238
238 250
238 251
238 291
238 292
239 185
239 186
239 191
239 235
239 239
239 250
240 185
240 191
240 238
240 249
241 184
241 185
241 191
241 202
241 238
241 248
241 249
242 183
242 184
242 190
242 202
242 238
242 247
242 248
243 182
243 190
243 201
243 202
243 237
243 247
244 191
244 201
244 237
244 246
244 290
245 192
245 201
245 237
245 246
245 285
245 286
245 287
245 288
245 289
246 192
246 193
246 200
246 237
246 245
246 283
246 284
247 192
247 200
247 236
247 244
247 245
247 282
247 283
248 186
248 187
248 192
248 201
248 236
248 244
248 271
248 272
248 280
248 281
249 187
249 188
249 191
249 192
249 202
249 235
249 243
249 269
249 270
249 279
249 280
250 187
250 191
250 198
250 202
250 235
250 243
250 269
250 277
250 278
250 279
251 191
251 197
251 202
251 235
251 242
251 275
251 277
251 309
252 190
252 197
252 201
252 234
252 241
252 266
252 267
252 273
252 274
253 190
253 197
253 201
253 234
253 240
253 241
253 265
254 190
254 197
254 201
254 233
254 239
254 240
254 264
254 270
255 190
255 197
255 201
255 233
255 239
255 263
255 268
255 269
256 190
256 197
256 201
256 232
256 233
256 238
256 262
256 268
257 189
257 196
257 201
257 232
257 237
257 238
257 267
257 268
257 304
257 305
258 189
258 201
258 231
258 232
258 236
258 237
258 258
258 259
258 267
258 304
259 189
259 196
259 201
259 231
259 236
259 257
259 261
259 266
259 303
260 189
260 195
260 201
260 230
260 235
260 265
260 302
261 189
261 195
261 200
261 234
261 235
261 264
261 301
262 189
262 194
262 195
262 200
262 230
262 233
262 234
263 188
263 194
263 199
263 263
263 300
263 346
263 347
264 193
264 198
264 229
264 298
264 299
264 344
264 345
265 193
265 229
265 263
265 298
265 343
265 344
266 188
266 198
266 229
266 262
266 298
267 188
267 228
267 261
267 262
268 188
268 198
268 227
268 228
268 297
269 188
269 227
270 188
270 226
270 227
271 188
271 195
271 225
271 226
271 328
272 189
272 224
272 225
272 293
272 294
273 189
273 190
273 223
273 224
274 191
274 222
274 223
274 292
275 192
275 222
275 244
275 315
276 192
276 221
276 222
276 313
277 191
277 221
277 313
278 191
278 220
278 290
278 313
279 190
279 218
279 219
279 220
279 290
279 312
280 189
280 290
281 189
281 289
282 189
282 213
283 188
283 189
283 212
283 213
283 233
283 234
284 187
285 186
285 187
285 232
286 186
286 230
287 204
287 229
288 203
288 222
288 229
289 200
289 202
289 228
290 200
291 180
291 181
291 197
291 198
291 227
291 286
291 287
292 179
292 180
293 178
293 179
293 194
293 289
294 177
294 178
294 191
294 226
295 177
295 188
295 189
295 190
296 176
296 187
297 175
297 184
297 185
298 174
298 175
298 183
299 173
299 174
299 223
300 172
300 173
300 221
301 172
301 196
301 219
301 221
302 171
302 217
303 170
303 171
303 194
303 195
303 216
303 217
304 215
304 216
305 214
305 215
305 219
305 220
306 213
306 214
307 205
307 212
307 213
308 223
309 205
309 222
310 204
310 221
310 222
311 188
311 189
311 204
311 220
311 221
312 205
312 293
314 183
314 184
314 185
315 182
315 183
315 203
315 207
315 208
316 180
316 181
316 182
316 204
317 180
322 291
323 291
324 266
324 267
324 290
324 291
325 266
325 290
325 297
326 265
326 266
326 290
326 297
327 265
327 289
327 297
328 264
328 289
328 297
329 262
329 263
329 297
330 219
330 297
331 219
331 296
332 296
333 296
334 295
335 216
335 295
335 296
336 296
337 296
338 296
339 212
339 296
340 296
341 204
342 201
342 203
343 199
343 200
344 198
344 199
344 304
345 197
345 207
345 304
346 196
346 197
346 264
346 303
347 195
347 196
347 204
347 205
347 265
347 266
347 267
347 303
348 194
348 195
348 202
348 203
348 267
348 268
348 303
348 327
349 193
349 194
349 200
349 201
349 270
349 271
349 302
349 325
349 326
349 327
350 192
350 193
350 200
350 271
350 272
350 302
351 192
351 199
351 200
351 272
351 302
352 273
352 302
352 323
352 324
353 191
353 273
353 274
353 302
353 324
353 325
354 190
354 274
354 302
354 326
355 190
355 274
355 302
355 327
356 275
356 301
357 190
357 275
357 301
358 191
358 275
358 276
358 301
359 276
359 301
360 276
360 301
361 195
361 276
361 301
362 194
362 276
362 301
363 193
363 275
363 300
364 192
364 275
364 300
365 192
365 275
365 300
366 194
366 275
366 300
367 193
367 300
368 191
368 192
368 194
368 300
369 191
369 259
369 299
370 259
370 265
370 299
371 260
371 265
371 299
372 257
372 260
372 266
372 299
373 232
373 240
373 241
373 256
373 260
373 267
373 298
374 231
374 232
374 257
374 267
374 298
375 232
375 233
375 244
375 257
375 267
375 268
375 298
376 233
376 234
376 250
376 258
376 298
377 251
377 263
377 270
377 272
377 297
377 298
378 252
378 256
378 258
378 263
378 297
379 252
379 256
379 259
379 263
379 264
379 297
380 255
380 256
380 260
380 261
380 296
381 256
381 296
382 296
383 295
384 295
385 294
386 293
386 294
387 293
388 292
415 339
417 344
418 343
418 344
419 342
419 343
420 341
420 342
421 340
421 341
422 339
423 337
423 338
424 268
424 335
424 337
425 267
425 268
425 334
425 335
426 267
426 333
426 334
427 266
427 331
427 332
427 333
428 266
428 329
428 330
428 331
429 265
429 328
429 329
430 264
431 264
432 263
433 258
433 263
434 258
434 259
434 262
435 258
435 259
435 262
436 258
436 259
436 262
437 258
438 258
438 262
438 284
438 285
439 257
439 262
439 286
439 287
439 288
439 289
440 257
440 261
440 279
440 280
440 281
441 258
441 261
441 279
442 258
442 277
442 278
443 275
443 276
443 277
444 257
445 257
445 272
445 273
446 257
446 269
446 270
446 271
447 257
447 268
448 257
449 257
449 260
449 263
449 264
449 265
449 266
450 257
450 260
450 261
450 262
450 263
451 257
451 261
452 256
452 257
452 267
452 268
453 255
453 256
453 265
453 266
453 267
454 254
454 255
454 261
454 265
455 253
455 254
455 261
455 265
456 252
456 260
457 243
457 244
457 245
457 246
457 247
457 248
457 251
457 259
458 241
458 250
459 231
459 232
459 233
459 234
459 238
459 240
459 249
460 235
460 238
461 247
462 228
462 229
462 246
462 247
463 226
463 228
463 229
463 246
464 229
464 245
465 209
465 229
465 244
466 207
466 208
466 243
467 242
468 207
468 229
469 207
469 224
469 229
469 242
470 208
470 224
470 229
470 233
470 241
470 242
471 171
471 172
471 224
471 229
471 233
471 241
472 223
472 224
472 228
472 233
473 204
473 223
473 227
473 228
473 233
474 204
474 223
474 228
474 233
475 204
475 223
475 232
475 238
476 203
476 209
476 222
476 227
476 232
476 235
476 237
477 203
477 209
477 212
477 227
477 232
478 203
478 208
478 212
478 227
478 232
479 202
479 208
479 212
479 226
479 231
480 202
480 207
480 211
480 221
480 226
480 231
481 202
481 207
481 211
481 221
481 226
481 231
482 202
482 207
482 221
482 226
482 231
483 201
483 221
483 226
483 230
483 231
484 201
484 221
484 226
484 230
485 201
485 221
485 225
485 230
486 200
486 209
486 221
486 229
487 201
487 209
487 221
487 228
487 229
488 201
488 202
488 222
488 228
489 200
489 201
489 208
489 222
490 200
490 220
491 177
491 205
