154 165 77 105
148 183
153 183
154 184
155 200
156 199
156 200
156 201
156 202
156 203
156 207
156 208
156 209
156 223
156 224
156 225
157 204
157 205
157 206
157 210
157 223
158 211
158 215
158 216
158 217
158 218
158 219
158 222
158 228
159 212
159 214
159 220
159 222
160 190
160 191
160 222
161 191
161 192
162 193
162 194
162 226
162 227
162 229
163 228
164 226
164 227
165 226
168 212
168 217
168 218
168 220
169 202
172 191
172 192
172 193
175 172
175 174
176 201
176 202
176 203
176 204
176 205
176 206
176 207
177 193
177 194
177 195
177 196
178 191
178 192
181 205
182 205
185 205
186 205
187 206
189 206
190 206
192 207
193 207
194 207
195 208
196 268
197 207
197 266
197 267
198 231
198 265
198 266
199 264
199 265
200 263
200 264
201 262
201 263
202 261
202 262
203 168
203 260
203 261
204 175
204 258
204 259
205 232
205 257
205 258
206 255
206 256
206 257
207 254
207 255
208 252
208 253
209 252
210 172
210 250
210 251
210 257
210 258
211 248
211 249
211 257
211 260
212 163
212 176
212 247
213 170
213 245
214 161
214 169
214 243
215 159
215 160
215 161
215 167
215 168
215 240
215 241
215 242
216 165
216 166
216 181
216 239
217 157
217 158
217 183
217 237
218 156
219 155
219 184
219 221
219 222
219 223
219 224
220 153
220 154
220 189
220 234
221 151
221 232
222 230
223 228
224 224
224 225
225 223
225 233
225 234
225 235
226 230
226 231
226 232
227 218
228 238
232 211
233 210
234 209
235 208
236 207
238 205
239 204
240 203
241 202
241 203
242 202
243 201
243 202
244 201
245 201
246 200
247 200
248 201
