342 75 151 136
341 72
342 72
342 91
343 73
343 88
343 90
343 91
343 92
343 120
343 121
343 122
343 123
344 74
344 85
344 86
344 87
344 91
344 117
344 118
344 119
344 124
344 127
344 128
344 129
344 130
344 131
344 132
344 133
344 134
345 75
345 81
345 82
345 83
345 91
345 92
345 113
345 114
345 115
345 116
346 76
346 77
346 78
346 79
346 80
346 92
346 110
346 111
346 126
346 206
347 106
347 107
347 108
347 109
348 102
348 103
348 104
348 105
348 128
349 78
349 79
349 80
349 97
349 98
349 99
349 100
349 101
349 102
350 75
350 76
350 77
350 78
350 95
350 96
350 114
351 71
351 72
351 73
351 74
351 75
351 93
351 94
352 70
352 91
352 92
352 106
352 116
352 125
353 90
353 107
353 123
353 124
354 67
354 88
354 89
354 108
354 122
355 68
355 69
355 84
355 85
355 86
355 87
356 70
356 71
356 72
356 73
356 74
356 75
356 76
356 77
356 78
356 79
356 80
356 81
356 82
356 83
357 99
358 99
359 98
360 97
360 196
361 96
361 97
361 114
361 196
362 95
362 96
363 95
363 112
363 113
364 94
364 111
364 112
365 93
365 94
365 110
365 111
366 93
366 109
366 110
367 92
367 93
367 108
367 109
367 194
368 92
368 108
368 193
369 91
369 107
370 90
370 106
370 107
370 190
371 90
371 105
371 106
371 189
371 190
372 90
372 105
372 188
372 189
373 90
373 104
374 91
374 92
374 103
374 104
375 92
375 103
376 93
376 102
377 94
377 95
377 102
378 96
378 101
379 97
379 98
379 100
379 101
380 99
431 73
431 74
432 75
434 77
435 80
437 83
438 84
439 85
440 87
440 88
441 88
441 89
442 74
442 90
443 74
445 73
446 93
452 89
453 88
453 89
453 102
454 88
455 88
456 92
462 111
463 89
463 111
464 111
465 88
465 111
465 209
466 115
466 148
466 150
466 207
467 110
467 115
467 148
467 149
468 115
468 148
468 207
469 71
469 109
469 115
469 148
469 207
470 109
470 115
470 148
470 208
471 109
471 148
472 75
472 82
472 108
472 147
473 108
473 147
473 174
473 204
474 82
474 113
474 204
475 108
475 113
475 146
475 204
476 107
476 113
476 146
476 203
477 85
477 113
477 146
477 203
477 209
478 89
478 101
478 145
478 150
478 203
478 208
479 90
479 91
479 101
479 112
479 145
479 149
479 202
480 91
480 112
480 144
480 149
480 202
480 207
481 100
481 144
481 148
481 170
481 202
481 207
482 143
482 170
482 202
482 207
483 106
483 112
483 143
483 170
483 201
484 111
484 142
484 169
484 201
485 108
485 142
485 201
486 142
486 200
486 209
487 142
487 201
488 201
488 202
489 143
489 148
489 149
489 164
489 165
489 200
490 149
490 150
490 173
490 200
491 161
491 171
491 172
491 176
491 177
