367 24 118 87
376 93
377 94
377 95
378 96
379 97
383 54
406 46
407 46
407 47
408 48
409 49
410 50
414 34
414 53
414 54
415 33
415 34
415 54
415 55
416 33
416 56
417 32
417 56
417 57
418 31
418 58
419 58
419 59
420 59
420 60
421 60
421 61
422 62
423 63
424 64
425 64
425 65
426 67
427 67
427 68
428 68
429 69
430 71
431 30
431 38
433 37
433 76
434 66
434 76
434 78
434 79
435 65
435 80
435 81
436 35
436 65
436 81
436 82
437 64
437 71
437 83
438 64
438 71
438 84
438 85
439 64
439 85
439 86
440 64
440 70
440 87
440 88
441 70
441 75
441 88
441 89
441 90
442 42
442 70
442 90
442 91
443 62
443 69
443 91
444 62
444 69
444 74
444 92
445 61
445 68
445 69
445 93
445 94
446 61
446 68
446 73
446 92
447 60
447 67
447 92
447 96
448 67
448 72
449 66
449 72
449 91
450 50
450 66
450 71
450 90
451 65
451 90
452 65
452 70
452 89
452 103
452 110
453 70
453 88
453 89
453 102
453 110
454 64
454 69
454 88
454 102
454 109
454 110
455 64
455 69
455 87
455 88
455 109
455 110
456 63
456 68
456 87
456 92
456 108
457 63
457 68
457 87
457 92
457 108
458 62
458 68
458 86
458 91
458 92
458 108
459 62
459 68
459 86
459 91
460 62
460 67
460 85
460 86
460 91
461 85
461 90
462 62
462 64
462 85
462 90
463 84
463 89
463 94
464 66
464 84
464 89
464 94
465 84
465 89
465 94
466 83
466 93
467 68
467 83
467 88
467 93
468 83
468 88
468 110
469 71
469 83
469 87
470 82
470 87
471 82
472 75
473 82
474 108
476 86
477 85
477 89
477 101
477 107
478 89
478 102
478 107
479 90
479 91
479 102
480 91
480 92
480 102
481 100
483 106
485 108
