26 127 153 92
46 190
46 191
46 192
46 193
48 202
48 204
50 195
50 198
51 188
52 187
53 185
54 150
54 185
55 151
56 151
56 158
56 183
57 150
57 159
57 160
57 169
57 176
57 177
58 143
58 144
58 145
58 146
58 147
58 148
58 149
58 150
58 151
58 160
58 161
58 168
58 169
58 174
58 175
58 179
58 180
58 181
59 142
59 156
59 161
59 173
59 179
60 155
60 156
60 172
60 178
61 154
61 162
61 177
62 163
62 164
62 165
62 166
62 169
62 170
62 171
62 175
62 176
63 160
63 161
63 167
63 168
63 174
63 175
64 156
64 157
64 158
64 160
65 155
65 156
81 139
82 128
82 140
83 129
83 130
83 141
84 131
84 132
85 132
101 197
101 198
101 199
102 196
102 198
103 197
103 198
104 197
104 198
105 197
105 198
106 155
106 156
106 157
106 164
106 165
106 166
106 199
107 153
107 154
107 158
107 159
107 160
107 161
107 162
107 163
107 167
107 168
107 169
107 170
107 200
107 201
107 202
107 203
107 204
107 205
107 206
108 171
108 172
108 173
108 174
108 175
109 176
109 177
110 177
112 179
112 180
112 181
113 182
114 157
114 158
114 159
114 160
114 161
114 162
114 163
114 164
114 165
114 166
114 167
114 168
114 169
114 170
114 171
114 172
114 173
114 176
114 177
114 182
114 208
114 209
115 155
115 156
115 157
115 175
115 176
115 183
115 207
116 184
116 185
116 206
117 186
117 205
118 186
118 205
119 187
119 205
120 172
120 176
120 177
120 187
120 205
120 206
121 175
121 177
121 179
121 187
121 188
121 207
121 209
122 180
122 181
122 188
122 209
123 183
123 188
124 183
124 189
125 163
125 189
126 183
126 189
127 161
127 173
127 183
128 183
128 189
129 162
129 164
129 165
129 183
129 189
130 183
130 189
131 161
131 162
131 163
131 182
132 161
132 182
133 182
134 182
134 187
135 181
135 182
136 181
136 187
137 181
137 187
138 180
138 187
139 180
139 186
139 209
140 180
140 186
140 210
141 180
141 185
141 211
142 181
142 185
142 212
143 180
143 185
143 213
144 180
144 185
145 179
145 184
146 177
146 178
146 184
147 177
147 183
148 176
148 183
149 176
149 182
150 175
150 182
151 175
151 182
152 175
152 183
153 176
153 183
154 176
154 183
155 177
155 184
155 185
156 177
157 178
158 178
159 178
160 178
161 177
162 177
163 175
163 176
163 193
164 173
164 174
164 175
165 172
165 173
166 171
167 149
167 170
168 149
168 170
169 148
169 169
169 203
169 204
169 205
169 210
169 211
170 148
170 169
170 196
170 197
170 198
170 199
170 200
170 201
170 202
170 206
170 207
170 208
170 209
171 148
171 168
171 194
171 195
172 148
172 149
172 168
172 169
173 149
173 169
173 170
173 181
173 182
173 183
173 184
173 185
173 186
173 187
173 188
173 189
173 190
174 150
174 170
174 171
174 175
174 176
174 177
174 178
174 179
174 180
175 149
175 172
175 174
175 206
175 207
175 208
175 209
175 210
175 211
178 190
