130 150 92 37
126 149
127 149
128 149
129 149
130 149
132 150
132 160
132 161
133 159
133 160
134 159
140 186
141 185
143 185
144 185
145 184
146 184
147 183
149 182
150 182
151 182
152 175
152 183
153 176
154 176
154 184
155 177
156 177
157 178
158 178
159 178
167 170
168 170
169 169
170 169
171 168
172 168
172 169
173 169
173 170
174 170
174 171
175 172
197 172
201 179
201 180
201 181
202 177
203 168
203 175
203 177
208 168
209 167
209 168
209 169
209 170
209 171
210 166
210 167
210 172
211 164
211 165
211 166
212 164
212 176
213 163
213 170
214 162
214 163
214 169
215 160
215 167
215 168
216 158
216 159
216 165
216 166
216 181
217 157
217 158
217 183
218 156
219 163
219 184
220 160
220 161
221 159
221 160
222 150
222 158
223 149
223 157
224 146
224 147
224 155
224 156
225 144
225 145
226 144
