101 48 172 104
79 128
80 128
81 128
82 128
83 129
83 130
84 131
84 132
85 132
86 132
87 133
87 134
88 135
88 145
89 135
89 145
90 135
90 144
91 135
91 144
92 136
92 145
93 136
93 145
94 136
94 144
95 136
95 144
96 136
96 144
97 136
97 144
98 136
98 144
99 136
99 144
100 137
100 144
101 137
101 145
102 137
102 145
103 97
103 137
103 145
104 97
104 138
104 145
105 138
105 145
106 138
106 145
107 138
107 146
108 52
108 138
108 146
109 51
109 73
109 76
109 77
109 78
109 79
109 81
109 82
109 83
109 84
109 85
109 86
109 87
109 89
109 90
109 91
109 92
109 138
109 146
110 51
110 62
110 67
110 68
110 70
110 71
110 72
110 75
110 119
110 138
110 146
110 150
111 51
111 60
111 61
111 62
111 120
111 138
111 146
111 149
112 138
112 148
112 149
113 138
113 147
113 148
114 62
114 139
114 147
114 149
115 51
115 62
115 139
115 145
116 139
116 145
117 139
117 145
118 139
118 145
119 62
119 139
119 145
120 139
120 145
121 62
121 140
121 146
122 51
122 63
122 140
122 146
123 51
123 63
123 140
123 146
124 63
124 140
124 146
125 51
125 62
125 140
126 51
126 62
126 140
126 149
127 51
127 62
127 141
127 149
128 141
128 149
129 63
129 141
129 149
130 51
130 63
130 141
130 149
131 51
131 62
131 141
131 149
132 51
132 140
132 150
133 51
133 62
133 140
133 150
134 51
134 63
134 141
134 150
135 51
135 63
135 141
135 150
136 63
136 142
136 151
137 63
137 142
137 151
138 63
138 143
138 151
139 52
139 63
139 143
139 151
140 52
140 63
140 143
140 144
140 151
141 52
141 63
141 144
142 52
142 63
142 145
143 52
143 63
143 145
143 151
144 63
144 146
144 151
144 152
145 63
145 146
145 152
146 52
146 63
146 147
146 152
147 52
147 63
147 148
147 152
148 52
148 63
148 151
149 52
149 63
149 151
150 52
150 63
150 151
151 52
151 63
151 151
152 52
152 64
153 52
153 64
154 52
154 64
155 53
155 63
156 53
156 63
157 53
157 64
158 53
158 64
159 53
159 64
160 53
160 64
161 53
161 64
162 53
162 64
163 53
163 64
164 53
164 64
165 53
165 64
166 53
166 64
167 53
167 64
167 149
168 53
168 63
168 131
168 149
169 53
169 63
169 131
169 148
170 53
170 63
170 132
170 148
171 53
171 63
171 132
171 148
172 53
172 64
172 133
172 148
172 149
173 53
173 64
173 133
173 149
174 53
174 64
174 133
174 134
174 150
175 53
175 64
175 134
175 149
176 53
176 64
176 134
177 54
177 64
177 134
178 54
178 64
178 134
179 54
179 64
180 54
180 64
181 54
181 64
182 54
182 64
183 54
183 64
184 54
184 65
185 53
185 65
186 53
186 65
187 53
187 65
188 53
188 66
189 53
189 65
190 53
190 65
191 53
191 65
192 53
192 65
193 54
193 65
194 54
194 65
195 54
195 66
196 54
196 66
197 54
197 66
198 54
198 66
199 54
199 66
200 54
200 66
201 54
201 66
202 54
202 66
203 55
203 66
204 55
204 66
205 55
205 66
206 55
206 66
207 55
207 66
208 55
208 66
209 55
209 66
210 55
210 66
211 55
211 66
212 55
212 66
213 55
213 66
214 56
214 66
215 56
215 66
216 56
216 66
217 56
217 66
218 56
218 65
219 56
219 66
220 66
221 67
222 67
222 150
223 67
223 149
224 67
225 67
226 67
226 143
227 66
227 143
228 142
229 142
230 66
230 142
231 66
231 142
232 56
232 138
232 140
232 142
233 139
233 143
234 138
234 143
235 56
235 138
235 143
236 56
236 136
236 144
237 135
237 144
238 56
238 144
239 56
239 145
240 145
241 146
242 56
242 146
243 56
243 146
243 147
244 123
244 124
244 125
244 126
244 127
244 128
244 129
244 130
244 131
244 132
244 133
244 134
244 135
244 147
244 148
244 149
245 118
245 119
245 120
245 121
245 136
245 137
245 138
245 139
245 140
245 141
245 142
245 143
245 144
245 145
246 67
246 115
246 116
246 117
247 57
247 113
247 114
248 110
248 111
248 112
249 107
249 108
249 109
250 105
250 106
250 107
250 135
250 136
250 137
250 138
250 139
250 140
251 103
251 104
257 94
257 95
268 84
269 83
270 83
271 82
272 82
273 81
274 81
275 80
276 80
277 79
278 79
279 79
280 78
281 78
282 78
283 77
284 77
285 77
288 74
289 74
290 73
291 73
292 73
295 73
297 74
298 75
299 75
