234 129 71 87
219 185
220 186
221 186
225 188
229 190
230 190
231 190
235 136
236 135
236 154
237 144
237 154
237 155
238 144
238 155
238 156
238 186
239 157
239 158
240 159
240 160
240 161
241 146
241 161
241 162
241 163
242 146
242 164
242 184
243 166
243 182
244 122
244 146
244 166
244 167
244 168
244 179
244 180
245 168
245 178
246 115
246 116
246 176
247 113
247 114
247 170
247 171
248 110
248 111
248 112
248 152
248 153
248 173
249 107
249 108
249 109
249 154
249 155
249 156
249 172
250 105
250 106
250 107
250 157
250 158
250 159
250 160
250 172
251 103
251 104
251 161
251 162
251 163
251 164
251 171
252 101
252 102
252 164
252 171
253 100
253 101
253 171
254 99
255 97
255 98
256 96
256 97
256 173
257 94
257 95
257 173
258 93
258 94
259 91
259 92
260 90
260 91
260 179
261 89
261 90
261 180
262 88
262 89
262 180
263 88
264 86
264 87
264 182
264 188
265 198
267 197
268 197
269 196
270 196
277 191
281 180
284 176
284 178
285 176
285 211
286 176
286 185
287 175
287 184
287 204
288 136
288 183
288 203
289 182
289 200
289 202
290 181
290 182
290 200
291 180
291 181
291 197
291 198
292 179
292 180
293 178
293 179
293 194
294 168
294 177
294 178
294 191
295 167
295 177
295 188
295 189
295 190
296 176
296 187
297 165
297 175
297 184
297 185
298 137
298 174
298 175
298 181
298 183
299 137
299 173
299 174
299 179
299 180
299 181
300 138
300 172
300 173
301 138
301 139
301 172
301 196
302 139
302 140
302 171
303 141
303 142
303 170
303 171
303 194
303 195
304 142
304 143
304 170
305 170
306 169
306 214
307 168
307 169
308 168
309 167
310 167
311 166
312 166
313 165
324 154
