138 68 175 284
136 142
136 187
137 142
137 187
138 143
138 187
139 143
139 186
140 143
140 144
140 186
141 144
141 185
142 145
142 185
143 145
143 185
144 146
144 185
144 213
145 146
145 184
145 213
146 147
146 213
147 148
147 183
147 213
148 183
148 213
149 182
149 212
150 182
150 212
151 182
152 183
152 287
153 197
153 281
153 285
153 286
154 184
154 195
154 196
154 282
154 283
154 284
155 194
155 200
156 185
156 186
156 192
156 193
156 199
156 200
156 201
156 202
156 203
156 207
156 208
156 209
156 223
156 224
156 225
157 187
157 188
157 189
157 190
157 191
157 204
157 205
157 206
157 210
157 223
158 211
158 215
158 216
158 217
158 218
158 219
158 222
158 228
159 212
159 214
159 220
159 222
160 190
160 191
160 222
161 191
161 192
161 230
162 193
162 194
162 226
162 227
162 229
163 228
164 226
164 227
165 226
168 212
168 217
168 218
168 220
169 202
170 290
170 291
171 292
172 191
172 192
172 193
172 296
172 297
173 298
176 201
176 202
176 203
176 204
176 205
176 206
176 207
177 193
177 194
177 195
177 196
178 191
178 192
181 205
181 318
181 319
181 320
181 321
181 322
181 323
181 324
181 325
181 326
182 205
182 326
182 327
182 328
182 329
182 330
182 331
183 332
183 333
183 334
183 335
183 336
184 205
184 337
184 338
185 205
185 338
185 339
186 65
186 205
186 339
186 340
186 341
186 342
187 65
187 343
187 344
187 345
188 66
188 206
188 345
188 346
188 349
189 65
189 206
189 347
190 65
190 158
190 206
191 65
191 159
191 207
192 65
192 160
192 271
193 65
193 160
194 65
194 161
195 66
195 161
195 162
196 66
196 162
196 163
196 172
196 207
196 267
196 268
197 66
197 163
197 164
197 173
197 207
197 266
197 267
198 66
198 164
198 173
198 265
198 266
199 66
199 165
199 173
199 264
199 265
200 66
200 166
200 173
200 263
200 264
201 66
201 167
201 173
201 177
201 178
201 179
201 180
201 181
201 262
201 263
202 66
202 168
202 174
202 261
202 262
203 66
203 168
203 169
203 176
203 229
203 260
203 261
204 66
204 169
204 170
204 175
204 258
204 259
205 66
205 170
205 232
205 257
205 258
206 66
206 174
206 225
206 229
206 255
206 256
206 257
207 66
207 174
207 225
207 254
207 255
208 66
208 174
208 225
208 226
208 252
208 253
209 66
209 172
209 174
209 225
209 251
209 252
210 66
210 172
210 174
210 224
210 249
210 250
210 251
210 257
210 258
211 66
211 223
211 248
211 249
211 257
211 260
212 66
212 163
212 176
212 222
212 246
212 247
212 332
212 333
212 334
212 335
212 336
212 337
212 338
212 339
212 340
213 66
213 222
213 244
213 245
213 328
213 329
213 330
213 331
213 341
213 342
213 343
213 344
213 345
213 346
213 347
213 348
214 66
214 161
214 169
214 220
214 221
214 242
214 243
214 268
214 325
214 326
214 327
215 66
215 159
215 160
215 161
215 167
215 220
215 240
215 241
215 242
215 267
215 323
215 324
215 325
216 66
216 165
216 166
216 181
216 219
216 238
216 239
216 321
216 322
216 334
216 335
216 336
216 337
216 338
216 343
216 344
216 345
217 66
217 183
217 204
217 205
217 206
217 207
217 208
217 234
217 235
217 236
217 237
217 319
217 320
217 330
217 331
217 332
217 333
217 339
217 340
217 341
217 346
217 347
217 348
218 65
218 183
218 193
218 194
218 203
218 206
218 209
218 225
218 226
218 227
218 327
218 328
218 329
219 66
219 155
219 162
219 163
219 184
219 185
219 191
219 192
219 195
219 196
219 210
219 325
219 327
220 66
220 153
220 154
220 185
220 189
220 197
220 198
220 199
220 200
220 201
220 202
220 211
220 213
220 214
220 215
220 216
220 217
220 218
220 219
220 220
220 232
220 233
220 234
220 324
221 67
221 151
221 152
221 212
221 232
221 321
221 323
222 67
222 158
222 186
222 187
222 230
222 314
222 320
223 67
223 148
223 187
223 228
223 313
224 67
224 146
224 147
224 155
224 187
224 224
224 225
224 312
225 67
225 144
225 145
225 151
225 153
225 223
225 233
225 234
225 235
225 319
226 67
226 144
226 152
226 188
226 230
226 231
226 310
226 317
226 318
227 66
227 189
227 218
227 316
228 189
228 315
229 309
229 310
229 311
229 312
229 314
230 66
230 308
231 66
231 309
232 191
232 211
232 300
232 301
232 302
232 308
233 138
233 191
233 210
233 297
233 298
233 299
233 303
233 304
233 305
233 306
233 307
233 308
234 137
234 191
234 209
234 296
234 303
234 304
235 136
235 191
235 208
235 294
235 295
235 303
236 135
236 191
236 207
236 235
236 294
236 302
236 303
237 186
237 187
237 191
237 205
237 292
237 293
237 302
238 186
238 187
238 191
238 204
238 205
238 291
238 292
239 185
239 186
239 191
239 204
240 185
240 191
240 203
241 184
241 185
241 191
241 202
241 203
242 146
242 183
242 190
242 202
243 146
243 165
243 181
243 190
243 201
243 202
244 122
244 123
244 124
244 125
244 126
244 127
244 128
244 129
244 130
244 131
244 132
244 133
244 134
244 135
244 146
244 147
244 148
244 191
244 201
244 290
245 118
245 119
245 120
245 121
245 136
245 137
245 138
245 139
245 140
245 141
245 142
245 143
245 144
245 145
245 179
245 192
245 201
245 285
245 286
245 287
245 288
245 289
246 67
246 115
246 116
246 117
246 169
246 177
246 192
246 193
246 200
246 283
246 284
247 113
247 114
247 174
247 175
247 176
247 192
247 200
247 272
247 273
247 283
248 110
248 111
248 112
248 151
248 152
248 153
248 172
248 186
248 187
248 192
248 201
248 271
248 272
248 280
248 281
249 107
249 108
249 109
249 187
249 188
249 191
249 192
249 202
249 269
249 270
249 279
249 280
250 105
250 106
250 107
250 135
250 136
250 137
250 138
250 139
250 140
250 187
250 191
250 198
250 202
250 268
250 277
250 278
250 279
251 103
251 104
251 131
251 164
251 171
251 191
251 197
251 202
251 267
251 268
251 275
251 276
251 277
251 309
252 101
252 102
252 132
252 165
252 166
252 190
252 197
252 201
253 100
253 101
253 190
253 197
253 201
253 265
253 271
254 99
254 171
254 190
254 197
254 201
255 97
255 98
255 171
255 172
255 190
255 197
255 201
255 263
255 268
255 269
256 96
256 97
256 172
256 190
256 197
256 201
257 94
257 95
257 189
257 196
257 201
257 267
257 304
257 305
258 93
258 94
258 174
258 189
258 201
258 304
259 91
259 92
259 175
259 176
259 177
259 178
259 189
259 196
259 201
259 257
259 261
259 303
260 90
260 91
260 189
260 195
260 201
260 230
260 231
260 302
261 89
261 90
261 179
261 189
261 195
261 200
261 230
261 301
262 88
262 89
262 189
262 194
262 195
262 200
262 229
263 87
263 88
263 180
263 181
263 188
263 194
263 199
263 229
263 300
263 346
263 347
264 86
264 87
264 181
264 193
264 198
264 298
264 299
264 344
264 345
265 85
265 86
265 182
265 183
265 193
265 198
265 298
265 343
265 344
266 85
266 183
266 188
266 198
266 298
267 84
267 184
267 188
267 197
268 184
268 185
268 188
268 197
268 198
268 227
268 297
269 185
269 188
269 196
269 227
270 185
270 186
270 188
270 196
270 226
270 227
271 188
271 195
271 225
271 226
271 328
272 185
272 189
272 224
272 225
272 293
272 294
273 184
273 185
273 189
273 190
273 223
273 224
274 184
274 191
274 222
274 223
274 292
275 183
275 184
275 192
275 222
275 315
276 183
276 192
276 221
276 222
276 313
277 182
277 183
277 191
277 221
277 313
278 89
278 92
278 182
278 191
278 220
278 290
278 313
279 91
279 92
279 181
279 182
279 190
279 218
279 219
279 220
279 290
279 312
280 92
280 181
280 189
280 290
281 88
281 180
281 189
281 289
282 179
282 180
282 189
282 213
283 179
283 188
283 189
283 212
283 213
283 233
283 234
284 176
284 178
284 187
285 76
285 91
285 176
285 186
285 187
285 232
286 76
286 92
286 93
286 94
286 95
286 101
286 176
286 185
286 186
286 230
287 75
287 96
287 102
287 103
287 175
287 176
287 184
287 204
287 229
288 97
288 104
288 136
288 174
288 175
288 183
288 203
288 222
288 229
289 97
289 105
289 173
289 182
289 200
289 202
289 228
290 97
290 181
290 182
290 200
290 228
291 180
291 181
291 197
291 198
291 227
291 286
291 287
292 179
292 180
292 227
293 178
293 179
293 194
293 226
293 289
294 168
294 177
294 178
294 191
294 225
294 226
295 73
295 167
295 177
295 188
295 189
295 190
295 225
296 103
296 176
296 187
296 224
296 225
297 74
297 102
297 165
297 175
297 184
297 185
297 224
298 75
298 101
298 102
298 137
298 174
298 175
298 181
298 183
298 223
299 75
299 101
299 137
299 173
299 174
299 179
299 180
299 181
299 222
299 223
300 76
300 100
300 138
300 172
300 173
300 221
301 99
301 138
301 139
301 172
301 196
301 219
301 221
302 88
302 89
302 90
302 91
302 92
302 139
302 140
302 171
303 141
303 142
303 170
303 171
303 194
303 195
303 216
303 217
304 142
304 143
304 170
305 170
305 220
306 169
306 214
307 76
307 168
307 169
307 205
307 212
308 75
308 76
308 168
308 205
308 223
309 74
309 75
309 167
309 205
309 222
310 73
310 74
310 167
310 204
310 221
310 222
311 72
311 73
311 166
311 188
311 189
311 204
311 220
311 221
312 71
312 72
312 166
312 205
312 206
312 221
313 70
313 71
313 165
313 221
314 70
314 164
314 183
314 184
314 185
314 220
315 69
315 182
315 183
315 220
316 67
316 68
316 180
316 181
316 182
316 220
317 66
317 67
317 180
317 220
318 220
319 220
320 220
320 221
321 221
322 221
324 154
