105 108 101 84
88 145
89 145
90 144
91 144
92 145
93 145
94 144
95 144
96 144
97 144
98 144
99 144
100 144
101 145
102 145
103 145
104 145
105 138
105 145
106 138
106 145
107 138
107 146
108 138
108 146
109 76
109 77
109 78
109 79
109 81
109 82
109 83
109 84
109 85
109 86
109 87
109 89
109 90
109 91
109 92
109 138
109 146
109 151
110 75
110 138
110 146
110 150
111 138
111 146
111 149
112 138
112 148
112 149
113 138
113 147
113 148
113 182
114 139
114 147
114 149
115 139
115 145
116 139
116 145
116 154
116 155
117 139
117 145
117 153
117 154
118 139
118 145
118 153
119 139
119 145
119 153
120 139
120 145
120 153
120 171
120 173
120 175
121 140
121 146
121 153
121 165
121 166
121 167
121 168
121 169
121 170
121 178
121 187
122 140
122 146
122 153
123 140
123 146
123 153
123 183
123 188
124 140
124 146
124 153
124 163
124 174
124 183
125 140
125 153
125 154
125 161
125 162
125 163
125 174
126 140
126 149
126 153
126 154
126 161
126 162
126 174
126 175
126 183
126 189
127 141
127 149
127 153
127 162
127 172
127 173
128 141
128 149
128 162
128 170
128 171
128 189
129 141
129 149
129 168
129 169
129 183
129 189
130 141
130 149
130 166
130 167
130 189
131 141
131 149
131 182
132 150
132 160
132 161
133 150
133 159
133 160
133 182
134 150
134 159
134 182
134 187
135 150
135 182
136 142
136 151
137 142
137 151
138 143
138 151
138 180
139 143
139 151
139 180
140 143
140 144
140 151
140 180
140 186
141 144
141 185
142 145
142 181
143 145
143 151
143 180
143 185
144 146
144 151
144 152
144 185
145 146
145 152
145 179
145 184
146 147
146 152
146 177
146 178
146 184
147 148
147 152
147 177
147 183
148 151
148 176
149 151
149 176
149 182
150 151
150 175
150 182
151 151
151 182
152 151
152 175
152 183
153 151
153 176
154 151
154 176
154 184
155 151
155 177
156 151
156 177
157 152
157 178
158 152
158 178
159 152
159 178
160 152
160 178
161 152
161 177
162 152
162 177
163 152
163 175
163 176
164 152
164 173
164 174
164 175
165 153
165 172
165 173
166 153
166 171
167 149
167 153
167 170
168 149
168 153
168 170
169 148
169 153
169 169
170 148
170 154
170 169
171 148
171 154
171 168
172 148
172 149
172 154
172 168
172 169
173 149
173 154
173 169
173 170
174 150
174 154
174 170
174 171
175 149
175 154
175 172
176 154
177 154
178 154
178 155
179 155
180 155
181 155
182 155
183 156
184 156
185 156
186 157
187 157
188 157
189 158
192 159
196 172
197 172
197 173
198 173
199 173
200 173
201 173
201 177
201 178
201 179
201 180
201 181
202 174
202 177
203 168
203 175
203 176
203 177
