168 188 157 164
168 212
169 202
169 285
170 290
170 291
171 292
172 191
172 192
172 193
172 296
172 297
173 280
173 281
173 298
174 281
175 276
175 282
176 201
176 202
176 203
176 204
176 205
176 206
176 207
176 276
176 282
177 193
177 194
177 195
177 196
177 276
177 282
178 191
178 192
178 276
178 282
179 276
179 282
180 276
180 283
181 205
181 275
181 283
182 205
182 275
182 283
183 275
183 283
184 275
184 283
185 205
185 274
185 283
186 205
186 274
186 283
187 206
187 273
187 282
188 273
188 282
189 206
189 272
189 282
190 206
190 272
190 281
191 236
191 271
191 281
192 207
192 235
192 236
192 270
192 281
193 207
193 234
193 235
193 270
193 274
193 280
194 207
194 232
194 233
194 234
194 269
194 274
194 280
195 208
195 232
195 268
195 274
195 280
196 231
196 232
196 273
196 279
197 207
197 231
197 272
197 279
198 230
198 231
198 272
198 278
199 229
199 230
199 272
199 278
200 228
200 277
201 229
201 276
202 229
202 275
202 276
203 229
203 275
204 229
204 274
205 226
205 229
205 230
205 231
205 274
206 225
206 226
206 229
206 255
206 256
206 273
207 225
207 226
207 272
207 273
208 225
208 226
208 272
209 225
209 251
209 271
210 224
210 249
210 259
210 260
210 261
210 262
210 271
211 223
211 261
211 270
212 222
212 246
212 269
212 332
212 333
212 334
212 335
212 336
212 337
212 338
212 339
212 340
213 222
213 244
213 268
213 269
213 329
213 330
213 331
213 341
213 342
213 343
213 344
213 345
213 346
213 347
213 348
214 220
214 221
214 242
214 267
214 268
214 327
215 220
215 267
215 323
216 219
216 238
216 266
216 321
216 322
216 334
216 335
216 336
216 337
216 338
216 343
216 344
216 345
217 204
217 205
217 206
217 207
217 208
217 234
217 235
217 236
217 265
217 266
217 319
217 320
217 330
217 332
217 333
217 339
217 340
217 341
217 346
217 347
217 348
218 193
218 194
218 203
218 206
218 209
218 225
218 226
218 227
218 265
219 185
219 191
219 192
219 195
219 196
219 210
219 264
220 185
220 189
220 197
220 198
220 199
220 200
220 201
220 202
220 211
220 213
220 214
220 215
220 216
220 217
220 218
220 219
220 220
220 232
220 233
220 263
220 324
221 212
221 230
221 231
221 263
221 321
222 186
222 187
222 229
222 262
222 314
223 187
223 227
223 242
223 261
223 262
223 313
224 187
224 223
224 226
224 240
224 241
224 261
224 312
225 221
225 222
225 239
225 260
225 311
225 319
226 188
226 219
226 220
226 232
226 236
226 238
226 259
226 260
226 310
226 317
226 318
227 189
227 217
227 237
227 238
227 258
227 259
227 316
228 189
228 215
228 216
228 238
228 258
228 315
229 214
229 215
229 257
229 309
229 310
229 312
229 314
230 213
230 214
230 256
230 257
230 308
231 212
231 213
231 256
231 309
232 191
232 210
232 235
232 236
232 255
232 300
232 301
232 302
232 308
233 191
233 209
233 236
233 254
233 255
233 297
233 298
233 299
233 303
233 304
233 305
233 306
233 307
233 308
234 191
234 208
234 236
234 253
234 254
234 296
234 303
234 304
235 191
235 207
235 236
235 252
235 253
235 294
235 303
236 191
236 206
236 235
236 252
236 294
236 302
236 303
237 191
237 205
237 206
237 235
237 238
237 251
237 292
237 293
237 302
238 191
238 204
238 235
238 238
238 250
238 251
238 291
238 292
239 191
239 235
239 239
239 250
240 191
240 238
240 249
241 191
241 202
241 238
241 248
241 249
242 190
242 202
242 238
242 247
242 248
243 190
243 201
243 202
243 237
243 247
244 191
244 201
244 237
244 246
244 290
245 192
245 201
245 237
245 246
245 285
245 286
245 287
245 288
245 289
246 192
246 193
246 200
246 237
246 245
246 283
246 284
247 192
247 200
247 236
247 244
247 245
247 272
247 273
247 283
248 186
248 187
248 192
248 201
248 236
248 244
248 280
248 281
249 187
249 188
249 191
249 192
249 202
249 235
249 243
249 279
249 280
250 187
250 191
250 198
250 202
250 235
250 243
250 268
251 191
251 197
251 202
251 235
251 242
251 267
251 268
251 276
251 309
252 190
252 197
252 201
252 234
252 241
253 190
253 197
253 201
253 234
253 240
253 241
253 265
253 271
254 190
254 197
254 201
254 233
254 239
254 240
255 190
255 197
255 201
255 233
255 239
255 263
255 268
255 269
256 190
256 197
256 201
256 232
256 233
256 238
256 268
257 189
257 196
257 201
257 232
257 237
257 238
257 267
257 268
257 304
257 305
258 189
258 201
258 231
258 232
258 236
258 237
258 267
258 304
259 189
259 196
259 201
259 231
259 236
259 257
259 261
259 266
259 303
260 189
260 195
260 201
260 230
260 235
260 265
260 302
261 189
261 195
261 200
261 234
261 235
261 264
261 301
262 189
262 194
262 195
262 200
262 230
262 233
262 234
263 188
263 194
263 199
263 229
263 263
263 300
263 346
263 347
264 193
264 198
264 229
264 298
264 299
264 344
264 345
265 193
265 229
265 298
265 343
265 344
266 188
266 198
266 229
266 298
267 188
267 228
267 261
268 188
268 198
268 227
268 228
268 297
269 188
269 227
270 188
270 226
270 227
271 188
271 195
271 225
271 226
271 328
272 189
272 224
272 225
272 293
272 294
273 189
273 190
273 223
273 224
274 191
274 222
274 223
274 292
275 192
275 222
275 244
275 315
276 192
276 221
276 222
276 313
277 191
277 221
277 313
278 191
278 220
278 290
278 313
279 190
279 218
279 219
279 220
279 290
279 312
280 189
280 290
281 189
281 289
282 189
282 213
283 188
283 189
283 212
283 213
283 233
283 234
285 232
286 230
287 204
287 229
288 203
288 222
288 229
289 200
289 202
289 228
290 200
291 197
291 198
291 227
291 286
291 287
292 287
292 288
292 289
293 194
293 289
294 191
294 226
295 188
295 189
295 190
296 187
297 184
297 185
298 183
299 223
300 221
301 196
301 219
301 221
302 217
303 194
303 195
303 216
303 217
304 215
304 216
305 214
305 215
305 219
305 220
306 213
306 214
307 205
307 212
307 213
308 223
309 205
309 222
310 204
310 221
310 222
311 188
311 189
311 204
311 220
311 221
311 296
312 205
312 293
312 294
312 295
314 183
314 184
314 185
315 182
315 183
315 203
315 207
315 208
316 180
316 181
316 182
316 204
317 180
319 299
320 299
321 299
322 291
322 299
323 291
323 298
324 266
324 267
324 290
324 291
324 298
325 266
325 290
325 297
326 265
326 266
326 290
326 297
327 265
327 289
327 297
328 264
328 289
328 297
329 262
329 263
329 297
330 297
331 296
332 296
333 296
334 295
335 295
