87 164 41 80
95 234
95 235
95 236
96 236
96 237
97 238
97 239
98 239
98 240
99 240
99 241
101 224
101 225
102 219
102 220
102 221
102 222
102 223
102 226
102 227
102 228
102 229
103 217
103 218
103 230
103 231
103 232
103 233
103 234
103 235
103 236
104 214
104 215
104 216
105 197
105 198
105 212
105 213
106 155
106 156
106 157
106 164
106 165
106 166
106 199
106 210
106 211
107 153
107 154
107 158
107 159
107 160
107 161
107 162
107 163
107 167
107 168
107 169
107 170
107 200
107 201
107 202
107 203
107 204
107 205
107 206
107 207
107 208
107 209
108 171
108 172
108 173
108 174
108 175
109 176
109 177
109 229
109 231
110 177
110 218
110 219
110 220
110 221
110 222
110 223
110 224
110 225
110 226
110 227
110 228
111 178
111 179
111 214
111 215
111 216
111 217
112 179
112 180
112 181
112 210
114 157
114 158
114 159
114 160
114 161
114 162
114 163
114 164
114 165
114 166
114 167
114 168
114 169
114 170
114 171
114 172
114 173
114 176
114 177
114 182
114 208
114 209
115 155
115 156
115 157
115 175
115 176
115 183
115 207
116 184
116 185
116 206
117 185
117 186
117 205
117 235
117 236
118 186
118 205
118 231
118 232
118 233
118 234
118 237
119 187
119 205
120 171
120 172
120 176
120 177
120 187
120 205
120 206
121 165
121 166
121 167
121 168
121 169
121 170
121 175
121 177
121 179
121 188
121 207
121 209
122 180
122 181
122 183
122 188
122 209
125 183
126 184
127 172
127 173
127 183
128 183
129 164
129 165
130 183
132 182
135 181
136 181
137 181
141 180
143 180
144 180
147 177
151 175
