299 97 196 130
253 132
254 133
255 133
256 133
257 133
258 133
259 133
260 132
261 132
262 132
263 133
264 133
265 133
266 134
267 134
268 134
269 135
270 135
271 135
272 135
273 135
274 135
275 135
276 135
277 135
278 135
279 135
280 136
281 136
282 136
283 135
284 135
285 135
286 135
287 135
288 136
289 136
290 136
291 136
292 136
293 136
294 136
295 136
296 136
297 136
298 137
299 137
300 138
300 178
301 98
301 99
301 153
301 154
301 155
301 156
301 157
301 158
302 88
302 89
302 93
302 94
302 95
302 96
302 97
302 98
302 152
302 153
303 151
304 144
304 145
304 146
304 147
304 148
304 149
304 150
304 170
304 194
304 216
304 220
305 170
305 194
305 215
305 219
305 220
306 169
306 194
306 205
306 206
306 214
307 168
307 169
307 194
307 206
307 213
308 168
308 193
308 194
308 205
309 167
309 192
309 193
309 215
310 167
310 190
310 191
310 214
310 215
311 166
311 213
311 214
312 166
312 187
312 188
312 206
312 208
312 209
312 210
312 211
312 212
312 221
313 165
313 186
313 187
313 221
314 164
314 165
314 208
314 220
315 163
315 164
315 182
315 220
316 162
316 163
316 180
316 181
316 182
316 205
316 206
316 207
316 220
317 161
317 162
317 179
317 180
317 205
317 206
317 220
318 160
318 161
318 167
318 220
319 159
319 167
319 179
319 220
320 158
320 159
320 167
320 172
320 173
320 178
320 179
320 220
320 221
321 158
321 174
321 175
321 176
321 177
321 178
321 221
322 156
322 157
322 162
322 221
323 155
323 156
323 162
323 163
323 173
324 153
324 163
324 169
324 172
324 173
325 163
325 170
325 171
325 172
326 163
326 169
326 170
327 169
327 221
328 150
328 168
328 221
329 150
329 167
329 168
329 220
330 154
330 161
330 167
331 167
332 147
332 148
332 154
332 156
332 157
332 158
332 166
332 217
332 218
333 146
333 147
333 165
333 166
333 217
334 145
334 146
334 164
334 217
335 144
335 145
335 162
335 163
336 143
336 144
336 160
336 161
336 215
336 216
337 142
337 157
337 158
337 159
337 160
337 214
337 215
338 142
338 157
338 213
338 214
339 141
339 213
340 152
340 154
340 211
340 212
341 152
341 205
341 206
341 207
341 208
341 209
341 210
341 211
342 148
342 150
342 202
343 120
343 121
343 122
343 123
343 148
344 117
344 118
344 119
344 124
344 127
344 128
344 129
344 130
344 131
344 132
344 133
344 134
344 144
344 145
344 146
345 113
345 114
345 115
345 116
345 141
345 144
346 110
346 111
346 126
346 206
347 106
347 107
347 108
347 109
348 102
348 103
348 104
348 105
348 128
349 97
349 98
349 99
349 100
349 101
349 102
350 95
350 96
350 114
352 106
352 116
352 125
352 191
353 107
353 123
353 124
354 108
354 122
356 190
357 99
358 99
359 98
360 97
360 196
361 96
361 97
361 114
361 196
362 95
362 96
363 95
363 112
363 113
364 94
364 111
364 112
365 93
365 94
365 110
365 111
366 93
366 109
366 110
367 92
367 93
367 108
367 109
367 194
368 92
368 108
368 193
369 91
369 107
370 90
370 106
370 107
370 190
371 90
371 105
371 106
371 189
371 190
372 90
372 105
372 188
372 189
373 90
373 104
374 91
374 92
374 103
374 104
375 92
375 103
376 93
376 102
377 94
377 95
377 102
378 96
378 101
379 97
379 98
379 100
379 101
380 99
453 102
462 111
463 111
463 226
464 111
465 111
465 209
466 115
466 148
466 150
466 207
467 110
467 115
467 148
467 149
468 115
468 148
468 207
469 109
469 115
469 148
469 207
469 224
470 109
470 115
470 148
470 208
470 224
471 109
471 148
471 170
471 171
471 172
471 224
472 108
472 147
472 223
472 224
473 108
473 147
473 173
473 174
473 204
473 223
474 82
474 113
474 204
474 223
475 108
475 113
475 146
475 204
475 223
476 107
476 113
476 146
476 172
476 203
476 222
476 227
477 85
477 113
477 146
477 172
477 203
477 209
477 212
477 227
478 89
478 101
478 145
478 150
478 172
478 203
478 208
478 212
478 227
479 90
479 91
479 101
479 112
479 145
479 149
479 171
479 202
479 226
480 91
480 112
480 144
480 149
480 171
480 202
480 207
480 211
480 221
480 226
481 100
481 144
481 148
481 170
481 202
481 207
481 211
481 221
481 226
482 143
482 170
482 202
482 207
482 221
482 226
483 106
483 112
483 143
483 170
483 201
483 221
483 226
484 111
484 142
484 169
484 201
484 221
484 226
485 108
485 142
485 201
485 221
485 225
486 142
486 200
486 209
486 221
487 142
487 201
488 201
488 202
488 222
489 143
489 148
489 149
489 164
489 165
489 200
489 208
489 222
490 149
490 150
490 173
490 200
490 220
491 161
491 171
491 172
491 176
491 177
491 205
