215 168 107 148
206 174
207 174
208 174
209 174
210 174
211 174
211 175
212 176
213 177
214 177
214 178
215 179
215 180
216 180
216 181
217 182
217 183
217 204
217 205
217 206
217 207
217 208
218 183
218 184
218 193
218 194
218 203
218 206
218 209
218 225
218 226
218 227
219 184
219 185
219 191
219 192
219 195
219 196
219 210
220 185
220 186
220 189
220 197
220 198
220 199
220 200
220 201
220 202
220 211
220 213
220 214
220 215
220 216
220 217
220 218
220 219
220 220
220 232
220 233
221 186
221 212
221 230
221 231
222 186
222 187
222 229
222 314
223 187
223 227
223 242
223 313
224 187
224 223
224 226
224 240
224 241
224 312
225 221
225 222
225 239
225 311
226 188
226 219
226 220
226 236
226 238
226 310
227 189
227 217
227 237
227 238
228 189
228 215
228 216
229 214
229 215
229 309
229 310
230 213
230 214
230 308
231 212
231 213
231 309
232 191
232 210
232 236
232 300
232 301
232 302
232 308
233 191
233 209
233 236
233 297
233 298
233 299
233 303
233 306
233 308
234 191
234 208
234 296
234 303
235 191
235 207
235 236
235 294
236 191
236 206
236 294
236 302
237 186
237 187
237 191
237 205
237 206
237 235
237 238
237 292
237 302
238 187
238 191
238 204
238 235
238 238
238 291
238 292
239 185
239 186
239 191
239 235
239 239
240 185
240 191
240 238
241 184
241 185
241 191
241 202
241 238
241 249
242 184
242 190
242 202
242 238
242 248
243 165
243 182
243 190
243 201
243 202
243 237
243 247
244 168
244 179
244 180
244 191
244 201
244 237
244 246
244 290
245 178
245 192
245 201
245 237
245 246
245 285
245 286
245 287
245 288
245 289
246 169
246 176
246 192
246 193
246 200
246 237
246 245
246 283
246 284
247 192
247 200
247 236
247 244
247 245
247 282
247 283
248 172
248 186
248 187
248 192
248 201
248 236
248 244
248 271
248 272
248 280
248 281
249 187
249 188
249 191
249 192
249 202
249 235
249 243
249 269
249 270
249 279
249 280
250 187
250 191
250 198
250 202
250 235
250 243
250 269
250 277
250 278
250 279
251 171
251 191
251 197
251 202
251 235
251 242
251 275
251 277
251 309
252 190
252 197
252 201
252 234
252 241
252 266
252 267
252 273
252 274
253 190
253 197
253 201
253 234
253 240
253 241
254 171
254 190
254 197
254 201
254 233
254 239
254 240
254 264
254 270
255 171
255 172
255 190
255 197
255 201
255 233
255 239
256 172
256 173
256 190
256 197
256 201
256 232
256 233
256 238
256 262
257 189
257 196
257 201
257 232
257 237
257 238
257 304
257 305
258 174
258 189
258 201
258 231
258 232
258 236
258 237
258 258
258 259
258 260
258 261
258 304
259 175
259 176
259 177
259 178
259 189
259 196
259 201
259 231
259 236
259 303
260 179
260 189
260 195
260 201
260 230
260 235
260 256
260 262
260 302
261 179
261 189
261 195
261 200
261 234
261 235
261 255
261 301
262 189
262 194
262 195
262 200
262 230
262 233
262 234
262 253
262 254
262 263
263 180
263 181
263 188
263 194
263 199
263 253
263 300
264 181
264 193
264 198
264 229
264 252
264 263
264 298
264 299
265 182
265 183
265 193
265 229
265 250
265 251
265 298
266 183
266 188
266 198
266 229
266 249
266 250
266 251
266 298
267 184
267 188
267 228
267 248
268 184
268 185
268 188
268 198
268 227
268 228
268 246
268 247
268 248
268 259
268 260
268 297
269 185
269 188
269 227
269 245
269 256
269 257
269 258
270 185
270 186
270 188
270 226
270 227
270 254
270 255
271 188
271 195
271 225
271 226
271 253
271 254
272 185
272 189
272 224
272 225
272 252
272 293
272 294
273 184
273 185
273 189
273 190
273 223
273 224
274 184
274 191
274 222
274 223
274 292
275 183
275 184
275 192
275 222
275 244
275 315
276 183
276 192
276 222
276 313
277 182
277 183
277 191
277 221
277 313
278 182
278 191
278 220
278 290
278 313
279 181
279 182
279 190
279 218
279 219
279 220
279 290
279 312
280 181
280 189
280 290
281 189
281 289
282 179
282 180
282 189
282 213
283 179
283 188
283 189
283 212
283 213
283 233
283 234
284 176
284 187
285 176
285 186
285 187
285 232
286 186
286 230
287 176
287 204
287 229
288 173
288 174
288 175
288 203
288 222
288 229
289 172
289 173
289 200
289 202
289 228
290 171
290 200
291 170
291 197
291 198
291 227
291 286
291 287
292 169
293 168
293 169
293 194
293 289
294 167
294 168
294 191
294 226
295 166
295 167
295 177
295 188
295 189
295 190
296 165
296 166
296 176
296 187
297 165
297 175
297 184
297 185
298 164
298 165
298 174
298 175
298 181
298 183
299 163
299 164
299 173
299 174
299 179
299 180
299 181
299 223
300 160
300 161
300 162
300 163
300 172
300 173
300 221
301 159
301 172
301 196
301 219
301 221
302 171
302 217
303 170
303 171
303 194
303 195
303 216
303 217
304 170
304 215
304 216
305 170
305 214
305 215
305 219
305 220
306 169
306 213
306 214
307 168
307 169
307 205
307 212
307 213
308 168
308 223
309 167
309 205
309 222
310 167
310 204
310 221
310 222
311 166
311 188
311 189
311 204
311 220
311 221
312 166
312 205
313 165
314 164
314 183
314 184
314 185
315 182
315 183
315 203
315 207
315 208
316 180
316 181
316 182
316 204
317 180
319 179
320 172
320 173
320 178
320 221
321 174
321 176
321 178
321 221
322 221
324 154
