99 45 123 307
82 128
83 129
83 130
84 131
84 132
85 132
86 132
87 133
87 134
89 135
89 257
89 258
104 53
105 53
106 53
107 53
108 52
109 51
109 64
109 65
109 73
109 76
109 77
109 78
109 79
109 81
109 82
109 83
109 84
109 85
109 86
109 87
109 89
109 90
109 91
109 92
109 229
109 231
110 51
110 62
110 63
110 66
110 67
110 68
110 69
110 70
110 71
110 72
110 75
110 218
110 219
110 220
110 221
110 222
110 223
110 224
110 225
110 226
110 227
111 51
111 60
111 61
111 62
111 178
111 179
111 213
111 215
111 217
112 211
112 212
113 182
114 62
115 51
115 62
116 206
117 185
117 205
117 235
117 236
118 205
118 228
118 229
118 230
118 231
118 232
118 233
118 234
118 237
119 62
119 220
119 221
119 222
119 223
119 224
119 225
119 226
119 227
120 171
120 173
120 175
120 176
120 177
120 217
120 218
120 219
121 62
121 165
121 166
121 167
121 168
121 169
121 170
121 175
121 177
121 178
121 179
121 187
121 208
121 215
121 216
121 217
122 51
122 63
122 180
122 181
122 183
122 213
122 214
122 215
123 51
123 63
123 183
123 188
124 63
124 163
124 174
125 51
125 62
125 161
125 162
125 163
125 174
125 183
126 51
126 62
126 161
126 162
126 174
126 175
126 184
126 189
127 51
127 62
127 162
127 172
127 183
127 189
128 162
128 170
128 171
128 183
128 189
129 63
129 164
129 165
129 168
129 169
129 189
130 51
130 63
130 166
130 167
130 183
130 189
131 51
131 62
131 188
132 51
132 182
132 188
133 51
133 62
133 188
134 51
134 63
135 51
135 63
135 181
136 63
136 142
136 181
136 187
137 63
137 181
137 187
138 63
138 187
139 52
139 63
139 186
140 52
140 63
141 52
141 63
141 180
142 52
142 63
142 185
143 52
143 63
144 63
144 180
145 63
146 52
146 63
147 52
147 63
148 52
148 63
148 183
149 52
149 63
150 52
150 63
151 52
151 63
151 175
152 52
152 64
152 287
153 52
153 64
153 183
153 197
153 281
153 285
153 286
154 52
154 64
154 183
154 184
154 195
154 196
154 282
154 283
154 284
155 53
155 63
155 184
155 185
155 194
155 200
156 53
156 63
156 185
156 186
156 192
156 193
156 199
156 200
156 201
156 202
156 203
156 207
156 208
156 209
156 223
156 224
156 225
157 53
157 64
157 187
157 188
157 189
157 190
157 191
157 204
157 205
157 206
157 210
157 223
157 227
157 228
158 53
158 64
158 211
158 215
158 216
158 217
158 218
158 219
158 222
159 53
159 64
159 212
159 214
159 220
159 221
159 222
160 53
160 64
160 178
160 190
160 191
160 222
161 53
161 64
161 177
161 191
161 192
162 53
162 64
162 177
162 193
163 53
163 64
163 175
163 176
163 193
164 53
164 64
164 173
164 174
164 175
165 53
165 64
165 172
165 173
166 53
166 64
166 171
166 225
166 226
167 53
167 64
167 221
167 222
167 223
167 224
168 53
168 63
168 218
168 219
168 220
169 53
169 63
169 203
169 204
169 205
169 210
169 211
169 214
169 215
169 216
169 286
169 287
170 53
170 63
170 196
170 197
170 198
170 199
170 200
170 201
170 202
170 206
170 207
170 208
170 209
170 288
170 289
170 290
170 291
171 53
171 63
171 194
171 195
171 222
171 223
171 292
171 293
171 294
171 295
172 53
172 64
172 219
172 220
172 221
172 296
172 297
173 53
173 64
173 181
173 182
173 183
173 184
173 185
173 186
173 187
173 188
173 189
173 190
173 216
173 217
173 218
173 298
173 299
174 53
174 64
174 175
174 176
174 177
174 178
174 179
174 180
174 213
174 214
174 215
174 216
174 299
174 300
174 301
174 302
175 53
175 64
175 172
175 174
175 206
175 207
175 208
175 209
175 210
175 211
175 303
175 304
176 53
176 64
176 304
177 54
177 64
178 54
178 64
178 190
178 309
179 54
179 64
179 311
179 312
179 313
180 54
180 64
180 314
180 315
180 316
180 317
181 54
181 64
181 318
181 319
181 320
181 321
181 322
181 323
181 324
181 325
181 326
182 54
182 64
182 326
182 327
182 328
182 329
182 330
182 331
183 54
183 64
183 205
183 332
183 333
183 334
183 335
183 336
184 54
184 65
184 205
184 337
184 338
185 53
185 65
185 205
185 338
185 339
186 53
186 205
186 339
186 340
186 341
186 342
187 53
187 206
187 343
187 344
187 345
188 53
188 206
188 345
188 346
188 349
189 53
189 206
189 347
190 53
190 206
191 53
191 207
191 272
192 53
192 207
192 235
192 271
193 54
193 207
193 234
193 235
194 54
194 207
195 54
195 208
196 54
196 207
196 267
196 268
197 54
197 207
197 231
197 266
197 267
198 54
198 231
198 265
198 266
199 54
199 264
199 265
200 54
200 263
200 264
201 54
201 262
201 263
202 54
202 261
202 262
203 55
203 168
203 260
203 261
204 55
204 258
204 259
205 55
205 232
205 257
205 258
206 55
206 257
207 55
207 254
207 255
208 55
208 252
208 253
209 55
209 167
209 168
209 169
209 252
210 55
210 166
210 167
210 172
210 250
210 251
210 257
210 258
211 55
211 164
211 165
211 166
211 248
211 249
211 257
211 260
212 55
212 163
212 164
212 176
212 247
212 332
212 333
212 334
212 335
212 336
212 337
212 338
212 339
212 340
213 55
213 163
213 170
213 245
213 328
213 329
213 330
213 331
213 341
213 342
213 343
213 344
213 345
213 346
213 347
213 348
214 56
214 161
214 162
214 163
214 169
214 243
214 325
214 326
215 56
215 159
215 160
215 161
215 167
215 168
215 240
215 241
215 242
215 324
215 325
216 56
216 158
216 159
216 165
216 166
216 181
216 239
216 334
216 335
216 336
216 337
216 338
216 343
216 344
216 345
217 56
217 157
217 158
217 183
217 237
217 331
217 339
217 340
217 341
217 346
217 347
217 348
218 56
218 156
218 327
218 328
218 329
219 56
219 155
219 162
219 163
219 184
219 221
219 222
219 223
219 224
219 325
219 327
220 153
220 154
220 160
220 161
220 189
220 190
220 234
221 151
221 159
221 160
221 232
221 323
222 150
222 158
222 230
222 320
223 149
223 157
223 228
223 313
224 146
224 147
224 155
224 156
224 224
224 225
225 144
225 145
225 223
226 144
227 218
