42 195 135 76
33 226
34 226
35 226
36 226
37 227
38 228
39 228
40 229
41 229
41 230
42 230
42 231
42 247
42 248
42 249
43 232
43 246
43 247
44 217
44 218
44 246
45 246
47 235
47 236
48 202
48 204
48 230
48 234
48 237
48 238
48 239
48 240
48 241
48 242
48 243
49 233
50 195
50 198
50 248
51 248
51 250
51 251
52 239
52 240
52 242
52 243
52 244
52 245
52 251
52 252
53 253
53 254
54 245
54 253
55 245
56 246
56 253
57 246
57 253
58 247
59 248
60 256
61 248
61 257
62 248
63 247
64 247
64 249
64 250
65 249
65 250
66 250
68 249
69 249
70 249
71 246
72 247
74 247
75 247
87 253
89 257
89 258
98 206
99 204
99 205
100 203
101 197
101 198
101 199
101 201
101 202
102 196
102 198
103 197
103 198
103 217
103 218
104 197
104 198
104 214
104 215
104 216
105 197
105 198
105 212
105 213
106 199
106 210
106 211
107 200
107 201
107 202
107 203
107 204
107 205
107 206
107 207
107 208
107 209
109 229
109 230
109 231
110 218
110 219
110 220
110 221
110 222
110 223
110 224
110 225
110 226
110 227
110 228
110 232
110 233
110 235
111 213
111 214
111 215
111 216
111 217
111 233
111 234
112 210
112 211
112 212
112 234
113 235
114 209
119 205
119 238
119 239
120 205
120 206
121 207
121 209
122 209
139 209
140 210
141 211
142 212
143 213
144 213
145 213
146 213
147 213
148 213
149 212
150 212
154 183
155 184
155 185
156 226
157 227
157 228
158 228
158 229
159 221
159 229
161 230
162 226
162 227
162 229
163 228
164 226
164 227
165 226
166 225
166 226
167 221
167 222
167 223
167 224
168 219
169 203
169 204
169 205
169 210
169 211
169 214
169 215
169 216
170 196
170 197
170 198
170 199
170 200
170 201
170 202
170 206
170 207
170 208
170 209
171 194
171 195
171 222
171 223
172 219
172 220
172 221
173 181
173 182
173 183
173 184
173 185
173 186
173 187
173 188
173 189
173 190
173 216
173 217
173 218
174 175
174 176
174 177
174 178
174 179
174 180
174 213
174 214
174 215
174 216
175 174
175 206
175 207
175 208
175 209
175 210
175 211
178 190
