105 38 102 150
88 145
89 145
90 144
91 144
92 145
93 145
94 144
95 144
96 144
97 144
98 144
99 144
100 144
101 145
102 145
103 97
103 145
104 97
104 145
105 138
105 145
106 138
106 145
107 138
107 146
108 52
108 138
108 146
108 152
109 51
109 73
109 76
109 77
109 78
109 79
109 81
109 82
109 83
109 84
109 85
109 86
109 87
109 89
109 90
109 91
109 92
109 138
109 146
109 151
110 51
110 62
110 67
110 68
110 70
110 71
110 72
110 75
110 119
110 138
110 146
110 150
111 51
111 60
111 61
111 62
111 120
111 138
111 146
111 149
112 138
112 148
112 149
113 138
113 147
113 148
113 182
114 62
114 139
114 147
114 149
115 51
115 62
115 139
115 145
116 139
116 145
116 154
116 155
117 139
117 145
117 153
117 154
118 139
118 145
118 153
119 62
119 139
119 145
119 153
120 139
120 145
120 153
120 171
120 173
120 175
121 62
121 140
121 146
121 153
121 165
121 166
121 167
121 168
121 169
121 170
121 178
121 187
122 51
122 63
122 140
122 146
122 153
123 51
123 63
123 140
123 146
123 153
123 183
124 63
124 140
124 146
124 153
124 163
124 174
124 183
125 51
125 62
125 140
125 153
125 154
125 161
125 162
125 163
125 174
126 51
126 62
126 140
126 149
126 153
126 154
126 161
126 162
126 174
126 175
126 183
127 51
127 62
127 141
127 149
127 153
127 162
127 172
127 173
128 141
128 149
128 162
128 170
128 171
129 63
129 141
129 149
129 168
129 169
129 183
130 51
130 63
130 141
130 149
130 166
130 167
131 51
131 62
131 141
131 149
131 182
132 51
132 140
132 150
132 160
132 161
133 51
133 62
133 140
133 150
133 159
133 160
133 182
134 51
134 63
134 141
134 150
134 159
134 182
135 51
135 63
135 141
135 150
135 182
136 63
136 142
136 151
137 63
137 142
137 151
138 63
138 143
138 151
138 180
139 52
139 63
139 143
139 151
139 180
140 52
140 63
140 143
140 144
140 151
140 180
140 186
141 52
141 63
141 144
141 185
142 52
142 63
142 145
142 181
143 52
143 63
143 145
143 151
143 180
143 185
144 63
144 146
144 151
144 152
144 185
145 63
145 146
145 152
145 179
145 184
146 52
146 63
146 147
146 152
146 177
146 178
146 184
147 52
147 63
147 148
147 152
147 177
147 183
148 52
148 63
148 151
148 176
149 52
149 63
149 151
149 176
149 182
150 52
150 63
150 151
150 175
150 182
151 52
151 63
151 151
151 182
152 52
152 64
152 151
152 175
152 183
153 52
153 64
153 151
153 176
154 52
154 64
154 151
154 176
154 184
155 53
155 63
155 151
155 177
156 53
156 63
156 151
156 177
157 53
157 64
157 152
157 178
158 53
158 64
158 152
158 178
159 53
159 64
159 152
159 178
160 64
160 152
160 178
161 64
161 152
161 177
162 64
162 152
162 177
163 64
163 152
163 175
163 176
164 64
164 152
164 173
164 174
164 175
165 64
165 153
165 172
165 173
166 64
166 153
166 171
167 64
167 149
167 153
167 170
168 63
168 131
168 149
168 153
168 170
169 63
169 131
169 148
169 153
169 169
170 63
170 132
170 148
170 154
170 169
171 63
171 132
171 148
171 154
171 168
172 64
172 133
172 148
172 149
172 154
172 168
172 169
173 64
173 133
173 149
173 154
173 169
173 170
174 64
174 133
174 134
174 150
174 154
174 170
174 171
175 64
175 134
175 149
175 154
175 172
176 64
176 134
176 154
177 64
177 134
177 154
178 64
178 134
178 154
178 155
179 64
179 155
180 64
180 155
181 64
181 155
182 64
182 155
183 64
183 156
184 65
184 156
185 65
185 156
186 157
187 157
188 157
189 158
190 158
191 159
192 159
192 160
193 160
194 161
195 161
195 162
196 162
196 163
196 172
197 163
197 164
197 172
197 173
198 164
198 173
199 165
199 173
200 166
200 173
201 167
201 173
201 177
201 178
201 179
201 180
201 181
202 168
202 174
202 177
203 168
203 169
203 175
203 176
203 177
204 169
204 170
205 170
