42 195 121 103
32 256
33 226
34 226
35 226
36 226
37 227
38 228
39 228
40 229
41 229
41 230
41 266
41 267
42 230
42 231
42 247
42 248
42 249
42 267
43 232
43 246
43 247
44 217
44 218
44 246
44 269
44 270
45 246
47 235
47 236
48 202
48 204
48 230
48 234
48 237
48 238
48 239
48 240
48 241
48 242
48 243
49 233
50 195
50 198
50 248
51 248
51 250
51 251
52 239
52 240
52 242
52 243
52 244
52 245
52 251
52 252
53 253
53 254
54 245
54 253
55 245
56 246
56 253
57 246
57 253
58 247
59 248
59 254
59 255
60 256
61 248
61 257
62 248
63 247
64 247
64 249
64 250
65 249
65 250
66 250
68 249
69 249
70 249
71 246
72 247
72 292
74 247
74 292
74 293
74 294
75 247
76 247
77 247
78 248
79 248
79 249
80 249
81 249
82 250
83 250
84 249
84 250
85 250
86 251
87 251
87 252
87 253
89 249
89 257
89 258
90 249
91 249
92 249
93 221
93 222
93 223
93 224
94 217
94 218
94 219
94 220
95 214
95 215
95 216
96 212
96 213
96 214
97 210
97 211
98 206
98 207
98 208
98 209
99 204
99 205
100 203
100 241
101 197
101 198
101 199
101 201
101 202
101 224
101 225
102 196
102 198
102 219
102 220
102 221
102 222
102 223
102 226
102 227
102 228
102 229
103 197
103 198
103 217
103 218
103 230
103 231
103 232
103 233
103 234
103 235
103 236
104 197
104 198
104 214
104 215
104 216
105 197
105 198
105 212
105 213
106 199
106 210
106 211
107 200
107 201
107 202
107 203
107 204
107 205
107 206
107 207
107 208
107 209
109 229
109 230
110 218
110 219
110 220
110 221
110 222
110 223
110 224
110 225
110 226
110 228
110 232
110 233
110 235
111 213
111 214
111 215
111 216
111 217
111 233
111 234
112 210
112 211
112 212
112 234
113 235
114 209
119 205
119 238
119 239
120 205
120 206
121 207
121 209
122 209
134 275
135 276
139 209
140 210
140 288
141 211
142 212
143 213
144 213
145 213
146 213
147 213
148 213
149 212
150 212
153 280
154 183
155 184
155 185
156 226
157 227
157 228
158 228
158 229
159 221
159 229
161 230
162 226
162 227
162 229
163 228
