88 49 132 221
79 128
82 128
83 129
83 130
84 131
84 132
85 132
86 132
87 133
87 134
87 253
88 135
88 145
89 135
89 145
89 257
89 258
90 135
90 144
91 135
91 144
92 136
92 145
93 136
93 145
94 136
94 144
95 136
95 144
96 136
96 144
97 136
97 144
98 136
98 144
99 144
100 137
100 144
101 145
102 145
103 145
104 145
105 145
106 145
107 146
108 52
108 146
109 51
109 73
109 76
109 77
109 78
109 79
109 81
109 82
109 83
109 84
109 85
109 86
109 87
109 89
109 90
109 91
109 92
109 146
109 151
109 229
109 231
110 51
110 62
110 67
110 68
110 70
110 71
110 72
110 75
110 146
110 150
110 218
110 219
110 220
110 221
110 222
110 223
110 224
110 225
110 226
110 227
111 51
111 60
111 61
111 62
111 146
111 149
111 213
111 215
111 217
112 148
112 149
112 211
112 212
113 147
113 148
113 182
114 62
114 147
114 149
114 208
115 51
115 62
115 145
115 207
116 145
116 154
116 155
116 206
117 145
117 153
117 154
117 205
117 235
117 236
118 145
118 153
118 205
118 228
118 229
118 230
118 231
118 232
118 233
118 234
118 237
119 62
119 145
119 153
119 220
119 221
119 222
119 223
119 224
119 225
119 226
119 227
120 145
120 153
120 171
120 173
120 175
120 217
120 218
120 219
121 62
121 146
121 153
121 165
121 166
121 167
121 168
121 169
121 170
121 178
121 187
121 208
121 215
121 216
121 217
122 51
122 63
122 146
122 153
122 213
122 214
122 215
123 51
123 63
123 153
123 183
123 188
124 63
124 153
124 163
124 174
124 183
125 51
125 62
125 153
125 154
125 161
125 162
125 163
125 174
126 51
126 62
126 149
126 153
126 154
126 161
126 162
126 174
126 175
126 183
126 189
127 51
127 62
127 149
127 153
127 162
127 172
127 173
128 149
128 162
128 170
128 171
128 189
129 63
129 149
129 168
129 169
129 183
129 189
130 51
130 63
130 166
130 167
130 189
131 51
131 62
131 182
132 51
132 150
132 160
132 161
133 51
133 62
133 159
133 160
133 182
134 51
134 63
134 159
134 182
134 187
135 51
135 63
135 182
136 63
136 142
137 63
137 142
138 63
138 143
138 180
139 52
139 63
139 143
139 180
139 209
140 52
140 63
140 143
140 144
140 180
140 186
141 52
141 63
141 144
141 185
142 52
142 63
142 145
142 181
143 52
143 63
143 145
143 185
144 63
144 146
144 185
145 63
145 146
145 179
145 184
146 52
146 63
146 147
146 177
146 178
146 184
147 52
147 63
147 148
147 177
147 183
148 52
148 63
148 176
149 52
149 63
149 176
149 182
150 52
150 63
150 175
150 182
151 52
151 63
151 182
152 52
152 64
152 175
152 183
153 52
153 64
153 176
153 197
154 52
154 64
154 176
154 184
154 195
154 196
155 53
155 63
155 177
155 194
155 200
156 53
156 63
156 177
156 185
156 186
156 192
156 193
156 199
156 200
156 201
156 202
156 203
156 207
156 208
156 209
156 223
156 224
156 225
157 53
157 64
157 178
157 187
157 188
157 189
157 190
157 191
157 204
157 205
157 206
157 210
157 223
157 227
157 228
158 53
158 64
158 178
158 211
158 215
158 216
158 217
158 218
158 219
158 222
159 53
159 64
159 178
159 212
159 214
159 220
159 221
159 222
160 53
160 64
160 178
160 190
160 191
160 222
161 53
161 64
161 177
161 191
161 192
162 53
162 64
162 177
162 193
162 194
163 53
163 64
163 175
163 176
163 193
164 53
164 64
164 173
164 174
164 175
165 53
165 64
165 172
165 173
166 53
166 64
166 171
166 225
166 226
167 53
167 64
167 170
167 221
167 222
167 223
167 224
168 53
168 63
168 170
168 212
168 217
168 218
168 219
168 220
169 53
169 63
169 153
169 169
169 202
169 203
169 204
169 205
169 210
169 211
169 214
169 215
169 216
170 53
170 63
170 154
170 169
170 196
170 197
170 198
170 199
170 200
170 201
170 202
170 206
170 207
170 208
170 209
171 53
171 63
171 154
171 168
171 194
171 195
171 222
171 223
172 53
172 64
172 154
172 168
172 169
172 219
172 220
172 221
173 53
173 64
173 154
173 169
173 170
173 181
173 182
173 183
173 184
173 185
173 186
173 187
173 188
173 189
173 190
173 216
173 217
173 218
174 53
174 64
174 154
174 170
174 171
174 175
174 176
174 177
174 178
174 179
174 180
174 213
174 214
174 215
174 216
175 53
175 64
175 154
175 172
175 174
175 206
175 207
175 208
175 209
175 210
175 211
176 53
176 64
176 154
177 54
177 64
177 154
178 54
178 64
178 154
178 155
178 190
179 54
179 64
179 155
180 54
180 64
180 155
181 54
181 64
181 155
182 54
182 64
182 155
183 54
183 64
183 156
183 205
184 54
184 65
184 156
184 205
185 53
185 65
185 156
186 53
186 157
187 53
187 157
187 206
188 53
188 157
188 206
189 53
189 158
190 53
191 53
191 207
192 53
192 159
192 207
192 235
193 54
193 207
193 234
193 235
194 54
194 207
195 54
195 208
196 54
196 207
196 268
197 54
197 172
197 231
197 266
197 267
198 54
198 231
198 265
198 266
199 54
199 264
199 265
200 54
200 263
200 264
201 54
201 179
201 180
201 181
201 262
201 263
202 54
202 177
202 261
202 262
203 55
203 168
203 175
203 177
203 260
203 261
204 55
204 258
204 259
205 55
205 232
205 257
205 258
206 55
206 257
207 55
207 254
207 255
208 55
208 168
208 252
208 253
209 55
209 167
209 168
209 169
209 170
209 171
209 252
210 55
210 166
210 167
210 172
210 250
210 251
210 257
210 258
211 55
211 164
211 165
211 166
211 248
211 249
211 257
211 260
212 55
212 164
212 176
212 247
213 55
213 163
213 170
213 245
214 56
214 162
214 163
214 169
214 243
215 56
215 160
215 167
215 168
215 240
215 241
215 242
216 56
216 158
216 159
216 165
216 166
216 181
216 239
217 56
217 157
217 158
217 183
217 237
218 56
218 156
219 56
219 163
219 184
219 221
219 222
219 223
219 224
220 160
220 161
220 189
220 190
220 234
221 159
221 160
221 232
222 230
223 228
224 224
224 225
225 223
227 218
