160 82 153 213
152 175
153 176
154 176
155 177
156 177
157 178
158 178
159 178
160 190
160 191
161 191
161 192
162 193
162 194
167 170
168 170
168 212
168 217
168 218
168 220
169 169
169 202
170 169
171 168
172 168
172 169
172 191
172 192
172 193
172 220
173 169
173 170
174 170
174 171
176 201
176 202
176 203
176 204
176 205
176 206
176 207
177 193
177 194
177 195
177 196
178 191
178 192
181 205
182 205
184 205
185 205
186 205
188 206
189 206
190 158
190 206
191 159
191 207
192 160
192 271
193 160
194 161
195 161
195 162
196 162
196 163
196 172
196 207
196 267
196 268
197 163
197 164
197 172
197 173
197 266
197 267
198 164
198 173
198 265
198 266
199 165
199 173
199 264
199 265
200 166
200 173
200 263
200 264
201 167
201 173
201 177
201 178
201 179
201 180
201 181
201 262
201 263
202 168
202 174
202 177
202 261
202 262
203 168
203 169
203 175
203 176
203 177
203 229
203 260
203 261
204 169
204 170
204 175
204 258
204 259
205 170
205 232
205 257
205 258
206 174
206 225
206 229
206 255
206 256
206 257
207 174
207 225
207 254
207 255
208 174
208 225
208 226
208 252
208 253
209 172
209 174
209 225
209 251
209 252
210 174
210 224
210 249
210 250
210 251
210 257
210 258
211 174
211 175
211 223
211 248
211 249
211 257
211 260
212 163
212 176
212 222
212 246
212 247
213 177
213 222
213 244
213 245
214 161
214 177
214 178
214 220
214 221
214 242
214 243
214 268
215 159
215 161
215 179
215 180
215 220
215 240
215 241
215 242
215 267
216 165
216 180
216 219
216 238
216 239
217 182
217 204
217 205
217 206
217 207
217 208
217 234
217 235
217 236
217 237
218 183
218 184
218 193
218 194
218 203
218 206
218 209
218 225
218 226
218 227
219 155
219 162
219 185
219 191
219 192
219 195
219 196
219 210
220 153
220 154
220 186
220 190
220 197
220 198
220 199
220 200
220 201
220 202
220 211
220 213
220 214
220 215
220 216
220 217
220 218
220 219
220 220
220 232
220 233
220 234
221 151
221 152
221 186
221 212
221 232
222 230
223 148
223 228
224 146
224 147
224 155
224 224
224 225
225 144
225 145
225 151
225 153
225 188
225 223
225 233
225 234
225 235
226 144
226 152
226 230
226 231
227 218
229 190
230 190
231 190
232 211
233 138
233 210
234 137
234 209
235 136
235 208
236 135
236 207
237 186
237 187
238 186
238 187
238 191
238 205
239 185
239 186
239 204
240 185
240 203
241 184
241 185
241 191
241 203
242 146
242 183
242 190
243 146
243 165
243 181
243 190
244 122
244 123
244 124
244 125
244 126
244 127
244 128
244 129
244 130
244 131
244 132
244 133
244 134
244 135
244 146
244 147
244 148
244 168
244 191
244 290
245 118
245 119
245 120
245 121
245 136
245 137
245 138
245 139
245 140
245 141
245 142
245 143
245 144
245 145
245 179
245 285
245 286
245 287
245 288
245 289
246 115
246 116
246 117
246 169
246 177
246 192
246 283
246 284
247 113
247 114
247 174
247 175
247 176
247 192
247 272
247 273
247 283
248 110
248 111
248 112
248 151
248 152
248 153
248 172
248 186
248 187
248 192
248 271
248 272
248 280
248 281
249 107
249 108
249 109
249 154
249 155
249 156
249 187
249 188
249 191
249 192
249 269
249 270
249 279
249 280
250 105
250 106
250 107
250 135
250 136
250 137
250 138
250 139
250 140
250 187
250 191
250 198
250 268
250 269
250 277
250 278
250 279
251 103
251 104
251 131
251 164
251 171
251 191
251 197
251 267
251 268
251 275
251 276
251 277
252 101
252 102
252 132
252 165
252 166
252 190
252 197
252 266
252 267
252 273
252 274
253 100
253 101
253 190
253 197
253 265
253 271
254 99
254 171
254 190
254 197
254 264
254 270
255 97
255 98
255 171
255 172
255 190
255 263
255 268
255 269
256 96
256 97
256 172
256 190
256 262
257 94
257 95
257 189
257 196
257 267
258 93
258 94
258 174
258 189
258 258
258 259
258 260
258 261
259 91
259 92
259 175
259 176
259 177
259 178
259 189
259 196
259 257
259 261
260 90
260 91
260 189
260 195
260 230
260 231
260 256
260 262
261 89
261 90
261 179
261 180
261 189
261 195
261 230
261 255
262 88
262 89
262 180
262 189
262 194
262 195
262 229
262 253
262 254
262 263
263 87
263 88
263 180
263 181
263 188
263 194
263 199
263 229
264 86
264 87
264 181
264 182
264 188
264 193
264 198
264 263
265 85
265 86
265 182
265 183
265 193
265 198
266 85
266 183
266 188
266 198
267 84
267 184
267 188
267 197
268 184
268 185
268 188
268 197
268 198
269 185
269 188
269 196
270 185
270 186
270 188
270 196
271 188
271 195
272 185
272 189
273 184
273 185
273 189
273 190
274 184
274 191
275 183
275 184
275 192
276 183
276 192
276 221
277 183
277 191
278 89
278 92
278 182
278 191
278 220
279 91
279 92
279 182
279 190
279 219
279 220
280 92
280 189
281 88
281 180
281 189
282 179
282 180
282 189
282 213
283 179
283 188
283 189
283 212
283 213
283 233
283 234
284 176
284 178
284 187
285 76
285 91
285 176
285 186
285 187
286 76
286 92
286 93
286 94
286 95
286 101
286 176
286 185
286 186
287 75
287 96
287 102
287 103
287 175
287 184
287 204
288 97
288 104
288 136
288 183
288 203
288 222
289 97
289 105
289 182
289 200
289 202
290 97
290 181
290 182
290 200
290 228
291 180
291 181
291 197
291 198
291 286
291 287
292 179
292 180
292 227
293 178
293 179
293 194
293 226
293 289
294 168
294 177
294 178
294 191
294 225
295 73
295 167
295 177
295 188
295 189
295 190
295 225
296 103
296 176
296 187
296 224
296 225
297 74
297 102
297 165
297 175
297 184
297 185
297 224
298 75
298 101
298 102
298 137
298 174
298 175
298 181
298 183
298 223
299 75
299 101
299 137
299 173
299 174
299 179
299 180
299 181
299 222
299 223
300 100
300 138
300 172
300 173
300 221
301 99
301 138
301 139
301 172
301 196
301 219
301 221
302 88
302 89
302 90
302 91
302 92
302 139
302 140
302 171
303 141
303 142
303 170
303 171
303 194
303 195
303 216
303 217
304 142
304 143
304 170
305 170
305 220
306 169
306 214
307 168
307 169
307 205
307 212
308 168
308 205
308 223
309 167
309 205
309 222
310 167
310 204
310 221
310 222
311 166
311 188
311 189
311 204
311 220
311 221
312 166
312 205
312 206
312 221
313 165
313 221
314 183
314 184
314 185
314 220
315 182
315 183
315 220
316 180
316 181
316 182
316 220
317 180
317 220
318 220
319 220
320 220
320 221
321 221
322 221
324 154
