13 83 164 123
38 142
38 143
39 142
40 141
41 141
42 140
43 140
44 141
45 140
46 140
46 190
46 191
46 192
46 193
47 140
48 140
48 202
48 204
49 140
50 139
50 195
50 198
51 138
51 188
52 138
53 137
53 186
54 137
54 150
54 151
55 136
55 137
55 151
55 184
56 136
56 151
56 158
57 136
57 150
57 159
57 160
57 169
57 176
57 177
57 182
58 136
58 143
58 144
58 145
58 146
58 147
58 148
58 149
58 150
58 151
58 160
58 161
58 168
58 169
58 174
58 175
58 179
58 180
58 181
59 136
59 142
59 156
59 161
59 173
59 179
60 136
60 155
60 156
60 172
60 178
61 136
61 154
61 162
61 177
62 136
62 163
62 164
62 165
62 166
62 169
62 170
62 171
62 175
62 176
63 135
63 160
63 161
63 167
63 168
63 174
63 175
64 135
64 156
64 157
64 158
64 160
65 134
65 155
65 156
66 134
67 133
67 134
68 133
68 152
69 151
69 152
70 151
71 150
72 150
73 149
73 150
74 149
75 148
76 148
77 148
78 147
79 147
80 146
80 147
81 139
81 146
82 104
82 128
82 140
82 141
82 146
83 102
83 103
83 105
83 129
83 130
83 141
83 145
84 99
84 100
84 101
84 131
84 132
84 141
84 145
85 132
85 141
85 145
86 132
86 145
87 133
87 134
87 145
88 145
89 135
89 145
90 144
91 144
92 145
93 145
94 144
95 144
96 144
97 144
98 144
99 144
100 144
101 145
101 197
101 198
101 199
102 145
102 196
102 198
103 145
103 197
103 198
104 145
104 197
104 198
105 97
105 145
105 197
105 198
106 97
106 145
106 155
106 156
106 157
106 164
106 165
106 166
106 199
107 98
107 146
107 153
107 154
107 158
107 159
107 160
107 161
107 162
107 163
107 167
107 168
107 169
107 170
107 200
107 201
107 202
107 203
107 204
107 205
107 206
108 146
108 152
108 171
108 172
108 173
108 174
108 175
109 76
109 77
109 78
109 79
109 80
109 81
109 82
109 83
109 84
109 85
109 86
109 87
109 88
109 89
109 90
109 91
109 92
109 98
109 99
109 100
109 101
109 102
109 103
109 104
109 105
109 107
109 108
109 112
109 113
109 114
109 115
109 116
109 117
109 118
109 146
109 151
109 176
109 177
110 75
110 93
110 94
110 95
110 96
110 97
110 98
110 106
110 109
110 110
110 111
110 138
110 146
110 150
110 177
111 138
111 146
111 149
112 138
112 148
112 149
112 179
112 180
112 181
113 138
113 147
113 148
113 182
114 139
114 147
114 149
114 157
114 158
114 159
114 160
114 161
114 162
114 163
114 164
114 165
114 166
114 167
114 168
114 169
114 170
114 171
114 172
114 173
114 176
114 177
114 182
115 139
115 145
115 155
115 156
115 157
115 175
115 176
115 183
116 139
116 145
116 154
116 155
116 184
116 185
117 139
117 145
117 153
117 154
117 186
118 139
118 145
118 153
118 186
119 139
119 145
119 153
119 187
120 139
120 145
120 153
120 172
120 176
120 177
120 187
121 140
121 146
121 153
121 175
121 177
121 178
121 179
121 187
121 188
122 140
122 146
122 153
122 180
122 181
122 188
123 140
123 146
123 153
123 183
123 188
124 140
124 146
124 153
124 183
124 189
125 140
125 153
125 154
125 189
126 140
126 149
126 153
126 154
126 183
126 189
127 141
127 149
127 153
127 161
127 173
127 183
128 141
128 149
128 183
128 189
129 141
129 149
129 162
129 164
129 165
129 183
129 189
130 141
130 149
130 183
130 189
131 141
131 149
131 161
131 162
131 163
131 182
132 140
132 150
132 160
132 161
132 182
133 140
133 150
133 159
133 160
133 182
134 141
134 150
134 159
134 182
134 187
135 141
135 150
135 181
135 182
136 151
136 181
137 151
137 181
138 151
138 180
139 151
139 180
140 151
140 180
140 186
141 185
142 181
143 151
143 180
143 185
144 151
144 152
144 180
144 185
145 152
145 179
145 184
146 152
146 177
146 178
146 184
147 152
147 177
147 183
148 151
148 176
149 151
149 176
149 182
150 151
150 175
150 182
151 151
151 182
152 175
152 183
153 176
153 183
154 176
154 183
154 184
155 177
155 184
155 185
156 177
157 178
158 178
159 178
160 178
161 177
162 177
163 175
163 176
163 193
164 173
164 174
164 175
165 172
165 173
166 171
167 149
167 170
168 149
168 170
169 148
169 169
170 148
170 169
170 196
170 197
170 198
170 199
170 200
170 201
170 202
171 148
171 168
171 194
171 195
172 148
172 149
172 168
172 169
173 149
173 169
173 170
173 181
173 182
173 183
173 184
173 185
173 186
173 187
173 188
173 189
173 190
174 150
174 170
174 171
174 175
174 176
174 177
174 178
174 179
174 180
175 149
175 172
175 174
178 190
