78 47 305 112
79 128
80 128
81 128
81 139
82 104
82 128
82 140
82 141
83 102
83 105
83 129
83 130
83 141
84 99
84 100
84 101
84 131
84 132
84 141
85 98
85 132
85 141
86 97
86 98
86 132
86 140
87 97
87 133
87 134
87 139
87 140
88 97
88 135
88 137
88 138
88 139
88 145
89 97
89 135
89 140
89 145
90 97
90 135
90 140
90 144
91 97
91 135
91 144
92 97
92 136
92 145
93 97
93 136
93 145
94 97
94 136
94 144
95 97
95 136
95 144
96 97
96 136
96 144
97 97
97 136
97 144
98 97
98 136
98 144
99 97
99 136
99 144
100 98
100 137
100 144
101 98
101 137
101 145
102 98
102 137
102 145
103 97
103 137
103 145
104 97
104 138
104 145
105 138
105 145
106 138
106 145
107 138
107 146
108 52
108 138
108 146
109 51
109 73
109 76
109 77
109 78
109 79
109 81
109 82
109 83
109 84
109 85
109 86
109 87
109 89
109 90
109 91
109 92
109 138
109 146
110 51
110 62
110 67
110 68
110 70
110 71
110 72
110 75
110 119
110 138
110 146
110 150
111 51
111 60
111 61
111 62
111 120
111 138
111 146
111 149
112 138
112 148
112 149
113 62
113 138
113 147
113 148
114 62
114 139
114 147
114 149
115 51
115 62
115 139
115 145
116 62
116 139
116 145
117 62
117 139
117 145
117 153
117 154
118 62
118 139
118 145
118 153
119 62
119 139
119 145
119 153
120 62
120 139
120 145
120 153
121 62
121 140
121 146
121 153
122 51
122 63
122 140
122 146
122 153
123 51
123 63
123 140
123 146
123 153
124 63
124 140
124 146
124 153
125 51
125 62
125 140
125 153
125 154
126 51
126 62
126 140
126 149
126 153
126 154
127 51
127 62
127 141
127 149
127 153
128 62
128 141
128 149
129 63
129 141
129 149
130 51
130 63
130 141
130 149
131 51
131 62
131 141
131 149
132 51
132 140
132 150
133 51
133 62
133 140
133 150
134 51
134 63
134 141
134 150
135 51
135 63
135 141
135 150
136 63
136 142
136 151
137 63
137 142
137 151
138 63
138 143
138 151
139 52
139 63
139 143
139 151
140 52
140 63
140 143
140 144
140 151
141 52
141 63
141 144
142 52
142 63
142 145
143 52
143 63
143 145
143 151
144 63
144 146
144 151
144 152
145 63
145 146
145 152
146 52
146 63
146 147
146 152
147 52
147 63
147 148
147 152
148 52
148 63
148 151
149 52
149 63
149 151
150 52
150 63
150 151
151 52
151 63
151 151
152 52
152 64
153 52
153 64
154 52
154 64
155 53
155 63
156 53
156 63
157 53
157 64
158 53
158 64
159 53
159 64
160 53
160 64
161 53
161 64
162 53
162 64
163 53
163 64
164 53
164 64
165 53
165 64
166 53
166 64
167 53
167 64
167 149
168 53
168 63
168 131
168 149
169 53
169 63
169 131
169 148
170 53
170 63
170 132
170 148
171 53
171 63
171 132
171 148
172 53
172 64
172 133
172 148
172 149
173 53
173 64
173 133
173 149
174 53
174 64
174 133
174 134
174 150
175 53
175 64
175 134
175 149
176 53
176 64
176 134
177 54
177 64
177 134
178 54
178 64
178 134
179 54
179 64
180 54
180 64
181 54
181 64
182 54
182 64
183 54
183 64
184 54
184 65
185 53
185 65
186 53
186 65
187 53
187 65
188 53
188 66
189 53
189 65
190 53
190 65
191 53
191 65
192 53
192 65
193 54
193 65
194 54
194 65
195 54
195 66
196 54
196 66
197 54
197 66
198 54
198 66
199 54
199 66
200 54
200 66
201 54
201 66
202 54
202 66
203 55
203 66
204 55
204 66
205 55
205 66
206 55
206 66
207 55
207 66
208 55
208 66
209 55
209 66
210 55
210 66
211 55
211 66
212 55
212 66
213 55
213 66
214 56
214 66
215 56
215 66
216 56
216 66
217 56
217 66
218 56
218 65
219 56
219 66
220 66
221 67
222 67
222 150
222 158
223 67
223 148
223 149
223 157
224 67
224 155
224 156
225 67
225 153
225 154
226 67
226 143
226 152
227 66
227 143
228 142
229 142
230 66
230 142
231 66
231 142
232 56
232 138
232 140
232 142
233 139
233 143
234 138
234 143
235 56
235 138
235 143
236 56
236 136
236 144
237 135
237 144
238 56
238 144
239 56
239 145
240 145
241 146
242 56
243 56
243 146
243 147
244 123
244 124
244 125
244 126
244 127
244 128
244 129
244 130
244 131
244 132
244 133
244 134
244 135
244 146
244 147
244 148
244 149
245 118
245 119
245 120
245 121
245 136
245 137
245 138
245 139
245 140
245 141
245 142
245 143
245 144
245 145
246 67
246 115
246 116
246 117
247 57
247 113
247 114
248 110
248 111
248 112
249 107
249 108
249 109
250 105
250 106
250 107
250 135
250 136
250 137
250 138
250 139
250 140
251 103
251 104
251 131
252 132
253 132
254 133
255 133
256 133
257 94
257 95
257 133
258 133
259 133
260 90
260 132
261 89
261 90
261 132
262 88
262 89
262 132
263 87
263 88
263 133
264 86
264 87
264 133
265 85
265 86
265 133
266 85
266 134
267 84
267 134
268 134
269 135
270 135
271 135
272 135
273 135
274 135
275 135
276 135
277 135
278 88
278 89
278 92
278 135
279 91
279 92
279 135
280 92
280 136
281 87
281 88
281 136
282 87
282 88
282 136
283 88
283 135
284 89
284 135
285 76
285 89
285 90
285 91
285 135
286 76
286 88
286 89
286 92
286 93
286 94
286 95
286 101
286 135
287 75
287 88
287 96
287 102
287 103
287 135
288 88
288 97
288 104
289 88
289 97
289 105
289 136
290 53
290 87
290 97
290 98
290 105
290 136
291 51
291 52
291 53
291 87
291 98
291 105
291 136
292 43
292 44
292 45
292 46
292 47
292 87
292 99
292 104
292 105
292 136
293 34
293 35
293 36
293 37
293 38
293 39
293 40
293 41
293 87
293 99
293 100
293 104
293 136
294 27
294 28
294 29
294 30
294 31
294 32
294 33
294 34
294 86
294 99
294 100
294 103
294 104
294 136
295 23
295 24
295 25
295 73
295 86
295 103
295 136
296 86
296 103
296 136
297 74
297 87
297 102
297 136
298 75
298 87
298 102
299 75
299 87
299 101
300 76
300 87
301 76
301 86
301 87
301 88
301 138
301 139
302 77
302 88
302 89
302 90
302 91
302 92
302 139
302 140
303 77
303 141
303 142
304 77
304 142
304 143
305 77
306 77
307 76
308 76
315 69
316 67
317 66
318 65
319 64
320 63
321 62
321 63
322 61
322 62
323 60
323 61
324 59
324 60
325 58
325 66
325 153
326 56
326 57
326 66
326 152
326 153
327 54
327 55
327 66
327 151
327 152
328 67
329 67
329 149
330 68
330 149
331 68
331 148
332 68
333 68
334 68
335 69
336 69
337 70
337 143
338 70
338 142
339 53
339 141
340 54
340 55
341 138
342 137
343 58
343 89
343 135
343 136
343 137
343 138
344 58
344 59
345 84
345 125
346 59
346 112
347 61
347 127
348 61
348 62
349 129
350 64
350 130
351 115
352 65
352 106
352 125
353 66
353 91
353 107
353 123
353 124
353 125
354 64
354 108
355 64
355 109
355 120
355 121
356 63
356 120
357 63
357 99
357 119
358 62
358 99
358 118
358 119
359 62
359 98
359 117
359 118
360 61
360 62
360 97
360 115
360 116
361 61
361 96
361 97
361 114
362 61
362 95
362 113
362 114
363 60
363 95
363 112
363 113
364 60
364 94
365 59
365 110
365 111
366 59
366 93
366 110
367 58
367 59
367 92
367 93
368 58
369 58
369 91
369 107
370 57
370 90
371 57
371 90
372 57
372 90
373 57
373 90
374 57
374 91
374 92
375 56
375 92
376 56
377 56
378 56
379 56
380 55
380 56
381 55
382 55
383 54
383 55
384 53
384 54
385 52
385 53
386 51
386 52
387 50
388 49
389 49
390 48
390 49
391 48
