121 18 153 219
105 138
106 138
107 138
108 138
109 138
110 138
111 51
111 138
112 138
113 138
113 182
114 62
114 139
114 208
115 51
115 62
115 139
115 145
115 207
116 139
116 145
116 206
117 139
117 145
117 153
117 154
117 205
118 139
118 145
118 153
118 205
119 62
119 139
119 145
119 153
120 139
120 145
120 153
120 175
121 62
121 140
121 146
121 153
121 178
121 187
121 208
122 51
122 63
122 140
122 146
122 153
123 51
123 63
123 140
123 146
123 153
123 183
123 188
124 63
124 140
124 146
124 153
124 163
124 174
124 183
125 51
125 62
125 140
125 153
125 154
125 161
125 162
125 163
125 174
126 51
126 62
126 140
126 149
126 153
126 154
126 161
126 162
126 174
126 175
126 183
126 189
127 51
127 62
127 141
127 149
127 153
127 162
127 172
127 173
128 141
128 149
128 162
128 170
128 171
128 189
129 63
129 141
129 149
129 168
129 169
129 183
129 189
130 51
130 63
130 141
130 149
130 166
130 167
130 189
131 51
131 62
131 141
131 149
131 182
132 51
132 140
132 150
132 160
132 161
133 51
133 62
133 140
133 150
133 159
133 160
133 182
134 51
134 63
134 141
134 150
134 159
134 182
134 187
135 51
135 63
135 141
135 150
135 182
136 63
136 142
136 151
137 63
137 142
137 151
138 63
138 143
138 151
138 180
139 52
139 63
139 143
139 151
139 180
140 52
140 63
140 143
140 144
140 151
140 180
140 186
141 52
141 63
141 144
141 185
142 52
142 63
142 145
142 181
143 52
143 63
143 145
143 151
143 185
144 63
144 146
144 151
144 152
144 185
145 63
145 146
145 152
145 179
145 184
146 52
146 63
146 147
146 152
146 177
146 178
146 184
147 52
147 63
147 148
147 152
147 177
147 183
148 52
148 63
148 151
148 176
149 52
149 63
149 151
149 176
149 182
150 52
150 63
150 151
150 175
150 182
151 52
151 63
151 151
151 182
152 52
152 64
152 151
152 175
152 183
153 52
153 64
153 151
153 176
153 197
154 52
154 64
154 151
154 176
154 184
154 195
154 196
155 53
155 63
155 151
155 177
155 194
155 200
156 53
156 63
156 151
156 177
156 185
156 186
156 192
156 193
156 199
156 200
156 201
156 202
156 203
156 207
156 208
156 209
156 223
156 224
156 225
157 53
157 64
157 152
157 178
157 187
157 188
157 189
157 190
157 191
157 204
157 205
157 206
157 210
157 223
157 227
157 228
158 53
158 64
158 152
158 178
158 211
158 215
158 216
158 217
158 218
158 219
158 222
159 53
159 64
159 152
159 178
159 212
159 214
159 220
159 221
159 222
160 53
160 64
160 152
160 190
160 191
160 222
161 53
161 64
161 152
161 191
161 192
162 53
162 64
162 152
162 193
162 194
163 53
163 64
163 152
164 53
164 64
164 152
165 53
165 64
165 153
166 53
166 64
166 153
166 225
166 226
167 53
167 64
167 149
167 153
167 170
167 221
167 222
167 223
167 224
168 53
168 63
168 131
168 149
168 153
168 170
168 212
168 217
168 218
168 219
168 220
169 53
169 63
169 131
169 148
169 153
169 169
169 202
169 203
169 204
169 205
169 210
169 211
169 214
169 215
169 216
170 53
170 63
170 132
170 148
170 154
170 169
170 196
170 197
170 198
170 199
170 200
170 201
170 202
170 206
170 207
170 208
170 209
171 53
171 63
171 132
171 148
171 154
171 168
171 194
171 195
171 222
171 223
172 53
172 64
172 133
172 148
172 149
172 154
172 168
172 169
172 191
172 192
172 193
172 219
172 220
172 221
173 53
173 64
173 133
173 149
173 154
173 169
173 170
173 185
173 186
173 187
173 188
173 189
173 190
173 216
173 217
173 218
174 53
174 64
174 133
174 134
174 150
174 154
174 170
174 171
174 213
174 214
174 215
174 216
175 53
175 64
175 134
175 149
175 154
175 206
175 207
175 208
175 209
175 210
175 211
176 53
176 64
176 134
176 154
176 201
176 202
176 203
176 204
176 205
176 206
176 207
177 54
177 64
177 134
177 154
177 193
177 194
177 195
177 196
178 54
178 64
178 134
178 154
178 155
178 190
178 191
178 192
179 54
179 64
179 155
180 54
180 64
180 155
181 54
181 64
181 155
181 205
182 54
182 64
182 155
182 205
183 54
183 64
183 156
183 205
184 54
184 65
184 156
184 205
185 53
185 65
185 156
186 53
186 65
186 157
187 53
187 65
187 157
188 53
188 66
188 157
188 206
189 53
189 65
189 158
190 53
190 65
190 158
191 53
191 65
191 159
191 207
192 53
192 65
192 159
192 160
193 54
193 65
193 160
194 54
194 65
194 161
195 54
195 66
195 161
195 162
196 54
196 66
196 162
196 163
196 172
196 207
197 54
197 66
197 163
197 164
197 172
197 173
198 54
198 66
198 164
198 173
199 54
199 66
199 165
199 173
200 54
200 66
200 166
200 173
201 54
201 66
201 167
201 173
201 177
201 178
201 179
201 180
201 181
202 54
202 66
202 168
202 174
202 177
203 55
203 66
203 169
203 175
203 176
203 177
203 229
204 55
204 66
204 169
204 170
204 175
205 55
205 66
205 170
205 232
206 55
206 66
206 174
206 225
206 229
207 55
207 66
207 174
207 225
208 55
208 66
208 168
208 174
208 225
208 226
209 55
209 66
209 167
209 168
209 169
209 170
209 171
209 172
209 174
209 225
210 55
210 66
210 166
210 167
210 172
210 174
210 224
211 55
211 66
211 164
211 165
211 166
211 174
211 175
211 223
212 55
212 66
212 164
212 222
213 55
213 66
213 163
213 170
213 177
213 222
214 56
214 66
214 162
214 163
214 169
214 177
214 178
214 220
214 221
215 56
215 66
215 160
215 167
215 168
215 179
215 180
215 220
216 56
216 66
216 158
216 159
216 165
216 166
216 180
216 219
217 56
217 66
217 157
217 158
217 182
217 204
217 205
217 206
217 207
217 208
218 56
218 65
218 156
218 183
218 184
218 193
218 194
218 203
218 206
218 209
218 225
218 226
218 227
219 56
219 66
219 163
219 185
219 191
219 192
219 195
219 196
219 210
219 221
219 222
219 223
219 224
220 66
220 160
220 161
220 186
220 190
220 197
220 198
220 199
220 200
220 201
220 202
220 211
220 213
220 214
220 215
220 216
220 217
220 218
220 219
220 220
220 232
220 233
220 234
221 67
221 159
221 160
221 186
221 212
221 232
222 67
222 150
222 158
222 186
222 187
222 230
223 67
223 149
223 157
223 187
223 228
224 67
224 155
224 156
224 187
224 224
224 225
225 67
225 151
225 153
225 154
225 188
225 223
226 67
226 143
226 188
227 66
227 143
227 189
227 218
228 142
228 189
229 142
229 190
230 66
230 142
230 190
231 66
231 142
231 190
232 56
232 138
232 140
232 142
232 211
233 139
233 143
233 210
234 138
234 143
234 209
235 56
235 138
235 143
235 208
236 56
236 136
236 144
236 154
236 207
237 135
237 144
237 154
237 155
237 191
238 56
238 144
238 155
238 156
238 186
238 191
238 205
239 56
239 145
239 157
239 158
239 204
240 145
240 159
240 160
240 161
240 203
241 146
241 161
241 162
241 163
241 185
241 191
241 203
242 56
242 146
242 164
242 183
243 56
243 146
243 147
243 165
243 166
243 181
244 123
244 124
244 125
244 126
244 127
244 128
244 129
244 130
244 131
244 132
244 133
244 134
244 135
244 147
244 148
244 149
244 166
244 167
245 118
245 119
245 120
245 121
245 136
245 137
245 138
245 139
245 140
245 141
245 142
245 143
245 144
245 145
245 168
245 179
246 67
246 115
246 116
246 117
246 169
246 177
247 57
247 113
247 114
247 170
247 171
247 174
247 175
247 176
248 110
248 111
248 112
248 151
248 172
248 173
249 107
249 108
249 109
249 172
250 105
250 106
250 107
250 135
250 136
250 137
250 138
250 139
250 140
250 172
250 198
251 103
251 104
251 163
251 164
251 197
252 101
252 102
252 165
252 166
252 171
252 197
253 100
253 101
253 171
253 197
254 99
254 171
254 197
255 97
255 98
255 171
255 172
256 96
256 97
256 172
257 94
257 95
257 173
258 93
258 94
258 174
259 91
259 92
259 175
259 176
259 177
260 90
260 91
260 195
260 230
260 231
261 89
261 90
261 179
261 180
261 195
261 230
262 88
262 89
262 180
262 194
262 229
263 87
263 88
263 180
263 181
263 229
264 86
264 87
264 181
264 182
264 188
264 193
265 85
265 86
265 182
265 183
265 193
265 198
266 85
266 183
267 84
267 184
267 197
268 184
268 185
268 197
269 196
270 196
281 180
284 178
285 76
286 76
287 75
295 73
297 74
298 75
299 75
