152 260 162 92
152 279
152 287
153 279
153 281
153 285
153 286
154 278
154 282
154 283
154 284
155 278
156 278
157 278
158 278
159 278
160 278
161 278
162 278
163 278
164 278
165 278
166 278
167 278
168 278
169 278
169 285
170 278
170 290
170 291
171 278
171 292
172 278
172 296
172 297
173 277
173 278
173 280
173 281
173 298
174 277
174 281
175 276
175 282
176 276
176 282
177 276
177 282
178 276
178 282
179 276
179 282
180 276
180 283
181 275
181 283
182 275
182 283
183 275
183 283
184 275
184 283
185 274
185 283
186 274
186 283
187 273
187 282
188 273
188 282
189 272
189 282
190 272
190 281
191 271
191 272
191 281
192 270
192 281
193 270
193 274
193 280
194 269
194 274
194 280
195 268
195 274
195 280
196 273
196 279
197 272
197 279
198 272
198 278
199 272
199 278
200 277
201 276
202 275
202 276
203 275
204 274
205 274
206 255
206 256
206 273
207 272
207 273
208 272
209 251
209 271
210 249
210 259
210 260
210 261
210 262
210 271
211 261
211 270
212 246
212 269
212 332
212 333
212 334
212 335
212 336
212 337
212 338
212 339
212 340
213 244
213 268
213 269
213 329
213 330
213 331
213 341
213 342
213 343
213 344
213 345
213 346
213 347
213 348
214 242
214 267
214 268
214 327
215 240
215 242
215 267
215 323
216 238
216 266
216 321
216 322
216 334
216 335
216 336
216 337
216 338
216 343
216 344
217 234
217 235
217 236
217 237
217 265
217 266
217 319
217 320
217 330
217 332
217 333
217 339
217 340
217 341
217 346
217 347
217 348
218 265
219 264
220 263
220 324
221 263
221 321
222 262
222 314
223 261
223 262
223 313
224 261
224 312
225 260
225 311
225 319
226 259
226 260
226 310
226 317
226 318
227 258
227 259
227 316
228 258
228 315
229 257
229 309
229 310
230 256
230 257
230 308
231 256
231 309
232 255
232 300
232 301
232 302
232 308
233 254
233 255
233 297
233 298
233 299
233 303
233 304
233 305
233 306
233 307
233 308
234 253
234 254
234 296
234 303
234 304
235 252
235 253
235 294
235 295
235 303
236 252
236 294
236 303
237 251
237 292
237 293
238 250
238 251
238 291
238 292
239 250
240 249
241 248
242 247
247 272
247 273
247 282
247 283
248 281
249 280
250 268
251 267
251 268
251 276
251 309
252 308
252 309
253 265
253 271
253 307
253 308
254 307
255 263
255 268
255 269
255 306
256 268
256 305
257 267
257 268
257 304
257 305
258 267
258 304
259 257
259 261
259 266
259 303
260 265
260 302
261 264
261 301
262 300
262 301
263 263
263 299
263 300
263 346
263 347
264 298
264 299
264 344
264 345
265 263
265 298
265 343
265 344
266 262
266 298
267 261
267 262
267 297
268 296
268 297
269 295
269 296
270 295
271 294
271 328
272 293
272 294
273 293
274 292
275 244
275 292
275 314
275 315
275 322
275 323
276 291
276 313
276 314
276 321
277 291
277 313
277 320
278 290
278 313
278 319
278 320
279 290
279 312
279 313
279 319
280 289
280 290
280 312
280 318
281 289
281 311
281 317
281 318
282 310
282 311
282 317
283 309
283 310
283 316
284 308
284 309
284 315
284 316
285 308
286 307
286 308
286 314
287 307
287 313
288 306
288 307
288 312
289 306
289 312
290 305
290 311
291 286
291 287
291 304
291 305
291 310
292 287
292 288
292 289
292 304
293 289
293 290
293 303
294 291
294 292
294 303
294 309
295 292
295 302
295 307
295 308
296 293
296 302
296 307
297 293
297 302
297 306
298 293
298 301
298 306
298 307
299 292
299 293
299 301
299 307
300 300
301 300
302 299
303 299
303 304
303 305
304 299
304 304
305 298
305 299
305 304
306 298
306 303
307 298
307 303
308 298
308 303
309 297
309 303
310 297
310 302
311 296
311 297
311 302
312 293
312 294
312 295
312 301
313 301
314 301
315 300
316 300
317 300
318 300
319 299
320 299
321 299
322 299
323 298
324 298
325 297
326 297
327 297
328 297
329 297
330 297
331 296
332 296
333 296
334 295
335 295
