438 54 45 63
431 73
431 74
432 75
433 76
434 76
434 77
434 78
434 79
435 81
436 81
436 82
438 85
439 86
441 90
442 74
442 91
443 74
443 91
443 92
444 92
445 73
445 93
445 94
445 95
446 92
446 93
446 96
447 72
447 92
447 96
447 97
447 100
447 101
448 72
448 98
448 99
448 102
449 71
449 91
449 103
450 90
450 104
450 105
450 106
450 107
451 90
451 107
451 108
452 89
452 103
452 108
452 109
452 110
453 54
453 88
453 89
453 102
453 109
453 110
454 88
454 102
454 109
454 110
455 87
455 88
455 109
455 110
456 57
456 87
456 92
456 108
457 57
457 58
457 87
457 92
457 108
458 58
458 60
458 86
458 91
458 92
458 108
459 86
459 91
460 85
460 86
460 91
461 85
461 90
462 65
462 85
462 90
463 84
463 89
463 94
463 116
464 84
464 89
464 94
464 116
465 84
465 89
465 94
465 116
466 83
466 93
467 68
467 83
467 88
467 93
468 83
468 88
468 110
469 71
469 83
469 87
470 82
470 87
471 82
471 114
472 75
472 114
473 82
473 114
474 108
476 86
477 85
477 89
477 101
477 107
478 89
478 102
478 107
478 112
479 90
479 91
479 102
480 91
480 102
481 100
481 112
