150 165 127 109
148 183
153 183
153 197
154 183
154 184
154 195
154 196
155 184
155 185
155 194
155 200
156 185
156 186
156 192
156 193
156 199
156 200
156 201
156 202
156 203
156 207
156 208
156 209
156 223
156 224
156 225
157 187
157 188
157 189
157 190
157 191
157 204
157 205
157 206
157 210
157 223
158 211
158 215
158 216
158 217
158 218
158 219
158 222
158 228
159 212
159 214
159 220
159 222
160 190
160 191
160 222
161 191
161 192
161 230
162 193
162 194
162 226
162 227
162 229
163 228
164 226
164 227
165 226
168 212
168 217
168 218
168 220
169 202
172 191
172 192
172 193
176 201
176 202
176 203
176 204
176 205
176 206
176 207
177 193
177 194
177 195
177 196
178 191
178 192
181 205
182 205
185 205
186 205
187 206
189 206
190 206
192 207
193 207
194 207
195 208
196 268
197 207
197 266
197 267
198 265
198 266
199 264
199 265
200 263
200 264
201 262
201 263
202 261
202 262
203 168
203 229
203 260
203 261
204 175
204 258
204 259
205 232
205 257
205 258
206 225
206 229
206 255
206 256
206 257
207 225
207 254
207 255
208 225
208 226
208 252
208 253
209 225
209 251
209 252
210 172
210 224
210 249
210 250
210 251
210 257
210 258
211 223
211 248
211 249
211 257
211 260
212 163
212 176
212 222
212 246
212 247
213 222
213 244
213 245
214 161
214 169
214 242
214 243
215 159
215 160
215 161
215 167
215 240
215 241
215 242
216 165
216 166
216 181
216 238
216 239
217 183
217 204
217 205
217 206
217 207
217 208
217 234
217 235
217 236
217 237
218 183
218 193
218 194
218 203
218 206
219 155
219 184
219 185
219 191
219 192
219 195
219 196
219 221
219 222
219 223
219 224
220 153
220 154
220 185
220 189
220 197
220 198
220 199
220 200
220 201
220 202
220 234
221 151
221 152
221 232
222 186
222 187
222 230
223 187
223 228
224 187
224 224
224 225
225 223
225 233
225 234
225 235
226 188
226 230
226 231
226 232
227 189
227 218
228 189
228 238
232 191
232 210
232 211
232 235
233 191
233 209
233 210
234 191
234 208
234 209
234 236
235 191
235 207
235 208
236 191
236 206
236 207
236 235
237 186
237 187
237 191
237 205
237 206
238 186
238 187
238 191
238 204
238 205
239 185
239 186
239 191
239 204
240 185
240 191
240 203
241 184
241 185
241 191
241 202
241 203
242 183
242 190
242 202
243 165
243 181
243 190
243 201
243 202
244 191
244 201
245 179
245 192
245 201
246 169
246 177
246 192
246 193
246 200
247 174
247 175
247 176
247 192
247 200
247 272
247 273
248 151
248 172
248 186
248 187
248 192
248 201
249 187
249 188
249 191
249 192
249 202
250 187
250 191
250 198
250 202
250 268
251 164
251 171
251 191
251 197
251 202
251 267
251 268
252 165
252 166
252 190
252 197
252 201
252 234
253 190
253 197
253 201
253 234
253 265
253 271
254 171
254 190
254 197
254 201
254 233
255 171
255 172
255 190
255 197
255 201
255 233
255 263
255 268
255 269
256 172
256 190
256 197
256 201
256 232
256 233
257 189
257 196
257 201
257 232
257 237
257 267
258 174
258 189
258 201
258 231
258 232
258 236
258 237
259 175
259 176
259 177
259 178
259 189
259 196
259 201
259 231
259 236
259 257
259 261
260 189
260 195
260 201
260 230
260 231
260 235
261 179
261 189
261 195
261 200
261 230
261 234
261 235
262 189
262 194
262 195
262 200
262 229
262 230
262 233
262 234
263 180
263 181
263 188
263 194
263 199
263 229
264 181
264 193
264 198
264 229
265 182
265 183
265 193
265 198
265 229
266 183
266 188
266 198
266 229
267 184
267 188
267 197
267 228
268 184
268 185
268 188
268 197
268 198
268 227
268 228
269 185
269 188
269 196
269 227
270 185
270 186
270 188
270 196
270 226
270 227
271 188
271 195
271 225
271 226
272 185
272 189
272 224
272 225
273 184
273 185
273 189
273 190
273 223
273 224
274 184
274 191
274 222
274 223
275 183
275 184
275 192
275 222
275 244
276 183
276 192
276 221
276 222
277 182
277 183
277 191
277 221
278 182
278 191
278 220
279 181
279 182
279 190
279 218
279 219
279 220
280 181
280 189
281 180
282 179
282 180
282 213
283 179
283 212
283 213
284 178
