168 265 41 83
169 285
170 290
170 291
171 292
172 296
172 297
173 280
173 281
173 298
174 281
175 276
175 282
176 276
176 282
177 276
177 282
178 276
178 282
179 276
179 282
180 276
180 283
181 275
181 283
181 323
181 324
181 325
181 326
182 275
182 283
182 326
182 327
182 328
182 329
182 330
182 331
183 275
183 283
183 332
183 333
183 334
183 335
183 336
184 275
184 283
184 337
184 338
185 274
185 283
185 338
185 339
186 274
186 283
186 339
186 340
186 341
186 342
187 273
187 282
187 343
187 344
187 345
188 273
188 282
188 345
188 346
189 272
189 282
189 347
190 272
190 281
191 271
191 272
191 281
192 270
192 281
193 270
193 274
193 280
194 269
194 274
194 280
195 268
195 274
195 280
196 273
196 279
197 272
197 279
198 272
198 278
199 272
199 278
200 277
201 276
202 275
202 276
203 275
204 274
205 274
206 255
206 256
206 273
207 272
207 273
208 272
209 251
209 271
210 249
210 271
211 270
212 246
212 269
213 244
213 268
213 269
214 242
214 267
215 240
215 241
215 242
216 238
216 239
216 266
217 234
217 235
217 237
217 265
217 266
218 265
219 264
220 263
221 263
222 262
223 261
223 262
224 261
225 260
226 259
226 260
227 258
227 259
228 258
229 257
230 256
230 257
231 256
232 255
233 254
233 255
234 253
234 254
235 252
235 253
236 252
237 251
238 250
238 251
239 250
240 249
241 248
242 247
