203 135 81 61
202 174
203 169
203 175
203 176
203 177
204 169
204 170
204 175
205 170
206 174
207 174
208 168
208 174
209 170
209 171
209 172
209 174
210 174
211 174
211 175
212 163
213 177
214 161
214 177
214 178
215 159
215 161
215 179
215 180
216 180
217 182
218 183
218 184
219 155
219 162
219 185
220 153
220 154
220 186
221 151
221 152
221 186
223 148
224 146
224 147
225 144
225 145
225 151
225 188
226 144
226 152
229 190
230 190
231 190
233 138
234 137
235 136
236 135
236 154
237 154
237 155
238 155
238 156
238 186
239 157
239 158
240 159
240 160
240 161
241 161
241 162
241 163
242 146
242 164
242 183
242 184
243 146
243 165
243 166
243 181
243 182
244 122
244 123
244 124
244 125
244 126
244 127
244 128
244 129
244 130
244 131
244 132
244 133
244 134
244 135
244 146
244 147
244 148
244 166
244 167
244 168
244 179
244 180
245 118
245 119
245 120
245 121
245 136
245 137
245 138
245 139
245 140
245 141
245 142
245 143
245 144
245 145
245 168
245 178
245 179
246 115
246 116
246 117
246 169
246 176
246 177
247 113
247 114
247 170
247 171
247 174
247 175
247 176
248 110
248 111
248 112
248 151
248 152
248 172
248 173
249 107
249 108
249 109
249 172
250 105
250 106
250 107
250 135
250 136
250 137
250 138
250 139
250 140
250 172
251 103
251 104
251 164
252 101
252 102
252 165
252 166
252 171
253 100
253 101
253 171
254 99
254 171
255 97
255 98
255 171
255 172
256 96
256 97
256 172
257 94
257 95
257 173
258 93
258 94
258 174
259 91
259 92
259 175
259 176
259 177
260 90
260 91
260 195
261 89
261 90
261 179
261 180
261 195
262 88
262 89
262 180
262 194
263 88
263 180
263 181
264 86
264 87
264 181
264 182
264 188
264 193
265 182
265 183
265 193
266 183
267 184
268 184
268 185
273 189
277 191
281 180
282 179
282 180
283 179
284 178
