153 166 342 157
147 183
148 183
149 182
150 182
151 182
152 175
152 183
152 279
153 176
153 197
153 279
154 176
154 184
154 195
154 196
154 278
155 177
155 194
155 200
155 278
156 177
156 185
156 186
156 192
156 193
156 199
156 200
156 201
156 202
156 203
156 207
156 208
156 209
156 223
156 224
156 225
156 278
157 178
157 187
157 188
157 189
157 190
157 191
157 204
157 205
157 206
157 210
157 223
157 278
158 178
158 211
158 215
158 216
158 217
158 218
158 219
158 222
158 228
158 278
159 178
159 212
159 214
159 220
159 222
159 278
160 190
160 191
160 222
160 278
161 191
161 192
161 230
161 278
162 193
162 194
162 226
162 227
162 229
162 278
163 228
163 278
164 226
164 227
164 278
165 226
165 278
166 278
167 278
168 212
168 217
168 218
168 220
168 278
169 202
169 278
169 285
170 278
170 290
170 291
171 278
171 292
172 191
172 192
172 193
172 278
172 296
172 297
173 277
173 278
173 280
173 281
173 298
174 277
174 281
175 276
175 282
176 201
176 202
176 203
176 204
176 205
176 206
176 207
176 276
176 282
177 193
177 194
177 195
177 196
177 276
177 282
178 191
178 192
178 276
178 282
179 276
179 282
180 276
180 283
181 205
181 275
181 283
182 205
182 275
182 283
183 275
183 283
184 205
184 275
184 283
185 205
185 274
185 283
186 205
186 274
186 283
187 273
187 282
188 206
188 273
188 282
189 206
189 272
189 282
190 158
190 206
190 272
190 281
191 159
191 207
191 236
191 271
191 281
192 160
192 236
192 270
192 281
193 160
193 270
193 274
193 280
194 161
194 232
194 233
194 234
194 269
194 274
194 280
195 161
195 232
195 268
195 274
195 280
196 162
196 172
196 207
196 231
196 232
196 273
196 279
197 163
197 173
197 207
197 272
197 279
198 164
198 173
198 230
198 272
198 278
199 165
199 173
199 229
199 230
199 272
199 278
200 166
200 173
200 228
200 277
201 167
201 173
201 177
201 178
201 179
201 180
201 181
201 229
201 276
202 168
202 174
202 229
202 275
202 276
203 168
203 169
203 176
203 229
203 275
204 169
204 170
204 175
204 229
204 274
205 170
205 226
205 229
205 230
205 231
205 274
206 174
206 225
206 226
206 229
206 255
206 256
206 273
207 174
207 225
207 226
207 272
207 273
208 174
208 225
208 226
208 272
209 172
209 174
209 225
209 251
209 271
210 174
210 224
210 249
210 259
210 260
210 261
210 262
210 271
211 174
211 175
211 223
211 261
211 270
212 163
212 176
212 222
212 246
212 269
213 177
213 222
213 244
213 268
213 269
214 161
214 177
214 178
214 220
214 221
214 242
214 267
214 268
215 159
215 161
215 179
215 180
215 220
215 267
216 165
216 180
216 181
216 219
216 238
216 266
217 182
217 183
217 204
217 205
217 206
217 207
217 208
217 234
217 235
217 236
217 265
217 266
218 183
218 184
218 193
218 194
218 203
218 206
218 209
218 225
218 226
218 227
218 265
219 155
219 184
219 185
219 191
219 192
219 195
219 196
219 210
219 264
220 153
220 154
220 185
220 186
220 189
220 197
220 198
220 199
220 200
220 201
220 202
220 211
220 213
220 214
220 215
220 216
220 217
220 218
220 219
220 220
220 232
220 233
220 263
221 151
221 152
221 186
221 212
221 230
221 231
221 263
222 186
222 187
222 229
222 262
222 314
223 187
223 227
223 242
223 261
223 262
223 313
224 187
224 223
224 226
224 240
224 241
224 261
224 312
225 221
225 222
225 239
225 260
225 311
226 188
226 219
226 220
226 236
226 238
226 259
226 260
226 310
226 317
227 189
227 217
227 237
227 238
227 258
227 259
227 316
228 189
228 215
228 216
228 258
228 315
229 214
229 215
229 257
229 309
229 310
230 213
230 214
230 256
230 257
230 308
231 212
231 213
231 256
231 309
232 191
232 210
232 236
232 255
232 300
232 301
232 302
232 308
233 191
233 209
233 236
233 254
233 255
233 297
233 298
233 299
233 303
233 306
233 308
234 191
234 208
234 253
234 254
234 296
234 303
235 191
235 207
235 236
235 252
235 253
235 294
236 154
236 191
236 206
236 252
236 294
236 302
237 154
237 155
237 186
237 187
237 191
237 205
237 206
237 235
237 238
237 251
237 292
237 302
238 155
238 156
238 187
238 191
238 204
238 235
238 238
238 250
238 251
238 291
238 292
239 157
239 158
239 185
239 186
239 191
239 235
239 239
239 250
240 159
240 160
240 161
240 185
240 191
240 238
240 249
241 161
241 162
241 163
241 184
241 185
241 191
241 202
241 238
241 248
241 249
242 164
242 184
242 190
242 202
242 238
242 247
242 248
243 165
243 166
243 182
243 190
243 201
243 202
243 237
243 247
244 166
244 167
244 168
244 179
244 180
244 191
244 201
244 237
244 246
244 290
245 168
245 178
245 192
245 201
245 237
245 246
245 285
245 286
245 287
245 288
245 289
246 169
246 176
246 192
246 193
246 200
246 237
246 245
246 283
246 284
247 170
247 171
247 192
247 200
247 236
247 244
247 245
247 282
247 283
248 152
248 153
248 172
248 186
248 187
248 192
248 201
248 236
248 244
248 271
248 272
248 280
248 281
249 154
249 155
249 156
249 187
249 188
249 191
249 192
249 202
249 235
249 243
249 269
249 270
249 279
249 280
250 157
250 158
250 159
250 160
250 187
250 191
250 198
250 202
250 235
250 243
250 269
250 277
250 278
250 279
251 161
251 162
251 163
251 164
251 171
251 191
251 197
251 202
251 235
251 242
251 275
251 277
252 164
252 165
252 166
252 190
252 197
252 201
252 234
252 241
252 266
252 267
252 273
252 274
253 190
253 197
253 201
253 234
253 240
253 241
254 171
254 190
254 197
254 201
254 233
254 239
254 240
254 264
254 270
255 171
255 172
255 190
255 197
255 201
255 233
255 239
256 172
256 173
256 190
256 197
256 201
256 232
256 233
256 238
256 262
256 268
257 173
257 189
257 196
257 201
257 232
257 237
257 238
257 268
258 174
258 189
258 201
258 231
258 232
258 236
258 237
258 258
258 259
258 260
258 261
258 267
259 175
259 176
259 177
259 178
259 189
259 196
259 201
259 231
259 236
259 266
260 179
260 189
260 195
260 201
260 235
260 256
260 262
260 265
260 302
261 179
261 189
261 195
261 200
261 234
261 235
261 255
261 264
261 301
262 189
262 194
262 195
262 200
262 230
262 233
262 234
262 253
262 254
262 263
263 180
263 181
263 188
263 194
263 199
263 253
263 263
264 181
264 193
264 198
264 229
264 252
264 263
264 298
264 299
265 182
265 183
265 193
265 229
265 250
265 251
265 263
265 298
266 183
266 188
266 198
266 229
266 249
266 250
266 251
266 262
266 298
267 184
267 188
267 228
267 248
267 261
267 262
268 184
268 185
268 188
268 198
268 227
268 228
268 246
268 247
268 248
268 259
268 260
268 297
269 185
269 188
269 227
269 244
269 245
269 256
269 257
269 258
270 185
270 186
270 188
270 226
270 227
270 243
270 244
270 254
270 255
271 188
271 195
271 225
271 226
271 241
271 242
271 253
271 254
272 185
272 189
272 224
272 225
272 240
272 251
272 252
272 293
272 294
273 184
273 185
273 189
273 190
273 223
273 224
273 238
273 249
273 250
273 251
274 184
274 191
274 222
274 223
274 236
274 237
274 246
274 247
274 248
274 249
274 292
275 183
275 184
275 192
275 222
275 234
275 235
275 243
275 244
275 245
276 183
276 192
276 222
276 234
276 240
276 241
276 242
276 243
277 182
277 183
277 191
277 221
277 240
278 182
278 191
278 240
278 290
279 181
279 182
279 190
279 218
279 219
279 234
279 235
279 236
279 237
279 239
279 240
279 290
280 181
280 189
280 216
280 217
280 218
280 234
280 238
280 239
280 290
281 189
281 214
281 215
281 234
281 289
282 179
282 180
282 189
282 214
282 228
282 234
283 179
283 188
283 189
283 225
283 226
283 228
284 176
284 187
284 211
284 212
284 225
284 226
284 227
284 232
284 233
285 176
285 186
285 187
285 210
285 211
285 231
285 232
286 186
286 206
286 207
286 208
286 209
286 230
287 176
287 205
287 219
287 220
287 221
287 222
287 223
287 229
288 173
288 174
288 175
288 202
288 219
288 222
288 229
289 172
289 173
289 201
289 218
289 219
289 228
290 171
290 199
290 218
291 170
291 217
291 218
291 227
292 169
292 195
292 196
293 168
293 169
293 193
294 167
294 168
294 192
294 226
295 166
295 167
296 165
296 166
296 186
297 165
298 164
298 165
298 174
298 175
298 181
298 182
298 204
298 206
299 163
299 164
299 173
299 174
299 179
299 180
299 181
299 198
299 199
299 202
299 203
299 205
300 160
300 161
300 162
300 163
300 172
300 173
300 178
300 197
300 198
300 199
300 200
300 201
300 217
300 221
300 222
301 159
301 172
301 197
301 200
301 218
301 220
302 171
302 201
302 217
303 170
303 171
304 170
304 194
304 215
304 216
304 220
305 170
305 194
305 214
305 215
305 219
306 169
306 194
306 205
306 206
306 213
307 168
307 169
307 194
307 205
307 206
307 213
308 168
308 193
308 194
309 167
309 192
309 193
309 205
309 215
310 167
310 190
310 191
310 204
310 214
310 215
311 166
311 188
311 189
311 204
311 213
311 214
312 166
312 187
312 188
312 205
312 208
312 209
312 210
312 211
312 212
313 165
313 186
313 187
314 164
314 183
314 184
314 185
314 208
315 163
315 182
315 183
315 203
315 207
315 208
316 162
316 163
316 180
316 181
316 182
316 204
316 205
316 206
316 207
317 161
317 162
317 179
317 180
317 205
317 206
318 160
318 161
318 167
319 159
319 167
319 179
320 158
320 159
320 167
320 172
320 173
320 178
320 179
321 158
321 174
321 175
321 176
321 177
321 178
322 156
322 157
323 155
323 156
323 173
324 153
324 169
324 172
324 173
325 170
325 171
325 172
326 169
326 170
327 169
328 168
328 288
329 167
329 168
329 287
329 288
330 167
330 219
330 286
330 287
331 167
331 219
332 166
332 217
332 218
332 284
332 285
332 286
333 165
333 166
333 217
333 286
333 287
334 164
334 217
335 162
335 163
335 216
336 160
336 161
336 215
337 157
337 158
337 159
337 160
338 157
339 212
340 152
340 154
341 152
341 204
342 148
342 150
342 201
342 203
343 148
343 199
343 200
344 144
344 145
344 146
344 198
344 199
345 139
345 140
345 141
345 142
345 143
345 144
345 197
345 207
346 196
346 197
347 195
347 196
347 204
347 205
348 194
348 195
348 202
348 203
349 193
349 194
349 200
349 201
350 192
350 193
350 200
351 192
351 199
351 200
353 191
354 190
355 190
357 190
358 191
361 195
362 194
363 193
364 192
365 192
366 194
367 193
368 191
368 192
368 194
369 191
369 259
370 259
371 260
372 257
372 260
373 232
373 240
373 241
373 256
373 260
374 231
374 232
374 257
375 232
375 233
375 244
375 257
376 233
376 234
376 250
376 258
377 251
377 263
378 252
378 256
378 258
378 263
379 252
379 256
379 259
379 263
379 264
380 255
380 256
380 260
380 261
381 256
424 268
425 267
425 268
426 267
427 266
428 266
429 265
430 264
431 264
432 263
433 258
433 263
434 258
434 259
434 262
435 258
435 259
435 262
436 258
436 259
436 262
437 258
438 258
438 262
438 284
438 285
439 257
439 262
439 286
439 287
439 288
439 289
440 257
440 261
440 279
440 280
440 281
441 258
441 261
441 279
442 258
442 277
442 278
443 275
443 276
443 277
444 257
445 257
445 272
445 273
446 257
446 269
446 270
446 271
447 257
447 268
448 257
449 257
449 260
449 263
449 264
449 265
449 266
450 257
450 260
450 261
450 262
450 263
451 257
451 261
452 256
452 257
452 267
452 268
453 255
453 256
453 265
453 266
453 267
454 254
454 255
454 261
454 265
455 253
455 254
455 261
455 265
456 252
456 260
457 243
457 244
457 245
457 246
457 247
457 248
457 251
457 259
458 241
458 250
459 231
459 232
459 233
459 234
459 238
459 240
459 249
460 235
460 238
461 247
462 228
462 229
462 246
462 247
463 226
463 228
463 229
463 246
464 229
464 245
465 209
465 229
465 244
466 207
466 208
466 243
467 242
468 207
468 229
469 207
469 224
469 229
469 242
470 208
470 224
470 229
470 233
470 241
470 242
471 170
471 171
471 172
471 224
471 229
471 233
471 241
472 223
472 224
472 228
472 233
473 173
473 204
473 223
473 227
473 228
473 233
474 204
474 223
474 228
474 233
475 204
475 223
475 232
475 238
476 172
476 203
476 209
476 222
476 227
476 232
476 235
476 237
477 172
477 203
477 209
477 212
477 227
477 232
478 172
478 203
478 208
478 212
478 227
478 232
479 171
479 202
479 208
479 212
479 226
479 231
480 171
480 202
480 207
480 211
480 221
480 226
480 231
481 202
481 207
481 211
481 221
481 226
481 231
482 202
482 207
482 221
482 226
482 231
483 170
483 201
483 221
483 226
483 230
483 231
484 169
484 201
484 221
484 226
484 230
485 201
485 221
485 225
485 230
486 200
486 209
486 221
486 229
487 201
487 209
487 221
487 228
487 229
488 201
488 202
488 222
488 228
489 143
489 148
489 149
489 163
489 164
489 165
489 200
489 201
489 208
489 222
490 149
490 150
490 162
490 173
490 200
490 220
491 161
491 171
491 172
491 176
491 177
491 205
