13 150 40 105
18 250
18 251
19 241
19 242
19 243
19 246
19 247
19 248
19 249
19 250
19 251
20 170
20 235
20 236
20 237
20 238
20 239
20 240
20 244
20 245
20 249
20 250
20 252
21 167
21 168
21 169
21 233
21 234
22 165
22 166
23 163
23 164
24 162
24 223
25 161
26 160
27 158
27 159
28 152
28 153
28 154
28 155
28 156
28 157
28 158
29 151
30 150
31 149
31 150
32 148
32 149
33 147
33 148
33 226
34 226
35 145
35 226
36 226
37 227
38 228
39 228
40 229
41 229
41 230
42 230
42 231
42 247
42 248
42 249
43 232
43 246
43 247
44 216
44 246
45 218
45 219
45 220
45 221
45 246
46 207
46 208
46 222
46 223
47 208
47 209
47 210
47 223
47 224
47 225
47 226
47 227
47 228
47 236
48 203
48 205
48 211
48 212
48 213
48 214
48 215
48 216
48 228
48 229
48 239
48 240
48 241
48 242
49 200
49 201
49 202
49 231
49 232
50 196
50 197
50 199
50 233
50 248
51 189
51 190
51 191
51 192
51 193
51 194
52 187
52 241
52 242
52 245
53 185
53 186
54 185
55 184
56 183
57 181
57 182
63 176
