159 140 73 138
155 200
156 199
156 200
156 201
156 202
156 203
156 207
156 208
156 209
157 204
157 205
157 206
157 210
158 211
159 212
160 190
160 191
161 191
161 192
162 193
162 194
168 212
168 217
168 218
168 220
169 202
172 191
172 192
172 193
172 220
176 201
176 202
176 203
176 204
176 205
176 206
176 207
177 193
177 194
177 195
177 196
178 191
178 192
181 205
182 205
184 205
185 205
186 205
189 206
190 206
192 207
192 271
193 207
194 207
195 208
196 267
196 268
197 207
197 266
197 267
198 265
198 266
199 264
199 265
200 263
200 264
201 262
201 263
202 261
202 262
203 168
203 229
203 260
203 261
204 175
204 258
204 259
205 232
205 257
205 258
206 255
206 256
206 257
207 254
207 255
208 252
208 253
209 251
209 252
210 172
210 249
210 250
210 251
210 257
210 258
211 248
211 249
211 257
211 260
212 163
212 176
212 247
213 170
213 245
214 161
214 169
214 243
215 159
215 160
215 161
215 167
215 168
215 240
215 241
215 242
216 159
216 165
216 166
216 181
216 239
217 157
217 158
217 183
217 237
218 156
219 155
219 162
219 163
219 184
219 221
219 222
219 223
219 224
220 153
220 154
220 160
220 161
220 189
220 234
221 151
221 159
221 160
221 232
222 150
222 158
222 230
223 149
223 157
223 228
224 146
224 147
224 155
224 156
224 224
224 225
225 144
225 145
225 151
225 153
225 154
225 223
225 233
225 234
225 235
226 144
226 230
226 231
226 232
227 218
228 238
232 138
232 211
233 138
233 139
233 210
234 137
234 138
234 209
235 138
235 208
236 207
238 205
239 204
240 203
241 202
241 203
242 202
243 201
243 202
244 201
245 201
246 200
247 200
248 201
