165 71 142 124
152 151
153 151
154 151
155 151
156 151
157 152
158 152
159 152
160 152
161 152
162 152
163 152
164 152
165 153
166 153
167 149
167 153
168 131
168 149
168 153
169 131
169 148
169 153
170 132
170 148
170 154
170 169
171 132
171 148
171 154
171 168
172 133
172 148
172 149
172 154
172 168
172 169
173 133
173 149
173 154
173 169
173 170
174 133
174 134
174 150
174 154
174 170
174 171
175 134
175 149
175 154
176 134
176 154
177 134
177 154
178 134
178 154
178 155
179 155
180 155
181 155
182 155
183 156
184 156
185 156
186 157
187 157
188 157
189 158
190 158
191 159
192 159
192 160
193 160
194 161
195 161
195 162
196 162
196 163
196 172
197 163
197 164
197 172
197 173
198 164
198 173
199 165
199 173
200 166
200 173
201 167
201 173
201 177
201 178
201 179
201 180
201 181
202 168
202 174
202 177
203 169
203 175
203 176
203 177
204 169
204 170
204 175
205 170
206 174
207 174
208 168
208 174
209 167
209 168
209 169
209 170
209 171
209 172
209 174
210 166
210 167
210 174
211 164
211 165
211 166
211 174
211 175
212 163
212 164
213 163
213 170
213 177
214 161
214 162
214 163
214 177
214 178
215 159
215 161
215 168
215 179
215 180
216 158
216 159
216 180
217 157
217 158
217 182
218 156
218 183
218 184
219 155
219 162
219 185
220 153
220 154
220 160
220 161
220 186
221 151
221 152
221 159
221 160
221 186
222 150
223 148
223 149
223 157
224 146
224 147
224 156
225 144
225 145
225 154
225 188
226 143
226 144
226 152
227 143
228 142
229 142
229 190
230 142
230 190
231 142
231 190
232 138
232 140
232 142
233 138
233 139
233 143
234 137
234 138
234 143
235 138
235 143
236 136
236 144
236 154
237 135
237 144
237 154
237 155
238 144
238 155
238 156
238 186
239 145
239 157
239 158
240 145
240 159
240 160
240 161
241 146
241 161
241 162
241 163
242 146
242 164
242 183
242 184
243 146
243 147
243 166
243 181
243 182
244 123
244 124
244 125
244 126
244 127
244 128
244 129
244 130
244 131
244 132
244 133
244 134
244 135
244 147
244 148
244 149
244 166
244 167
244 168
244 179
244 180
245 118
245 119
245 120
245 121
245 136
245 137
245 138
245 139
245 140
245 141
245 142
245 143
245 144
245 145
245 168
245 178
245 179
246 115
246 116
246 117
246 176
246 177
247 113
247 114
247 170
247 171
247 174
247 175
247 176
248 110
248 111
248 112
248 151
248 173
249 107
249 108
249 109
249 172
250 105
250 106
250 107
250 135
250 136
250 137
250 138
250 139
250 140
250 172
251 103
251 104
251 131
251 163
251 164
252 101
252 102
252 132
252 165
252 166
252 171
253 100
253 101
253 132
253 171
254 99
254 133
254 171
255 97
255 98
255 133
255 171
255 172
256 96
256 97
256 133
256 172
257 94
257 95
257 133
257 173
258 93
258 94
258 133
258 174
259 91
259 92
259 133
259 175
259 176
259 177
260 90
260 91
260 132
261 89
261 90
261 132
261 179
261 180
262 88
262 89
262 132
262 180
263 87
263 88
263 133
263 180
263 181
264 86
264 87
264 133
264 181
264 182
264 188
265 85
265 86
265 133
265 182
265 183
266 85
266 134
266 183
267 84
267 134
267 184
268 134
268 184
268 185
269 135
270 135
271 135
272 135
273 135
273 189
274 135
275 135
276 135
277 135
277 191
278 89
278 92
278 135
279 91
279 92
279 135
280 92
280 136
281 88
281 136
281 180
282 136
283 135
284 135
284 178
285 76
285 91
285 135
286 76
286 92
286 93
286 94
286 95
286 101
286 135
286 176
286 185
287 75
287 96
287 102
287 103
287 135
287 175
287 184
288 97
288 104
288 136
288 183
289 97
289 105
289 136
289 182
290 97
290 136
290 181
290 182
291 136
291 180
291 181
292 136
292 179
292 180
293 136
293 178
293 179
294 136
294 168
294 177
294 178
295 73
295 136
295 167
295 177
296 103
296 136
296 176
297 74
297 102
297 136
297 165
297 175
298 75
298 101
298 102
298 137
298 181
299 75
299 101
299 137
299 179
299 180
299 181
300 76
300 100
300 138
301 99
301 138
301 139
302 88
302 89
302 90
302 91
302 92
302 139
302 140
303 141
303 142
303 194
303 195
304 142
304 143
307 76
308 75
308 76
309 74
309 75
310 73
310 74
311 72
311 73
312 71
312 72
313 70
313 71
314 70
315 69
316 67
316 68
317 66
317 67
324 154
