195 130 221 95
152 151
153 151
154 151
155 151
156 151
157 152
158 152
159 152
160 152
161 152
162 152
163 152
164 152
165 153
166 153
167 153
168 153
169 153
170 154
171 154
172 154
173 154
174 154
175 154
176 154
177 154
178 154
178 155
179 155
180 155
181 155
181 205
182 155
182 205
183 156
184 156
184 205
185 156
185 205
186 157
186 205
187 157
188 157
188 206
189 158
189 206
190 158
190 206
191 159
191 207
192 159
192 160
193 160
194 161
195 161
195 162
196 162
196 163
196 172
196 207
197 163
197 164
197 172
197 173
197 207
198 164
198 173
199 165
199 173
200 166
200 173
201 167
201 173
201 177
201 178
201 179
201 180
201 181
202 168
202 174
202 177
203 169
203 175
203 176
203 177
204 169
204 170
204 175
205 170
206 174
207 174
208 168
208 174
209 170
209 171
209 172
209 174
210 174
211 174
211 175
212 163
213 177
214 161
214 177
214 178
215 159
215 161
215 179
215 180
216 180
217 182
217 204
217 205
217 206
217 207
217 208
218 183
218 184
218 193
218 194
218 203
218 206
218 209
219 155
219 162
219 185
219 191
219 192
219 195
219 196
219 210
220 153
220 154
220 186
220 190
220 197
220 198
220 199
220 200
220 201
220 202
220 211
220 213
220 214
220 215
220 216
220 217
220 218
220 219
221 151
221 152
221 186
221 212
223 148
224 146
224 147
225 144
225 145
225 188
226 144
226 152
229 190
229 214
229 215
230 190
230 213
230 214
231 190
231 212
231 213
232 191
232 210
232 211
233 138
233 191
233 209
233 210
234 137
234 191
234 208
234 209
235 136
235 191
235 207
235 208
236 135
236 154
236 191
236 206
236 207
237 144
237 154
237 155
237 186
237 187
237 205
237 206
238 144
238 155
238 156
238 187
238 204
238 205
239 157
239 158
239 185
239 186
239 191
240 159
240 160
240 161
240 185
240 191
241 146
241 161
241 162
241 163
241 184
241 202
242 146
242 164
242 184
242 190
242 202
243 166
243 182
243 190
243 201
243 202
244 122
244 146
244 166
244 167
244 168
244 179
244 180
244 191
244 201
245 168
245 178
245 192
245 201
246 176
246 192
246 193
246 200
247 170
247 171
247 192
247 200
248 152
248 153
248 173
248 186
248 187
248 192
249 154
249 155
249 156
249 172
249 187
249 188
249 191
249 192
250 157
250 158
250 159
250 160
250 172
250 187
250 191
251 161
251 162
251 163
251 171
251 191
252 101
252 102
252 164
252 171
252 190
253 100
253 101
253 171
253 190
254 99
254 190
255 97
255 98
255 190
255 197
256 96
256 97
256 173
256 190
256 197
257 173
257 189
257 196
258 93
258 94
258 189
259 91
259 92
259 178
259 189
259 196
260 90
260 91
260 179
260 189
261 89
261 90
261 180
261 189
262 88
262 89
262 180
262 189
263 88
263 188
263 194
264 86
264 87
264 182
264 188
265 198
266 188
267 188
267 197
268 188
268 197
269 185
269 188
269 196
270 185
270 186
270 188
270 196
271 188
272 185
272 189
273 184
273 185
273 190
274 184
275 183
275 184
276 183
276 221
277 182
277 183
278 182
278 220
279 181
279 182
279 220
280 181
280 216
280 217
280 218
281 214
281 215
282 179
282 180
282 213
282 214
283 179
284 176
284 211
284 212
285 176
285 210
285 211
286 185
286 206
286 207
286 208
286 209
287 176
287 205
287 219
287 220
287 221
287 222
287 223
288 136
288 173
288 174
288 175
288 202
288 219
289 172
289 173
289 200
289 201
289 218
289 219
290 171
290 199
290 218
291 170
291 217
291 218
292 169
292 195
292 196
293 168
293 169
293 193
294 167
294 192
295 166
296 165
296 166
296 186
298 137
298 164
298 165
298 174
298 175
298 182
298 204
298 206
299 137
299 163
299 164
299 173
299 174
299 198
299 199
299 202
299 203
299 205
300 138
300 160
300 161
300 162
300 163
300 172
300 173
300 178
300 197
300 198
300 199
300 200
300 201
301 138
301 139
301 153
301 154
301 155
301 156
301 157
301 158
301 159
301 172
301 196
301 197
301 200
302 139
302 140
302 152
302 153
302 171
302 201
303 141
303 142
303 151
303 170
303 171
303 194
303 195
304 142
304 143
304 144
304 145
304 146
304 147
304 148
304 149
304 150
304 170
304 194
304 220
305 170
305 194
305 220
306 169
306 194
306 205
306 206
306 214
307 168
307 169
307 194
307 206
308 168
308 193
308 194
308 205
308 223
309 167
309 192
309 193
309 215
309 222
310 167
310 190
310 191
310 214
310 215
310 221
310 222
311 166
311 188
311 189
311 213
311 214
311 220
311 221
312 166
312 206
312 208
312 209
312 210
312 211
312 212
312 221
313 165
313 221
314 164
314 165
314 183
314 184
314 185
314 208
314 220
315 164
315 183
315 203
315 207
315 208
315 220
316 180
316 181
316 204
316 205
316 206
316 207
316 220
317 180
317 206
317 220
318 220
319 179
319 220
320 172
320 173
320 178
320 220
320 221
321 174
321 176
321 178
321 221
322 221
323 173
324 154
324 163
324 173
325 153
325 163
325 170
325 172
326 152
326 153
326 163
326 169
326 170
327 151
327 152
327 169
327 221
328 150
328 168
328 221
329 149
329 154
329 167
329 168
329 220
330 149
330 154
330 161
331 148
331 154
331 160
332 155
332 159
333 165
334 164
335 162
335 163
335 216
336 160
336 161
336 162
337 143
337 157
337 159
337 160
338 142
338 156
338 157
339 141
339 154
339 155
339 212
340 152
340 153
340 154
341 138
341 150
341 151
341 152
341 204
342 137
342 148
342 149
342 150
342 201
342 203
343 135
343 136
343 137
343 138
343 147
343 148
343 199
343 200
344 146
344 198
344 199
345 139
345 140
345 142
345 143
345 197
345 207
346 196
346 197
347 195
347 196
347 204
347 205
348 194
348 203
349 129
349 193
349 194
349 200
349 201
350 130
350 192
350 193
351 192
352 191
353 191
354 190
355 190
356 190
357 190
358 191
360 196
361 195
361 196
362 194
363 193
364 192
365 192
366 194
367 193
367 194
368 191
368 192
368 193
368 194
369 191
