16 172 37 105
19 173
19 174
19 175
19 176
19 177
19 186
19 187
20 170
20 171
20 172
20 177
20 178
20 183
20 184
20 185
21 167
21 168
21 169
21 178
21 181
21 182
22 165
22 166
22 179
22 180
23 163
23 164
24 162
24 223
24 250
25 161
25 251
26 160
27 158
27 159
28 153
28 154
28 155
28 156
28 157
28 158
33 226
34 226
35 226
36 226
37 227
42 247
42 248
42 249
43 246
43 247
44 216
45 218
45 219
45 220
45 221
46 190
46 191
46 192
46 193
46 207
46 208
46 222
46 223
47 208
47 209
47 210
47 223
47 224
47 225
47 226
47 227
47 228
48 203
48 205
48 211
48 212
48 213
48 214
48 215
48 216
48 228
48 229
48 248
48 249
49 200
49 201
49 202
49 231
49 232
49 249
49 250
50 196
50 197
50 199
50 233
50 248
50 250
51 189
51 190
51 191
51 192
51 193
51 194
52 187
52 241
52 242
52 245
53 185
53 186
54 185
55 184
56 183
57 181
57 182
63 176
