200 83 215 114
152 151
153 151
154 151
155 151
156 151
157 152
158 152
159 152
160 152
161 152
162 152
163 152
164 152
165 153
166 153
167 153
168 153
169 153
170 154
171 154
172 154
173 154
174 154
175 154
176 154
177 154
178 154
178 155
179 155
180 155
181 155
182 155
183 156
184 156
185 156
186 157
187 157
188 157
189 158
190 158
191 159
192 159
192 160
193 160
194 161
195 161
196 162
196 172
197 163
197 172
197 173
198 164
198 173
199 165
199 173
200 166
200 173
201 167
201 173
201 177
201 178
201 179
201 180
201 181
202 168
202 174
202 177
203 169
203 175
203 176
203 177
204 169
204 170
204 175
205 170
206 174
207 174
208 168
208 174
209 170
209 171
209 172
209 174
210 174
211 174
211 175
212 163
213 177
214 161
214 177
214 178
215 159
215 161
215 179
215 180
216 180
217 182
218 183
218 184
219 155
219 162
219 185
220 153
220 154
220 186
221 151
221 152
221 186
223 148
224 146
224 147
225 144
225 145
225 188
226 143
226 144
226 152
227 143
228 142
229 142
229 190
230 142
230 190
231 142
231 190
232 140
232 142
233 138
233 143
234 137
234 143
235 136
235 143
236 135
236 144
236 154
237 144
237 154
237 155
238 144
238 155
238 156
238 186
239 145
239 157
239 158
240 145
240 159
240 160
240 161
241 146
241 161
241 162
241 163
242 164
242 184
243 147
243 166
243 181
243 182
244 122
244 146
244 166
244 167
244 168
244 179
244 180
245 168
245 178
245 179
246 176
246 177
247 170
247 171
247 174
247 175
247 176
248 152
248 153
248 173
249 154
249 155
249 156
249 172
250 157
250 158
250 159
250 160
250 172
251 161
251 162
251 163
252 101
252 102
252 164
252 171
253 100
253 101
253 132
253 171
254 99
254 133
255 97
255 98
255 133
256 96
256 97
256 133
256 173
257 133
257 173
258 93
258 94
258 133
259 91
259 92
259 133
260 90
260 91
260 132
260 179
261 89
261 90
261 132
261 180
262 88
262 89
262 132
262 180
263 87
263 88
263 133
264 86
264 87
264 133
264 182
264 188
265 85
265 86
265 133
266 85
266 134
267 84
267 134
268 134
269 135
270 135
271 135
272 135
273 135
274 135
275 135
276 135
277 135
277 182
278 90
278 135
279 135
279 181
280 136
280 181
281 136
281 180
282 136
283 135
284 135
284 178
285 76
285 135
286 76
286 135
286 176
286 185
287 75
287 135
287 175
287 176
287 184
288 96
288 104
288 136
288 173
288 174
288 175
288 183
289 105
289 136
289 172
289 173
289 182
290 97
290 136
290 171
290 181
290 182
291 136
291 170
291 180
291 181
292 136
292 169
292 179
292 180
293 136
293 168
293 169
293 178
293 179
294 136
294 167
294 177
294 178
295 73
295 136
295 166
295 177
296 136
296 165
296 166
296 176
297 74
297 136
297 165
297 175
298 75
298 101
298 137
298 164
298 165
298 181
299 75
299 137
299 163
299 164
299 179
299 180
299 181
300 100
300 138
300 160
300 161
300 162
300 163
300 178
301 98
301 99
301 153
301 154
301 155
301 156
301 157
301 158
301 159
302 88
302 89
302 90
302 91
302 92
302 93
302 94
302 95
302 96
302 97
302 98
302 152
302 153
303 151
303 194
303 195
304 144
304 145
304 146
304 147
304 148
304 149
304 150
304 194
305 194
306 194
307 194
308 193
308 194
309 192
309 193
310 190
310 191
311 188
311 189
312 187
312 188
313 186
313 187
314 183
314 184
314 185
315 163
315 183
316 162
316 163
317 179
318 167
320 179
321 175
321 177
324 154
325 153
326 152
326 153
327 151
327 152
329 149
329 154
330 149
331 148
331 154
331 160
332 155
332 159
336 162
337 143
338 142
338 156
339 141
339 154
339 155
340 153
341 138
341 150
341 151
342 137
342 149
343 89
343 135
343 136
343 137
343 138
343 147
345 84
345 125
345 139
345 140
345 142
345 143
346 112
347 127
348 194
349 129
349 193
350 130
351 115
352 92
352 106
352 125
353 91
353 107
353 123
353 124
353 125
354 108
355 109
355 120
355 121
356 120
357 99
357 119
358 99
358 118
358 119
359 98
359 117
359 118
360 97
360 115
360 116
360 196
361 96
361 97
361 114
361 196
362 95
362 96
362 113
362 114
363 95
363 112
363 113
364 94
364 112
365 93
365 94
365 110
365 111
366 93
366 110
367 92
367 93
367 108
367 109
367 194
368 92
368 108
368 193
369 91
369 107
370 90
370 107
371 90
371 105
371 106
372 90
372 105
373 90
373 104
374 91
374 92
374 104
375 92
