23 127 186 71
38 142
38 143
39 142
40 141
41 141
42 140
43 140
44 141
45 140
46 140
46 190
46 191
46 192
46 193
47 140
48 140
49 140
50 139
51 138
51 188
52 138
52 187
53 137
53 185
54 137
54 150
54 151
54 185
55 137
55 151
56 151
56 158
56 183
57 150
57 159
57 160
57 169
57 176
57 177
58 143
58 144
58 145
58 146
58 147
58 148
58 149
58 150
58 151
58 160
58 161
58 168
58 169
58 174
58 175
58 179
58 180
58 181
59 142
59 156
59 161
59 173
59 179
60 155
60 156
60 172
60 178
61 154
61 162
61 177
62 163
62 164
62 165
62 166
62 169
62 170
62 171
62 175
62 176
63 160
63 161
63 167
63 168
63 174
63 175
64 156
64 157
64 158
64 160
65 155
65 156
68 152
69 151
69 152
70 151
71 150
72 150
73 149
73 150
74 149
75 148
76 148
77 148
78 147
79 147
81 139
82 128
82 140
83 129
83 130
83 141
84 131
84 132
85 132
86 132
87 133
87 134
89 135
102 196
103 197
103 198
110 177
113 182
114 157
114 167
114 168
114 169
114 170
114 171
114 172
114 173
114 176
114 177
115 155
115 156
115 157
115 175
115 176
120 172
120 173
120 175
121 178
121 187
123 183
123 188
124 183
126 183
126 189
127 161
127 173
127 183
128 183
128 189
129 162
129 164
129 165
129 183
129 189
130 183
130 189
131 161
131 162
131 163
131 182
132 160
132 161
132 182
133 159
133 160
133 182
134 159
134 182
134 187
135 181
135 182
136 181
137 181
138 180
139 180
140 180
140 186
141 185
142 181
143 151
143 180
143 185
144 151
144 152
144 180
144 185
145 152
145 179
145 184
146 152
146 177
146 178
146 184
147 152
147 177
147 183
148 151
148 176
149 151
149 176
149 182
150 151
150 175
150 182
151 151
151 175
151 182
152 151
152 175
152 183
153 151
153 176
153 183
154 151
154 176
154 183
154 184
155 151
155 177
155 184
155 185
156 151
156 177
157 152
157 178
158 152
158 178
159 152
159 178
160 152
160 178
161 152
161 177
162 152
162 177
163 152
163 175
163 176
163 193
164 152
164 173
164 174
164 175
165 153
165 172
165 173
166 153
166 171
167 149
167 153
167 170
168 149
168 153
168 170
169 148
169 153
169 169
170 148
170 154
170 169
171 148
171 154
171 168
172 148
172 149
172 154
172 168
172 169
173 149
173 154
173 169
173 170
174 150
174 154
174 170
174 171
175 149
175 154
175 172
176 154
177 154
178 154
178 155
178 190
179 155
180 155
181 155
182 155
183 156
184 156
185 156
186 157
187 157
188 157
189 158
192 159
197 172
202 177
203 168
203 175
203 177
208 168
209 167
209 168
209 169
209 170
210 166
210 167
211 164
211 165
211 166
212 164
213 163
214 162
214 163
215 160
216 158
216 159
217 157
217 158
218 156
