92 144 72 47
113 182
120 171
120 173
120 175
121 165
121 166
121 167
121 168
121 169
121 170
121 178
121 187
123 183
123 188
124 163
124 174
124 183
125 161
125 162
125 163
125 174
126 161
126 162
126 174
126 175
126 183
126 189
127 161
127 162
127 173
128 162
128 170
128 171
128 189
129 162
129 164
129 165
129 183
129 189
130 189
131 161
131 162
131 163
131 182
133 182
134 182
134 187
135 181
135 182
136 181
137 181
138 180
139 180
140 180
140 186
141 185
142 181
143 180
143 185
144 180
144 185
145 179
145 184
146 177
146 178
146 184
147 177
147 183
148 176
149 176
149 182
150 175
150 182
151 175
151 182
152 175
152 183
153 176
153 183
154 176
154 184
155 177
156 177
157 178
158 178
159 178
160 178
161 177
162 177
163 175
163 176
164 173
164 174
164 175
165 172
165 173
166 171
167 170
168 170
169 169
