243 201 80 117
244 290
245 285
245 286
245 287
245 288
245 289
246 283
246 284
247 282
247 283
248 271
248 272
248 280
248 281
249 202
249 269
249 270
249 279
249 280
250 202
250 269
250 277
250 278
250 279
251 202
251 275
251 277
252 201
252 266
252 267
252 273
252 274
253 201
254 201
254 264
254 270
255 201
256 201
256 233
256 262
256 268
257 201
257 232
257 268
258 201
258 231
258 232
258 258
258 259
258 260
258 261
258 267
259 201
259 231
259 266
260 201
260 230
260 256
260 262
260 265
260 302
261 200
261 255
261 264
261 301
262 200
262 230
262 253
262 254
262 263
263 199
263 253
263 263
264 198
264 229
264 252
264 263
264 298
264 299
265 229
265 250
265 251
265 263
265 298
266 229
266 249
266 250
266 251
266 262
266 298
267 228
267 248
267 261
267 262
268 227
268 228
268 246
268 247
268 248
268 259
268 260
268 297
269 227
269 244
269 245
269 256
269 257
269 258
270 226
270 227
270 243
270 244
270 254
270 255
271 225
271 226
271 241
271 242
271 253
271 254
272 224
272 225
272 240
272 251
272 252
272 293
272 294
273 223
273 224
273 238
273 249
273 250
273 251
274 222
274 223
274 236
274 237
274 246
274 247
274 248
274 249
274 292
275 222
275 234
275 235
275 243
275 244
275 245
275 315
276 222
276 234
276 240
276 241
276 242
276 243
276 313
277 221
277 240
277 313
278 240
278 290
278 313
279 218
279 219
279 234
279 235
279 236
279 237
279 239
279 240
279 290
279 312
280 216
280 217
280 218
280 234
280 238
280 239
280 290
281 214
281 215
281 234
281 289
282 214
282 228
282 234
283 212
283 213
283 225
283 226
283 228
283 233
284 211
284 212
284 225
284 226
284 227
284 232
284 233
285 210
285 211
285 231
285 232
286 206
286 207
286 208
286 209
286 230
287 204
287 205
287 219
287 220
287 221
287 222
287 223
287 229
288 202
288 203
288 219
288 222
288 229
289 201
289 202
289 218
289 219
289 228
290 199
290 200
290 218
291 197
291 198
291 217
291 218
291 227
291 286
291 287
292 195
292 196
293 193
293 194
293 289
294 191
294 192
294 226
295 188
295 189
295 190
296 186
296 187
297 184
297 185
298 182
298 183
298 204
298 206
299 198
299 199
299 202
299 203
299 205
299 223
300 197
300 198
300 199
300 200
300 201
300 217
300 221
301 196
301 197
301 200
301 219
301 221
302 201
302 217
303 216
303 217
304 215
304 216
305 214
305 215
305 219
305 220
306 213
306 214
307 205
307 212
307 213
308 223
309 205
309 222
310 204
310 221
310 222
311 204
311 220
311 221
312 205
315 203
315 207
315 208
316 204
