429 54 46 40
414 53
414 54
415 54
415 55
416 56
417 56
417 57
418 58
419 58
419 59
420 59
420 60
421 60
421 61
422 62
423 63
424 64
425 64
425 65
426 65
426 66
426 67
427 67
428 68
429 69
429 70
430 70
430 71
431 71
431 73
431 74
432 75
433 76
434 76
434 77
434 78
434 79
435 81
436 81
436 82
437 71
438 71
438 85
439 86
440 70
441 64
441 70
441 75
441 90
442 70
442 74
442 91
443 74
443 91
443 92
444 74
444 92
445 73
445 93
446 92
447 72
447 92
448 72
449 71
449 91
450 90
451 90
452 89
453 54
453 88
453 89
454 88
455 87
455 88
456 57
456 87
456 92
457 57
457 58
457 87
457 92
458 58
458 60
458 86
458 91
458 92
459 86
459 91
460 85
460 86
460 91
461 85
461 90
462 85
462 90
463 84
463 89
463 94
464 84
464 89
464 94
465 84
465 89
465 94
466 83
466 93
467 68
467 83
467 88
467 93
468 83
468 88
469 71
469 83
469 87
470 82
470 87
471 82
472 75
473 82
