448 66 34 52
445 94
445 95
446 96
447 96
447 97
447 100
447 101
448 98
448 99
448 102
449 91
449 103
450 90
450 104
450 105
450 106
450 107
451 90
451 107
451 108
452 103
452 108
452 109
452 110
453 102
453 109
453 110
454 102
454 109
454 110
455 109
455 110
456 108
457 92
457 108
458 91
458 92
458 108
459 91
460 91
462 65
463 94
463 116
464 94
464 116
465 88
465 94
465 116
466 93
467 68
467 93
468 110
469 71
471 114
472 75
472 82
472 114
473 114
474 82
474 108
477 85
477 89
477 101
477 107
478 89
478 102
478 107
478 112
479 90
479 91
479 102
480 91
480 102
481 100
481 112
