444 81 31 31
431 73
431 74
432 75
433 76
434 76
434 77
434 78
434 79
435 80
435 81
436 81
436 82
437 83
438 84
438 85
439 85
439 86
440 87
440 88
441 88
441 90
442 91
443 92
444 92
445 93
445 94
445 95
446 92
446 93
446 96
447 92
447 96
447 97
447 100
447 101
448 98
448 99
448 102
449 103
450 104
450 105
450 106
450 107
451 107
451 108
452 103
452 108
452 109
452 110
453 102
453 109
453 110
454 102
454 109
454 110
455 109
455 110
456 108
457 108
458 108
463 89
464 94
465 88
465 94
467 93
468 110
472 82
474 108
477 107
478 107
