90 195 108 47
109 229
109 231
110 218
110 219
110 220
110 221
110 222
110 223
110 224
110 225
110 226
110 227
111 213
111 215
111 217
112 211
112 212
117 235
117 236
118 228
118 229
118 230
118 231
118 232
118 233
118 234
118 237
119 205
119 220
119 221
119 222
119 223
119 224
119 225
119 226
119 227
120 205
120 206
120 217
120 218
120 219
121 207
121 208
121 215
121 216
121 217
122 213
122 214
122 215
140 210
141 211
142 212
143 213
144 213
145 213
146 213
147 213
148 213
149 212
150 212
154 183
155 184
155 185
156 185
156 186
156 226
157 227
157 228
158 229
159 221
159 229
164 226
165 226
166 225
166 226
167 221
167 222
167 223
167 224
168 219
169 203
169 204
169 205
169 210
169 211
169 214
169 215
169 216
170 196
170 197
170 198
170 199
170 200
170 201
170 202
170 206
170 207
170 208
170 209
171 194
171 195
171 222
171 223
172 219
172 220
172 221
173 181
173 182
173 183
173 184
173 185
173 186
173 187
173 188
173 189
173 190
173 216
173 217
173 218
174 175
174 176
174 177
174 178
174 179
174 180
174 213
174 214
174 215
174 216
175 174
175 206
175 207
175 208
175 209
175 210
175 211
178 190
183 205
184 205
185 205
186 205
187 206
188 206
189 206
190 206
191 207
191 236
192 207
192 235
192 236
193 207
193 234
193 235
194 207
194 232
194 233
194 234
195 208
195 232
196 207
196 231
196 232
197 207
197 231
198 230
198 231
199 229
199 230
200 228
