10 46 351 247
24 223
33 226
34 226
35 226
36 226
37 227
38 142
38 143
38 228
39 142
39 228
40 141
40 229
41 141
41 229
41 230
42 140
42 230
42 231
42 247
42 248
42 249
43 140
43 232
43 246
43 247
44 141
44 217
44 218
44 246
45 140
45 246
46 140
46 190
46 191
46 192
46 193
47 140
47 235
47 236
48 140
48 202
48 204
48 230
48 234
48 237
48 238
48 239
48 240
48 241
48 242
49 140
49 233
50 139
50 195
50 198
50 248
51 138
51 188
52 138
52 187
52 239
52 240
52 242
52 245
53 46
53 137
53 185
54 137
54 150
54 151
54 185
54 245
55 136
55 137
55 151
55 245
56 136
56 151
56 158
56 183
56 246
57 136
57 150
57 159
57 160
57 169
57 176
57 177
57 246
58 136
58 143
58 144
58 145
58 146
58 147
58 148
58 149
58 150
58 151
58 160
58 161
58 168
58 169
58 174
58 175
58 179
58 180
58 181
59 136
59 142
59 156
59 161
59 173
59 179
60 136
60 155
60 156
60 172
60 178
60 256
61 136
61 154
61 162
61 177
61 257
62 136
62 163
62 164
62 165
62 166
62 169
62 170
62 171
62 175
62 176
63 135
63 160
63 161
63 167
63 168
63 174
63 175
64 135
64 156
64 157
64 158
64 160
65 134
65 155
65 156
66 134
67 133
67 134
68 133
68 152
69 132
69 151
69 152
70 131
70 151
71 130
71 131
71 150
72 130
72 150
72 292
73 129
73 149
73 150
74 129
74 149
75 129
75 148
75 247
76 128
76 129
76 148
77 128
77 148
78 128
78 147
79 128
79 147
80 128
80 146
80 147
81 128
81 139
81 146
82 104
82 128
82 140
82 141
82 146
83 102
83 105
83 129
83 130
83 141
83 145
84 99
84 100
84 101
84 131
84 132
84 141
84 145
85 132
85 141
85 145
86 132
86 140
86 145
87 133
87 134
87 139
87 140
87 145
87 253
88 135
88 137
88 138
88 139
88 145
89 135
89 140
89 145
89 257
89 258
90 135
90 140
90 144
91 135
91 144
92 136
92 145
93 136
93 145
94 136
94 144
95 136
95 144
96 136
96 144
97 136
97 144
98 136
98 144
99 136
99 144
100 137
100 144
101 137
101 145
102 137
102 145
103 137
103 145
104 138
104 145
105 138
105 145
106 138
106 145
107 138
107 146
108 52
108 138
108 146
109 51
109 73
109 76
109 77
109 78
109 79
109 81
109 82
109 83
109 84
109 85
109 86
109 87
109 89
109 90
109 91
109 92
109 138
109 146
109 151
109 229
109 231
110 51
110 62
110 67
110 68
110 70
110 71
110 72
110 75
110 138
110 146
110 150
110 218
110 219
110 220
110 221
110 222
110 223
110 224
110 225
110 226
110 227
111 51
111 60
111 61
111 62
111 146
111 149
111 178
111 179
111 213
111 215
111 217
112 148
112 149
112 211
112 212
113 147
113 148
113 182
114 62
114 147
114 149
114 208
115 51
115 62
115 145
115 207
116 145
116 154
116 155
116 206
117 145
117 153
117 154
117 185
117 205
117 235
117 236
118 145
118 153
118 205
118 228
118 229
118 230
118 231
118 232
118 233
118 234
118 237
119 62
119 145
119 153
119 220
119 221
119 222
119 223
119 224
119 225
119 226
119 227
120 145
120 153
120 171
120 173
120 175
120 217
120 218
120 219
121 62
121 146
121 153
121 165
121 166
121 167
121 168
121 169
121 170
121 178
121 187
121 208
121 215
121 216
121 217
122 51
122 63
122 146
122 153
122 183
122 213
122 214
122 215
123 51
123 63
123 146
123 153
123 183
123 188
124 63
124 146
124 153
124 163
124 174
124 183
125 51
125 62
125 153
125 154
125 161
125 162
125 163
125 174
125 183
126 51
126 62
126 149
126 153
126 154
126 161
126 162
126 174
126 175
126 183
126 184
126 189
127 51
127 62
127 149
127 153
127 162
127 172
127 189
128 149
128 162
128 170
128 171
128 189
129 63
129 149
129 168
129 169
129 183
129 189
130 51
130 63
130 149
130 166
130 167
130 189
131 51
131 62
131 149
131 182
131 188
132 51
132 150
132 160
132 161
132 188
133 51
133 62
133 150
133 159
133 160
133 182
133 188
134 51
134 63
134 150
134 159
134 182
134 187
135 51
135 63
135 150
135 182
136 63
136 142
136 151
136 187
137 63
137 142
137 151
137 187
138 63
138 143
138 151
138 180
138 187
139 52
139 63
139 143
139 151
139 180
139 186
140 52
140 63
140 143
140 144
140 151
140 180
140 186
141 52
141 63
141 144
141 180
141 185
142 52
142 63
142 145
142 181
142 185
143 52
143 63
143 145
143 185
144 63
144 146
144 185
145 63
145 146
145 179
145 184
146 52
146 63
146 147
146 177
146 178
147 52
147 63
147 148
147 183
148 52
148 63
148 176
148 183
149 52
149 63
149 176
149 182
150 52
150 63
150 175
150 182
151 52
151 63
151 175
151 182
152 52
152 64
152 175
152 183
152 287
153 52
153 64
153 176
153 197
153 281
153 285
153 286
154 52
154 64
154 176
154 184
154 195
154 196
154 282
154 283
154 284
155 53
155 63
155 177
155 194
155 200
156 53
156 63
156 177
156 185
156 186
156 192
156 193
156 199
156 200
156 201
156 202
156 203
156 207
156 208
156 209
156 223
156 224
156 225
157 53
157 64
157 178
157 187
157 188
157 189
157 190
157 191
157 204
157 205
157 206
157 210
157 223
158 53
158 64
158 178
158 211
158 215
158 216
158 217
158 218
158 219
158 222
159 53
159 64
159 178
159 212
159 214
159 220
159 222
160 53
160 64
160 190
160 191
160 222
161 53
161 64
161 191
161 192
162 53
162 64
162 193
162 194
163 53
163 64
164 53
164 64
165 53
165 64
166 53
166 64
166 225
166 226
167 53
167 64
167 170
167 221
167 222
167 223
167 224
168 53
168 63
168 170
168 212
168 217
168 218
168 219
168 220
169 53
169 63
169 169
169 202
169 210
169 211
169 214
169 215
169 216
170 53
170 63
170 169
170 206
170 207
170 208
170 209
171 53
171 63
171 168
171 222
171 223
172 53
172 64
172 168
172 169
172 191
172 192
172 193
172 219
172 220
172 221
173 53
173 64
173 169
173 170
173 216
173 217
173 218
174 53
174 64
174 170
174 171
174 213
174 214
174 215
174 216
175 53
175 64
175 206
175 207
175 208
175 209
175 210
175 211
176 53
176 64
176 201
176 202
176 203
176 204
176 205
176 206
176 207
177 54
177 64
177 193
177 194
177 195
177 196
178 54
178 64
178 190
178 191
178 192
179 54
179 64
180 54
180 64
181 54
181 64
181 205
182 54
182 64
182 205
183 54
183 64
183 205
184 54
184 65
184 205
185 53
185 65
186 53
186 65
187 53
187 65
188 53
188 66
188 206
189 53
189 65
190 53
190 65
191 53
191 65
191 207
192 53
192 65
192 271
193 54
193 65
194 54
194 65
195 54
195 66
196 54
196 66
196 207
196 267
196 268
197 54
197 66
197 172
197 266
197 267
198 54
198 66
198 265
198 266
199 54
199 66
199 264
199 265
200 54
200 66
200 263
200 264
201 54
201 66
201 177
201 178
201 179
201 180
201 181
201 262
201 263
202 54
202 66
202 177
202 261
202 262
203 55
203 66
203 168
203 175
203 177
203 229
203 260
203 261
204 55
204 66
204 258
204 259
205 55
205 66
205 232
205 257
205 258
206 55
206 66
206 225
206 229
206 255
206 256
206 257
207 55
207 66
207 225
207 254
207 255
208 55
208 66
208 168
208 225
208 226
208 252
208 253
209 55
209 66
209 167
209 168
209 169
209 170
209 171
209 251
209 252
210 55
210 66
210 166
210 167
210 172
210 249
210 250
210 251
210 257
210 258
211 55
211 66
211 164
211 165
211 166
211 248
211 249
211 257
211 260
212 55
212 66
212 164
212 176
212 246
212 247
213 55
213 66
213 163
213 170
213 244
213 245
214 56
214 66
214 162
214 163
214 169
214 242
214 243
214 268
215 56
215 66
215 160
215 167
215 168
215 240
215 241
215 242
215 267
216 56
216 66
216 158
216 159
216 165
216 166
216 181
216 239
217 56
217 66
217 157
217 158
217 183
217 237
218 56
218 65
218 156
218 184
219 56
219 66
219 163
219 184
219 221
219 222
219 223
219 224
220 66
220 153
220 154
220 160
220 161
220 185
220 186
220 189
220 190
220 234
221 67
221 151
221 159
221 160
221 186
221 232
222 67
222 150
222 158
222 186
222 187
222 230
223 67
223 149
223 157
223 187
223 228
224 67
224 146
224 147
224 155
224 156
224 187
224 224
224 225
225 67
225 144
225 145
225 151
225 153
225 154
225 188
225 223
225 233
225 234
225 235
226 67
226 144
226 188
226 230
226 231
226 232
227 66
227 189
227 218
228 189
228 238
229 190
230 66
230 190
231 66
231 190
232 56
232 138
232 211
232 235
233 138
233 139
233 210
234 137
234 138
234 209
234 236
235 56
235 136
235 138
235 208
236 56
236 135
236 136
236 207
236 235
237 135
237 186
237 187
237 191
238 56
238 186
238 187
238 191
238 205
239 56
239 185
239 186
239 191
239 204
240 185
240 191
240 203
241 184
241 185
241 191
241 203
242 56
242 146
242 183
242 190
243 56
243 146
243 147
243 165
243 181
243 190
244 123
244 124
244 125
244 126
244 127
244 128
244 129
244 130
244 131
244 132
244 133
244 134
244 135
244 147
244 148
244 149
244 191
245 118
245 119
245 120
245 121
245 136
245 137
245 138
245 139
245 140
245 141
245 142
245 143
245 144
245 145
245 179
245 192
246 67
246 115
246 116
246 117
246 169
246 177
246 192
246 193
247 57
247 113
247 114
247 174
247 175
247 176
247 192
247 272
247 273
247 283
248 110
248 111
248 112
248 151
248 172
248 173
248 186
248 187
248 192
248 281
249 107
249 108
249 109
249 172
249 187
249 188
249 191
249 192
249 280
250 105
250 106
250 107
250 135
250 136
250 137
250 138
250 139
250 140
250 172
250 187
250 191
250 198
250 268
251 103
251 104
251 131
251 164
251 171
251 191
251 197
251 267
251 268
251 276
252 101
252 102
252 132
252 165
252 166
252 171
252 190
252 197
253 100
253 101
253 171
253 190
253 197
253 265
253 271
254 99
254 171
254 190
254 197
255 97
255 98
255 171
255 172
255 190
255 197
255 263
255 268
255 269
256 96
256 97
256 172
256 190
256 197
257 94
257 95
257 189
257 196
257 267
258 93
258 94
258 174
258 189
259 91
259 92
259 175
259 176
259 177
259 178
259 189
259 196
259 257
259 261
260 90
260 91
260 189
260 195
260 230
260 231
261 89
261 90
261 179
261 180
261 189
261 195
261 200
261 230
262 88
262 89
262 180
262 189
262 194
262 195
262 200
262 229
263 87
263 88
263 180
263 181
263 188
263 194
263 199
263 229
264 86
264 87
264 181
264 182
264 188
264 193
264 198
265 85
265 86
265 182
265 183
265 193
265 198
266 85
266 183
266 188
266 198
267 84
267 184
267 188
267 197
268 184
268 185
268 188
268 197
268 198
269 135
269 185
269 188
269 196
270 135
270 185
270 186
270 188
270 196
271 135
271 188
271 195
272 135
272 185
272 189
273 135
273 184
273 185
273 189
273 190
274 135
274 184
274 191
275 135
275 183
275 184
275 192
276 135
276 183
276 192
276 221
277 135
277 183
277 191
278 89
278 92
278 135
278 182
278 191
278 220
279 91
279 92
279 135
279 182
279 190
279 219
279 220
280 92
280 136
280 189
281 88
281 136
281 180
281 189
282 136
282 179
282 180
282 189
282 213
283 135
283 179
283 188
283 189
283 212
283 213
283 233
283 234
284 135
284 176
284 178
284 187
285 76
285 91
285 135
285 176
285 186
285 187
286 76
286 92
286 93
286 94
286 95
286 101
286 135
286 176
286 185
286 186
287 75
287 96
287 102
287 103
287 135
287 175
287 184
287 204
288 97
288 104
288 136
288 183
288 203
288 222
289 97
289 105
289 136
289 182
289 200
289 202
290 53
290 97
290 136
290 181
290 182
290 200
290 228
291 51
291 52
291 53
291 136
291 180
291 181
291 197
291 198
291 286
291 287
292 43
292 44
292 45
292 46
292 47
292 136
292 179
292 180
292 227
293 34
293 35
293 36
293 37
293 38
293 39
293 40
293 41
293 136
293 178
293 179
293 194
293 226
293 289
294 27
294 28
294 29
294 30
294 31
294 32
294 33
294 34
294 136
294 168
294 177
294 178
294 191
294 225
295 23
295 24
295 25
295 73
295 136
295 167
295 177
295 188
295 189
295 190
295 225
296 103
296 136
296 176
296 187
296 224
296 225
297 74
297 102
297 136
297 165
297 175
297 184
297 185
297 224
298 75
298 101
298 102
298 137
298 174
298 175
298 181
298 183
298 223
299 75
299 101
299 137
299 173
299 174
299 179
299 180
299 181
299 222
299 223
300 76
300 100
300 138
300 172
300 173
300 221
301 99
301 138
301 139
301 172
301 196
301 219
301 221
302 88
302 89
302 90
302 91
302 92
302 139
302 140
302 171
303 141
303 142
303 170
303 171
303 194
303 195
303 216
303 217
304 142
304 143
304 170
305 170
305 220
306 169
306 214
307 76
307 168
307 169
307 205
307 212
308 75
308 76
308 168
308 205
308 223
309 74
309 75
309 167
309 205
309 222
310 73
310 74
310 167
310 204
310 221
310 222
311 72
311 73
311 166
311 188
311 189
311 204
311 220
311 221
312 71
312 72
312 166
312 205
312 206
312 221
313 70
313 71
313 165
313 221
314 70
314 183
314 184
314 185
314 220
315 69
315 182
315 183
315 203
315 207
315 208
315 220
316 67
316 68
316 180
316 181
316 182
316 204
316 220
317 66
317 67
317 180
317 220
318 65
318 220
319 64
319 179
319 220
320 63
320 172
320 173
320 178
320 220
320 221
321 62
321 63
321 174
321 176
321 178
321 221
322 61
322 62
322 221
323 60
323 61
323 173
324 59
324 60
324 154
324 163
324 173
325 58
325 66
325 153
325 163
325 170
325 172
326 56
326 57
326 152
326 153
326 163
326 169
326 170
327 54
327 55
327 151
327 152
327 169
327 221
328 168
328 221
329 149
329 154
329 167
329 168
329 220
330 149
330 154
330 161
330 219
331 148
331 154
331 160
331 219
332 155
332 159
335 216
336 162
337 143
338 142
338 156
339 53
339 141
339 154
339 155
339 212
340 54
340 55
340 153
341 138
341 150
341 151
341 204
342 137
342 149
342 201
342 203
343 89
343 135
343 136
343 137
343 138
343 147
343 199
343 200
344 198
344 199
345 84
345 125
345 139
345 140
345 142
345 143
345 197
345 207
346 59
346 112
346 196
346 197
347 61
347 127
347 195
347 196
347 204
347 205
348 61
348 62
348 194
348 195
348 202
348 203
349 129
349 193
349 194
349 200
349 201
350 64
350 130
350 192
350 193
350 200
351 115
351 192
351 199
351 200
352 92
352 106
352 125
352 191
353 66
353 91
353 107
353 123
353 124
353 125
353 191
354 108
354 190
355 109
355 120
355 121
355 190
356 120
356 190
357 99
357 119
357 190
358 99
358 118
358 119
358 191
359 98
359 117
359 118
360 97
360 115
360 116
360 196
361 96
361 97
361 195
361 196
362 95
362 194
363 95
363 193
364 94
364 192
365 93
365 94
365 192
366 93
367 92
367 93
368 92
369 91
370 90
371 90
384 53
384 54
385 52
385 53
386 51
386 52
387 50
