87 130 254 115
82 128
83 129
83 130
84 131
84 132
85 132
86 132
87 133
87 134
88 135
88 145
89 135
89 145
90 144
91 144
92 145
93 145
94 144
95 144
96 144
97 144
98 144
99 144
100 144
101 145
102 145
103 145
104 145
105 145
106 145
107 146
108 146
109 146
109 151
109 229
109 231
110 146
110 150
110 218
110 219
110 220
110 221
110 222
110 223
110 224
110 225
110 226
110 227
111 146
111 149
111 178
111 179
111 213
111 215
111 217
112 148
112 149
112 211
112 212
113 147
113 148
113 182
114 147
114 149
116 154
116 155
116 206
117 153
117 154
117 185
117 205
117 235
117 236
118 153
118 205
118 228
118 229
118 230
118 231
118 232
118 233
118 234
118 237
119 153
119 220
119 221
119 222
119 223
119 224
119 225
119 226
119 227
120 153
120 171
120 173
120 175
120 217
120 218
120 219
121 153
121 165
121 166
121 167
121 168
121 169
121 170
121 178
121 187
121 208
121 215
121 216
121 217
122 153
122 183
122 213
122 214
122 215
123 153
123 183
123 188
124 153
124 163
124 174
124 183
125 153
125 154
125 161
125 162
125 163
125 174
125 183
126 153
126 154
126 161
126 162
126 174
126 175
126 183
126 184
126 189
127 153
127 162
127 172
127 189
128 162
128 170
128 171
128 189
129 168
129 169
129 183
129 189
130 166
130 167
130 189
131 182
131 188
132 160
132 161
132 188
133 159
133 160
133 182
133 188
134 159
134 182
134 187
135 182
136 142
136 187
137 142
137 187
138 143
138 180
138 187
139 143
139 180
139 186
140 143
140 144
140 180
140 186
141 144
141 180
141 185
142 145
142 181
142 185
143 145
143 185
144 146
144 185
144 213
145 146
145 179
145 184
145 213
146 147
146 177
146 178
146 213
147 148
147 183
147 213
148 176
148 183
148 213
149 176
149 182
149 212
150 175
150 182
150 212
151 175
151 182
152 175
152 183
153 176
153 197
154 176
154 184
154 195
154 196
155 177
155 194
155 200
156 177
156 185
156 186
156 192
156 193
156 199
156 200
156 201
156 202
156 203
156 207
156 208
156 209
156 223
156 224
156 225
157 178
157 187
157 188
157 189
157 190
157 191
157 204
157 205
157 206
157 210
157 223
158 178
158 211
158 215
158 216
158 217
158 218
158 219
158 222
159 178
159 212
159 214
159 220
159 222
160 190
160 191
160 222
161 191
161 192
162 193
162 194
167 170
168 170
168 212
168 217
168 218
168 220
169 169
169 202
170 169
172 191
172 192
172 193
172 220
174 171
176 201
176 202
176 203
176 204
176 205
176 206
176 207
177 193
177 194
177 195
177 196
178 191
178 192
181 205
182 205
184 205
188 206
190 158
191 159
191 207
192 160
193 160
194 161
195 161
195 162
196 162
196 163
196 172
196 207
197 163
197 164
197 173
198 164
198 173
199 165
199 173
200 166
200 173
201 167
201 173
201 177
201 178
201 179
201 180
201 181
202 168
202 174
203 168
203 169
203 176
203 229
204 169
204 170
204 175
205 170
205 232
206 174
206 225
206 229
207 174
207 225
208 174
208 225
208 226
209 225
210 172
210 224
211 223
212 163
212 176
212 222
213 222
214 161
214 169
214 220
214 221
215 159
215 160
215 161
215 167
215 220
216 165
216 166
216 181
216 219
217 183
217 204
217 205
217 206
217 207
217 208
218 203
218 206
218 209
218 225
218 226
218 227
219 155
219 162
219 163
219 184
219 210
219 221
219 222
219 223
219 224
220 153
220 154
220 185
220 189
220 190
220 202
220 211
220 213
220 214
220 215
220 216
220 217
220 218
220 219
220 220
220 232
220 233
220 234
221 151
221 152
221 212
221 232
222 158
222 186
222 187
222 230
223 148
223 187
223 228
224 146
224 147
224 155
224 187
224 224
224 225
225 144
225 145
225 151
225 153
225 188
225 223
225 233
225 234
225 235
226 144
226 152
226 188
226 230
226 231
227 189
227 218
228 189
229 190
230 190
231 190
232 191
232 211
233 138
233 191
233 210
234 137
234 191
234 209
235 136
235 138
235 191
235 208
236 135
236 136
236 191
236 207
236 235
237 135
237 186
237 187
237 191
238 186
238 187
238 191
238 205
239 185
239 186
239 191
239 204
240 185
240 191
240 203
241 184
241 185
241 191
241 203
242 146
242 183
242 190
243 146
243 165
243 181
243 190
244 123
244 124
244 125
244 126
244 127
244 128
244 129
244 130
244 131
244 132
244 133
244 134
244 135
244 147
244 148
244 149
244 191
245 118
245 119
245 120
245 121
245 136
245 137
245 138
245 139
245 140
245 141
245 142
245 143
245 144
245 145
245 179
245 192
246 115
246 116
246 117
246 169
246 177
246 192
246 193
246 200
247 113
247 114
247 174
247 175
247 176
247 192
247 200
248 110
248 111
248 112
248 151
248 172
248 173
248 186
248 187
248 192
248 201
249 107
249 108
249 109
249 187
249 188
249 191
249 192
250 105
250 106
250 107
250 135
250 136
250 137
250 138
250 139
250 140
250 187
250 191
250 198
251 103
251 104
251 131
251 164
251 171
251 191
251 197
251 202
252 101
252 102
252 132
252 165
252 166
252 190
252 197
252 201
253 100
253 101
253 171
253 190
253 197
253 201
254 99
254 171
254 190
254 197
254 201
255 97
255 98
255 171
255 172
255 190
255 197
255 201
256 96
256 97
256 172
256 190
256 197
256 201
257 94
257 95
257 189
257 196
257 201
258 93
258 94
258 174
258 189
258 201
259 91
259 92
259 175
259 176
259 177
259 178
259 189
259 196
259 201
260 90
260 91
260 189
260 195
260 201
260 230
260 231
261 89
261 90
261 179
261 180
261 189
261 195
261 200
261 230
262 88
262 89
262 180
262 189
262 194
262 195
262 200
262 229
263 88
263 180
263 181
263 188
263 194
263 199
263 229
264 86
264 87
264 181
264 182
264 188
264 193
264 198
265 182
265 183
265 193
265 198
266 183
266 188
266 198
267 184
267 188
267 197
268 184
268 185
268 188
268 197
268 198
269 185
269 188
269 196
270 185
270 186
270 188
270 196
271 188
271 195
272 185
272 189
273 184
273 185
273 189
273 190
274 184
274 191
275 183
275 184
275 192
276 183
276 192
276 221
277 183
277 191
278 182
278 191
278 220
279 182
279 190
279 219
279 220
280 189
281 180
281 189
282 179
282 180
282 189
282 213
283 179
283 188
283 189
283 212
283 213
283 233
283 234
284 176
284 178
284 187
285 176
285 186
285 187
286 176
286 185
286 186
287 175
287 184
287 204
288 136
288 183
288 203
288 222
289 182
289 200
289 202
290 181
290 182
290 200
290 228
291 180
291 181
291 197
291 198
292 179
292 180
292 227
293 178
293 179
293 194
293 226
294 168
294 177
294 178
294 191
294 225
295 167
295 177
295 188
295 189
295 190
295 225
296 176
296 187
296 224
296 225
297 165
297 175
297 184
297 185
297 224
298 137
298 174
298 175
298 181
298 183
298 223
299 137
299 173
299 174
299 179
299 180
299 181
299 222
299 223
300 138
300 172
300 173
300 221
301 138
301 139
301 172
301 196
301 219
301 221
302 139
302 140
302 171
303 141
303 142
303 170
303 171
303 194
303 195
303 216
303 217
304 142
304 143
304 170
305 170
305 220
306 169
306 214
307 168
307 169
307 205
307 212
308 168
308 205
308 223
309 167
309 205
309 222
310 167
310 204
310 221
310 222
311 166
311 188
311 189
311 204
311 220
311 221
312 166
312 205
312 206
312 221
313 165
313 221
314 183
314 184
314 185
314 220
315 182
315 183
315 203
315 207
315 208
315 220
316 180
316 181
316 182
316 204
316 220
317 180
317 220
318 220
319 179
319 220
320 172
320 173
320 178
320 220
320 221
321 174
321 176
321 178
321 221
322 221
323 173
324 154
324 163
324 173
325 153
325 163
325 170
325 172
326 152
326 153
326 163
326 169
326 170
327 151
327 152
327 169
327 221
328 168
328 221
329 149
329 154
329 167
329 168
329 220
330 149
330 154
330 161
330 219
331 148
331 154
331 160
331 219
332 155
332 159
335 216
336 162
337 143
338 142
338 156
339 141
339 154
339 155
339 212
340 153
341 150
341 151
341 204
342 149
342 201
342 203
343 147
343 199
343 200
344 198
344 199
345 139
345 140
345 142
345 143
345 197
346 196
346 197
347 195
347 196
348 195
349 194
350 193
351 192
352 191
353 191
354 190
355 190
356 190
357 190
358 191
