53 141 123 49
54 150
54 151
55 151
56 151
56 158
57 150
57 159
57 160
57 169
57 176
57 177
58 143
58 144
58 145
58 146
58 147
58 148
58 149
58 150
58 151
58 160
58 161
58 168
58 169
58 174
58 175
59 142
59 156
59 161
59 173
60 155
60 156
60 172
61 154
61 162
62 163
62 164
62 165
62 166
62 169
62 170
62 171
63 160
63 161
63 167
63 168
64 156
64 157
64 158
64 160
65 155
65 156
68 152
69 151
69 152
70 151
71 150
72 150
73 149
73 150
74 149
81 139
82 140
83 141
110 177
113 182
114 157
114 158
114 159
114 160
114 161
114 162
114 163
114 164
114 165
114 166
114 167
114 168
114 169
114 170
114 171
114 172
114 173
114 176
114 177
115 155
115 156
115 157
115 175
115 176
120 172
120 176
120 177
121 175
121 177
121 178
121 179
121 187
122 180
122 181
123 183
123 188
124 183
124 189
125 189
126 183
126 189
127 161
127 173
127 183
128 183
128 189
129 162
129 164
129 165
129 183
129 189
130 183
130 189
131 161
131 162
131 163
131 182
132 160
132 161
132 182
133 159
133 160
133 182
134 159
134 182
134 187
135 181
135 182
136 181
137 181
138 180
139 180
140 180
140 186
141 185
142 181
143 180
143 185
144 180
144 185
145 179
145 184
146 152
146 177
146 178
146 184
147 152
147 177
147 183
148 151
148 176
149 151
149 176
149 182
150 151
150 175
150 182
151 151
151 175
151 182
152 175
152 183
153 176
153 183
154 176
154 184
155 177
156 177
157 178
158 178
159 178
160 178
161 177
162 177
163 175
163 176
164 173
164 174
164 175
165 172
165 173
166 171
167 149
167 170
168 149
168 170
169 148
169 169
170 148
170 169
171 148
171 168
172 148
172 149
172 168
172 169
173 149
173 169
173 170
174 150
174 170
174 171
175 149
175 172
