45 58 81 185
44 217
44 218
46 190
46 191
46 192
46 193
47 235
47 236
48 202
48 204
48 230
48 234
48 237
48 238
48 239
48 240
48 241
48 242
49 233
50 195
50 198
51 188
53 186
54 150
54 151
55 151
55 184
56 151
56 158
57 150
57 159
57 160
57 169
57 176
57 177
57 182
58 143
58 144
58 145
58 146
58 147
58 148
58 149
58 150
58 151
58 160
58 161
58 168
58 169
58 174
58 175
58 179
58 180
58 181
59 142
59 156
59 161
59 173
59 179
60 155
60 156
60 172
60 178
61 154
61 162
61 177
62 163
62 164
62 165
62 166
62 169
62 170
62 171
62 175
62 176
63 160
63 161
63 167
63 168
63 174
63 175
64 156
64 157
64 158
64 160
65 155
65 156
68 152
69 84
69 90
69 91
69 93
69 94
69 95
69 96
69 151
69 152
70 85
70 86
70 87
70 88
70 89
70 92
70 151
71 150
72 150
73 149
73 150
74 149
75 148
76 148
77 148
82 104
83 102
83 103
83 105
84 99
84 100
84 101
92 225
92 226
92 227
92 228
93 221
93 222
93 223
93 224
93 229
93 230
94 217
94 218
94 219
94 220
94 231
94 232
94 233
94 234
95 214
95 215
95 216
95 234
95 235
95 236
96 212
96 213
96 214
96 236
96 237
97 210
97 211
97 238
97 239
98 206
98 207
98 208
98 209
98 239
98 240
99 204
99 205
99 240
99 241
100 144
100 203
101 145
101 197
101 198
101 199
101 201
101 202
101 224
101 225
102 145
102 196
102 198
102 219
102 220
102 221
102 222
102 223
102 226
102 227
102 228
102 229
103 145
103 197
103 198
103 217
103 218
103 230
103 231
103 232
103 233
103 234
103 235
103 236
104 145
104 197
104 198
104 214
104 215
104 216
105 97
105 145
105 197
105 198
105 212
105 213
106 97
106 145
106 155
106 156
106 157
106 164
106 165
106 166
106 199
106 210
106 211
107 98
107 146
107 153
107 154
107 158
107 159
107 160
107 161
107 162
107 163
107 167
107 168
107 169
107 170
107 200
107 201
107 202
107 203
107 204
107 205
107 206
107 207
107 208
107 209
108 146
108 152
108 171
108 172
108 173
108 174
108 175
109 64
109 65
109 73
109 76
109 77
109 78
109 79
109 80
109 81
109 82
109 83
109 84
109 85
109 86
109 87
109 88
109 89
109 90
109 91
109 92
109 98
109 99
109 100
109 101
109 102
109 103
109 104
109 105
109 107
109 108
109 112
109 113
109 114
109 115
109 116
109 117
109 118
109 146
109 151
109 176
109 177
109 229
109 231
110 62
110 63
110 66
110 67
110 68
110 69
110 70
110 71
110 72
110 75
110 93
110 94
110 95
110 96
110 97
110 98
110 106
110 109
110 110
110 111
110 146
110 150
110 177
110 218
110 219
110 220
110 221
110 222
110 223
110 224
110 225
110 226
110 227
110 228
111 60
111 61
111 62
111 146
111 149
111 213
111 214
111 215
111 216
111 217
112 148
112 149
112 179
112 180
112 181
112 210
113 147
113 148
113 182
114 147
114 149
114 157
114 158
114 159
114 160
114 161
114 162
114 163
114 164
114 165
114 166
114 167
114 168
114 169
114 170
114 171
114 172
114 173
114 176
114 177
114 182
114 208
114 209
115 145
115 155
115 156
115 157
115 175
115 176
115 183
115 207
116 145
116 154
116 155
116 184
116 185
116 206
117 145
117 153
117 154
117 186
117 205
117 235
117 236
118 145
118 153
118 186
118 205
118 230
118 231
118 232
118 233
118 234
118 237
119 145
119 153
119 187
119 205
120 145
120 153
120 172
120 176
120 177
120 187
120 205
120 206
121 146
121 153
121 175
121 177
121 178
121 179
121 187
121 188
121 207
121 209
122 146
122 153
122 180
122 181
122 188
122 209
123 146
123 153
123 183
124 146
124 153
124 183
125 153
125 154
126 153
126 154
126 183
127 153
127 161
127 183
128 183
129 162
129 183
130 183
131 182
132 182
133 182
134 182
135 181
135 182
136 181
137 181
138 180
139 180
140 180
142 181
143 180
144 180
145 179
146 177
146 178
147 177
148 176
149 176
150 175
151 175
