81 256 49 32
62 279
63 279
64 280
65 280
66 280
67 280
68 280
69 280
70 280
71 280
72 280
73 280
74 280
75 280
76 280
77 281
78 281
79 281
80 281
81 281
82 281
83 281
89 257
89 258
90 258
91 258
92 259
93 259
94 259
95 259
96 259
97 260
98 260
99 261
100 261
100 266
101 261
101 266
102 261
102 266
103 261
103 266
104 261
104 266
105 261
105 266
106 261
106 266
107 262
107 266
108 262
108 266
109 262
109 266
110 262
110 266
110 273
111 262
111 273
112 262
112 273
113 262
113 272
114 262
114 272
115 262
115 272
116 262
116 272
117 262
117 272
118 262
118 272
119 262
119 272
120 263
120 272
121 263
122 263
122 264
123 264
123 265
124 265
125 266
125 267
126 267
126 268
127 269
128 269
