205 124 49 76
203 169
204 169
204 170
205 170
206 174
207 174
208 168
208 174
209 170
209 171
209 172
209 174
210 174
211 174
211 175
212 163
213 170
213 177
214 161
214 177
214 178
215 159
215 161
215 168
215 179
215 180
216 180
217 182
218 183
218 184
218 193
218 194
219 155
219 162
219 185
219 191
219 192
219 195
219 196
220 153
220 154
220 186
220 190
220 197
220 198
220 199
221 151
221 152
221 186
223 148
224 146
224 147
225 144
225 145
225 151
225 188
226 144
226 152
229 190
230 190
231 190
233 138
234 137
235 136
236 135
238 186
241 185
242 146
242 183
243 146
243 165
243 181
244 122
244 123
244 124
244 125
244 126
244 127
244 128
244 129
244 130
244 131
244 132
244 133
244 134
244 135
244 147
244 148
244 149
245 118
245 119
245 120
245 121
245 136
245 137
245 138
245 139
245 140
245 141
245 142
245 143
245 144
245 145
245 179
246 115
246 116
246 117
246 169
246 177
247 113
247 114
247 170
247 171
247 174
247 175
247 176
248 110
248 111
248 112
248 151
248 172
248 173
249 107
249 108
249 109
249 172
250 105
250 106
250 107
250 135
250 136
250 137
250 138
250 139
250 140
250 198
251 103
251 104
251 164
251 197
252 101
252 102
252 165
252 166
252 197
253 100
253 101
253 197
254 99
254 197
255 97
255 98
256 96
256 97
257 94
257 95
258 93
258 94
259 91
259 92
260 90
260 91
261 89
261 90
262 88
262 89
263 88
264 86
264 87
264 188
