79 49 169 77
82 104
83 102
83 105
84 99
84 100
84 101
85 98
86 97
86 98
87 97
88 97
89 97
90 97
91 97
92 97
93 97
94 97
95 97
96 97
97 97
98 97
99 97
100 98
101 98
102 98
103 97
104 97
108 52
109 51
109 73
109 76
109 77
109 78
109 79
109 81
109 82
109 83
109 84
109 85
109 86
109 87
109 89
109 90
109 91
109 92
110 51
110 62
110 67
110 68
110 70
110 71
110 72
110 75
110 119
111 51
111 60
111 61
111 62
111 120
114 62
115 51
115 62
119 62
121 62
122 51
122 63
123 51
123 63
124 63
125 51
125 62
126 51
126 62
127 51
127 62
129 63
130 51
130 63
131 51
131 62
132 51
133 51
133 62
134 51
134 63
135 51
135 63
136 63
137 63
138 63
139 52
139 63
140 52
140 63
141 52
141 63
142 52
142 63
143 52
143 63
144 63
145 63
146 52
146 63
147 52
147 63
148 52
148 63
149 52
149 63
150 52
150 63
151 52
151 63
152 52
152 64
153 52
153 64
154 52
154 64
155 53
155 63
156 53
156 63
157 53
157 64
158 53
158 64
159 53
159 64
160 53
160 64
161 53
161 64
162 53
162 64
163 53
163 64
164 53
164 64
165 53
165 64
166 53
166 64
167 53
167 64
168 53
168 63
169 53
169 63
170 53
170 63
171 53
171 63
172 53
172 64
173 53
173 64
174 53
174 64
175 53
175 64
176 53
176 64
177 54
177 64
178 54
178 64
179 54
179 64
180 54
180 64
181 54
181 64
182 54
182 64
183 54
183 64
184 54
184 65
185 53
185 65
186 53
186 65
187 53
187 65
188 53
188 66
189 53
189 65
190 53
190 65
191 53
191 65
192 53
192 65
193 54
193 65
194 54
194 65
195 54
195 66
196 54
196 66
197 54
197 66
198 54
198 66
199 54
199 66
200 54
200 66
201 54
201 66
202 54
202 66
203 55
203 66
204 55
204 66
205 55
205 66
206 55
206 66
207 55
207 66
208 55
208 66
209 55
209 66
210 55
210 66
211 55
211 66
212 55
212 66
213 55
213 66
214 56
214 66
215 56
215 66
216 56
216 66
217 56
217 66
218 56
218 65
219 56
219 66
220 66
221 67
222 67
223 67
224 67
225 67
226 67
227 66
228 66
229 66
230 66
231 66
232 67
233 67
234 67
235 67
236 67
237 67
238 67
239 67
240 67
241 67
242 67
243 68
244 68
245 67
246 67
