99 199 25 69
89 257
89 258
101 198
101 199
102 198
104 197
104 198
104 214
104 215
104 216
105 197
105 198
105 212
105 213
106 199
106 210
106 211
107 200
107 201
107 202
107 203
107 204
107 205
107 206
107 207
107 208
107 209
109 229
109 230
109 231
110 218
110 219
110 220
110 221
110 222
110 223
110 224
110 225
110 226
110 227
110 228
110 232
111 213
111 214
111 215
111 216
111 217
111 233
112 210
112 211
112 212
112 234
113 235
114 209
119 205
119 238
119 239
120 205
120 206
121 207
121 208
121 209
122 209
