18 202 372 150
21 253
21 254
24 223
26 254
27 254
27 255
28 255
28 256
29 256
30 256
31 256
32 256
33 226
34 226
35 226
36 226
37 227
38 228
39 228
40 229
41 229
41 230
41 266
41 267
42 230
42 231
42 247
42 248
42 249
42 267
43 232
43 246
43 247
44 217
44 218
44 246
44 269
44 270
45 246
45 271
47 235
47 236
48 202
48 204
48 230
48 234
48 237
48 238
48 239
48 240
48 241
48 242
48 243
49 233
50 195
50 198
50 248
50 277
50 278
51 248
51 250
51 251
51 278
51 279
52 239
52 240
52 242
52 243
52 244
52 245
52 251
52 252
52 279
53 253
53 254
53 279
54 245
54 253
54 280
55 245
55 281
56 246
56 253
56 281
57 246
57 253
57 281
58 247
58 280
59 248
59 254
59 255
59 280
60 256
60 280
61 248
61 257
61 280
62 248
62 279
63 247
63 279
64 247
64 249
64 250
64 280
65 249
65 250
65 280
66 250
66 280
67 280
68 249
68 280
69 249
69 280
70 249
70 280
70 290
71 246
71 280
72 247
72 280
72 292
73 280
74 247
74 280
74 290
74 292
74 293
74 294
75 247
75 280
75 289
75 290
76 247
76 280
76 296
77 247
77 281
77 296
78 248
78 281
78 296
79 248
79 249
79 281
79 295
80 249
80 281
81 249
81 281
82 250
82 281
83 250
83 281
84 249
84 250
84 281
85 250
85 281
86 251
86 281
87 251
87 252
87 253
87 281
88 253
88 254
88 281
89 249
89 254
89 257
89 258
89 281
90 249
90 258
90 281
91 249
91 258
91 281
92 249
92 259
92 281
93 259
93 282
94 259
94 282
95 259
95 282
96 259
96 282
97 260
97 283
98 260
98 283
99 261
99 283
100 241
100 261
100 266
100 283
101 261
101 266
101 283
102 261
102 266
102 283
103 261
103 266
103 283
103 284
104 261
104 266
104 284
105 261
105 266
105 285
106 261
106 266
106 276
106 285
106 286
107 262
107 266
107 274
107 275
107 286
108 262
108 266
108 274
108 286
109 229
109 230
109 231
109 262
109 266
109 274
109 287
110 218
110 219
110 220
110 221
110 222
110 223
110 224
110 225
110 226
110 227
110 232
110 233
110 235
110 262
110 266
110 273
110 287
111 213
111 215
111 217
111 233
111 234
111 262
111 273
111 287
112 211
112 212
112 234
112 262
112 273
112 288
113 235
113 262
113 272
113 288
114 262
114 272
114 288
115 262
115 272
115 289
116 262
116 272
116 289
117 235
117 236
117 262
117 272
117 288
118 228
118 229
118 230
118 231
118 232
118 233
118 234
118 237
118 262
118 272
118 288
119 205
119 220
119 221
119 222
119 223
119 224
119 225
119 226
119 227
119 238
119 239
119 262
119 272
119 288
120 205
120 206
120 217
120 218
120 219
120 263
120 272
120 288
121 207
121 208
121 209
121 215
121 216
121 217
121 263
121 272
121 288
122 209
122 213
122 214
122 215
122 263
122 264
122 272
122 273
122 288
123 264
123 265
123 273
123 288
124 265
124 273
124 288
125 266
125 267
125 273
125 288
126 267
126 268
126 272
126 288
127 269
127 272
127 288
128 269
128 273
128 288
129 273
129 288
130 273
130 274
130 288
131 274
131 288
132 274
132 288
133 274
133 288
134 288
135 275
135 288
136 276
136 289
137 276
137 289
138 276
138 289
139 276
139 289
140 210
140 276
141 211
141 276
141 288
142 212
142 276
142 288
143 213
143 276
143 289
144 213
144 276
144 289
145 213
145 277
145 289
146 213
146 277
146 289
147 213
147 277
147 289
148 213
148 277
148 289
149 212
149 277
149 289
150 212
150 277
150 288
151 278
151 288
152 279
152 287
153 279
153 281
153 285
153 286
154 278
154 282
154 283
154 284
155 200
155 278
156 199
156 200
156 201
156 202
156 203
156 207
156 208
156 209
156 223
156 224
156 225
156 226
156 278
157 204
157 205
157 206
157 210
157 223
157 278
158 211
158 215
158 216
158 217
158 218
158 219
158 222
158 228
158 229
158 278
159 212
159 214
159 220
159 222
159 229
159 278
160 222
160 278
161 230
161 278
162 226
162 227
162 229
162 278
163 228
163 278
164 226
164 227
164 278
165 226
165 278
166 278
167 278
168 212
168 217
168 218
168 220
168 278
169 202
169 278
169 285
170 278
170 290
170 291
171 194
171 195
171 278
171 292
172 191
172 192
172 193
172 278
172 296
172 297
173 181
173 182
173 183
173 184
173 185
173 186
173 187
173 188
173 189
173 190
173 277
173 278
173 280
173 281
173 298
174 175
174 176
174 177
174 178
174 179
174 180
174 277
174 281
175 174
175 206
175 276
175 282
176 201
176 202
176 203
176 204
176 205
176 206
176 207
176 276
176 282
177 276
177 282
178 276
178 282
179 276
179 282
180 276
180 283
181 205
181 275
181 283
182 205
182 275
182 283
182 331
183 205
183 275
183 283
183 332
183 333
183 334
183 335
183 336
184 275
184 283
184 337
184 338
185 205
185 274
185 283
185 338
185 339
186 205
186 274
186 283
186 339
186 340
186 341
186 342
187 206
187 273
187 282
187 343
187 344
187 345
188 273
188 282
188 345
188 346
188 349
189 206
189 272
189 282
189 347
190 206
190 272
190 281
191 236
191 271
191 281
192 207
192 235
192 236
192 270
192 281
193 207
193 234
193 235
193 270
193 274
193 280
194 207
194 232
194 233
194 234
194 269
194 274
194 280
195 208
195 232
195 268
195 274
195 280
196 231
196 232
196 273
196 279
197 207
197 231
197 272
197 279
198 230
198 231
198 272
198 278
199 229
199 230
199 272
199 278
200 228
200 277
201 229
201 276
202 229
202 275
202 276
203 229
203 275
204 229
204 274
205 226
205 229
205 230
205 231
205 274
206 225
206 226
206 229
206 255
206 256
206 273
207 225
207 226
207 272
207 273
208 225
208 226
208 272
209 225
209 251
209 271
210 224
210 249
210 259
210 260
210 261
210 262
210 271
211 223
211 257
211 260
211 261
211 270
212 222
212 246
212 269
212 332
212 333
212 334
212 335
212 336
212 337
212 338
212 339
212 340
213 222
213 244
213 268
213 269
213 328
213 329
213 330
213 331
213 341
213 342
213 343
213 344
213 345
213 346
213 347
213 348
214 220
214 221
214 242
214 267
214 325
214 326
214 327
215 220
215 240
215 242
215 323
215 324
215 325
216 219
216 238
216 266
216 321
216 322
216 334
216 335
216 336
216 337
216 338
216 343
216 344
216 345
217 204
217 205
217 206
217 207
217 208
217 234
217 235
217 236
217 237
217 265
217 266
217 319
217 320
217 330
217 331
217 332
217 333
217 339
217 340
217 341
217 346
217 347
217 348
218 203
218 206
218 209
218 225
218 226
218 227
218 265
218 327
218 328
218 329
219 210
219 221
219 222
219 223
219 224
219 264
219 325
219 327
220 200
220 201
220 202
220 211
220 213
220 214
220 215
220 216
220 217
220 218
220 219
220 220
220 232
220 233
220 263
220 324
221 212
221 230
221 231
221 232
221 263
221 321
221 323
222 229
222 262
222 320
223 227
223 228
223 242
223 261
223 262
223 313
224 223
224 226
224 240
224 241
224 261
225 221
225 222
225 233
225 234
225 235
225 239
225 260
226 219
226 220
226 230
226 231
226 232
226 236
226 238
226 259
226 260
227 217
227 237
227 238
227 258
227 259
228 215
228 216
228 238
228 258
229 214
229 215
229 257
229 311
229 312
229 313
229 314
230 213
230 214
230 256
230 257
231 212
231 213
231 256
232 210
232 211
232 235
232 236
232 255
233 209
233 210
233 236
233 254
233 255
233 304
233 305
233 307
234 208
234 209
234 236
234 253
234 254
234 304
235 207
235 208
235 236
235 252
235 253
235 295
235 303
236 206
236 207
236 235
236 252
236 303
237 205
237 206
237 235
237 238
237 251
237 293
238 204
238 205
238 235
238 238
238 250
238 251
239 204
239 235
239 239
239 250
240 203
240 238
240 249
241 202
241 203
241 238
241 248
241 249
242 202
242 238
242 247
242 248
243 201
243 202
243 237
243 247
244 201
244 237
244 246
245 201
245 237
245 246
246 200
246 237
246 245
247 200
247 236
247 244
247 245
247 272
247 273
247 283
248 201
248 236
248 244
248 281
249 202
249 235
249 243
249 280
250 202
250 235
250 243
250 268
251 202
251 235
251 242
251 267
251 268
251 276
251 309
252 201
252 234
252 241
253 201
253 234
253 240
253 241
253 265
253 271
254 201
254 233
254 239
254 240
255 201
255 233
255 239
255 263
255 268
255 269
256 201
256 232
256 233
256 238
256 268
257 201
257 232
257 237
257 238
257 267
257 268
257 304
257 305
258 201
258 231
258 232
258 236
258 237
258 267
258 304
259 201
259 231
259 236
259 257
259 261
259 266
259 303
260 201
260 230
260 231
260 235
260 265
260 302
261 200
261 230
261 234
261 235
261 264
261 301
262 200
262 229
262 230
262 233
262 234
262 300
262 301
263 199
263 229
263 263
263 299
263 300
263 346
263 347
264 198
264 229
264 298
264 299
264 344
264 345
265 229
265 298
265 343
265 344
266 229
266 298
267 228
267 297
268 227
268 228
268 296
268 297
269 227
269 295
269 296
270 226
270 227
270 295
271 225
271 226
271 294
271 328
272 224
272 225
272 293
272 294
273 223
273 224
273 293
274 222
274 223
274 292
275 222
275 244
275 292
275 315
276 221
276 222
276 291
276 313
277 221
277 291
277 313
278 220
278 290
278 313
279 218
279 219
279 220
279 290
279 312
280 289
280 290
281 289
282 213
283 212
283 213
283 233
283 234
283 309
284 308
284 309
285 232
285 308
286 230
286 307
286 308
287 204
287 229
287 307
288 203
288 222
288 229
288 306
288 307
289 200
289 202
289 228
289 306
289 312
290 200
290 305
290 311
291 197
291 198
291 227
291 286
291 287
291 304
291 305
291 310
292 287
292 288
292 289
292 304
293 194
293 289
293 290
293 303
294 191
294 226
294 291
294 292
294 303
294 309
295 188
295 189
295 190
295 292
295 302
295 307
295 308
296 187
296 293
296 302
296 307
297 184
297 185
297 293
297 302
297 306
298 183
298 293
298 301
298 306
298 307
299 223
299 292
299 293
299 301
299 307
300 221
300 300
301 196
301 219
301 221
301 300
302 217
302 299
303 216
303 217
303 299
303 304
303 305
304 215
304 216
304 299
304 304
305 214
305 215
305 219
305 220
305 298
305 299
305 304
306 213
306 214
306 298
306 303
307 205
307 212
307 213
307 298
307 303
308 223
308 298
308 303
309 205
309 222
309 297
309 303
310 204
310 221
310 222
310 297
310 302
311 204
311 220
311 221
311 296
311 297
311 302
312 205
312 293
312 294
312 295
312 301
313 301
314 301
315 203
315 207
315 208
315 300
316 204
316 300
317 300
318 300
319 299
320 299
321 299
322 291
322 299
323 291
323 298
324 266
324 267
324 290
324 291
324 298
325 266
325 290
325 297
326 265
326 266
326 290
326 297
327 265
327 289
327 297
328 264
328 289
328 297
329 262
329 263
329 297
330 219
330 297
331 219
331 296
332 296
332 327
333 296
333 327
334 295
334 327
335 216
335 295
335 296
335 328
336 296
336 328
337 296
337 328
338 296
338 328
339 212
339 296
339 328
340 296
340 327
341 204
341 327
342 201
342 203
343 199
343 200
344 198
344 199
344 304
345 197
345 207
345 304
346 196
346 197
346 264
346 303
347 195
347 196
347 204
347 205
347 265
347 266
347 267
347 303
348 195
348 202
348 203
348 267
348 268
348 303
348 327
349 194
349 200
349 201
349 270
349 271
349 302
349 325
349 326
349 327
350 193
350 200
350 271
350 272
350 302
351 192
351 199
351 200
351 272
351 302
352 273
352 302
352 323
352 324
353 191
353 273
353 274
353 302
353 324
353 325
354 190
354 274
354 302
354 326
355 190
355 274
355 302
355 327
355 330
355 331
356 275
356 301
356 328
356 329
357 190
357 275
357 301
358 191
358 275
358 276
358 301
359 276
359 301
360 276
360 301
361 276
361 301
362 276
362 301
363 275
363 300
364 275
364 300
365 275
365 300
366 275
366 300
367 300
368 300
369 259
369 299
370 259
370 265
370 299
371 260
371 265
371 299
372 257
372 260
372 266
372 299
373 232
373 240
373 241
373 256
373 260
373 267
373 298
374 231
374 232
374 257
374 267
374 298
375 232
375 233
375 244
375 257
375 267
375 268
375 298
376 233
376 234
376 250
376 258
376 298
377 251
377 263
377 270
377 272
377 297
377 298
378 252
378 256
378 258
378 263
378 297
379 252
379 256
379 259
379 263
379 264
379 297
380 255
380 256
380 260
380 261
380 296
381 256
381 296
382 296
383 295
384 295
385 294
386 293
386 294
387 293
388 292
