168 227 109 125
169 285
170 290
170 291
171 292
172 296
172 297
173 280
173 281
173 298
174 281
175 276
175 282
176 276
176 282
177 276
177 282
178 276
178 282
179 276
179 282
180 276
180 283
181 275
181 283
182 275
182 283
183 275
183 283
184 275
184 283
185 274
185 283
186 274
186 283
187 273
187 282
188 273
188 282
189 272
189 282
190 272
190 281
191 236
191 271
191 272
191 281
192 235
192 236
192 270
192 281
193 234
193 235
193 270
193 274
193 280
194 232
194 233
194 234
194 269
194 274
194 280
195 232
195 268
195 274
195 280
196 231
196 232
196 273
196 279
197 231
197 272
197 279
198 230
198 231
198 272
198 278
199 229
199 230
199 272
199 278
200 228
200 277
201 229
201 276
202 229
202 275
202 276
203 229
203 275
204 229
204 274
205 229
205 230
205 231
205 274
206 229
206 255
206 256
206 273
207 272
207 273
208 272
209 251
209 271
210 249
210 259
210 260
210 261
210 262
210 271
211 257
211 260
211 261
211 270
212 246
212 269
212 332
212 333
212 334
212 335
212 336
212 337
212 338
212 339
212 340
213 244
213 268
213 269
213 328
213 329
213 330
213 331
213 341
213 342
213 343
213 344
213 345
213 346
213 347
213 348
214 242
214 267
214 268
214 325
214 326
214 327
215 240
215 242
215 267
215 323
215 324
215 325
216 238
216 266
216 321
216 322
216 334
216 335
216 336
216 337
216 338
216 343
216 344
216 345
217 234
217 235
217 236
217 237
217 265
217 266
217 319
217 320
217 330
217 331
217 332
217 333
217 339
217 340
217 341
217 346
217 347
217 348
218 225
218 226
218 227
218 265
218 327
218 328
218 329
219 221
219 222
219 223
219 224
219 264
219 325
219 327
220 220
220 232
220 233
220 263
220 324
221 230
221 231
221 232
221 263
221 321
221 323
222 229
222 262
222 314
222 320
223 227
223 228
223 242
223 261
223 262
223 313
224 223
224 226
224 240
224 241
224 261
224 312
225 221
225 222
225 233
225 234
225 235
225 239
225 260
225 319
226 219
226 220
226 230
226 231
226 232
226 236
226 238
226 259
226 260
226 310
226 317
226 318
227 217
227 237
227 238
227 258
227 259
227 316
228 215
228 216
228 238
228 258
228 315
229 257
229 309
229 310
229 311
229 312
229 314
230 256
230 257
231 256
232 235
232 236
232 255
233 236
233 254
233 255
233 304
233 305
233 307
234 236
234 253
234 254
234 304
235 236
235 252
235 253
235 295
235 303
236 235
236 252
236 303
237 235
237 238
237 251
237 293
238 235
238 238
238 250
238 251
239 235
239 239
239 250
240 238
240 249
241 238
241 248
241 249
242 238
242 247
242 248
243 237
243 247
244 237
244 246
245 237
245 246
246 237
246 245
247 236
247 244
247 245
247 272
247 273
247 283
248 236
248 244
248 281
249 235
249 243
249 280
250 235
250 243
250 268
251 235
251 242
251 267
251 268
251 276
251 309
252 234
252 241
253 234
253 240
253 241
253 265
253 271
254 233
254 239
254 240
255 233
255 239
255 263
255 268
255 269
256 232
256 233
256 238
256 268
257 232
257 237
257 238
257 267
257 268
257 304
257 305
258 231
258 232
258 236
258 237
258 267
258 304
259 231
259 236
259 257
259 261
259 266
259 303
260 230
260 231
260 235
260 265
260 302
261 230
261 234
261 235
261 264
261 301
262 229
262 230
262 233
262 234
262 300
262 301
263 229
263 263
263 299
263 300
263 346
263 347
264 229
264 298
264 299
264 344
264 345
265 229
265 263
265 298
265 343
265 344
266 229
266 262
266 298
267 228
267 261
267 262
267 297
268 227
268 228
268 296
268 297
269 227
269 295
269 296
270 226
270 227
270 295
271 225
271 226
271 294
271 328
272 224
272 225
272 293
272 294
273 223
273 224
273 293
274 223
274 292
275 244
275 292
275 315
276 291
276 313
277 291
277 313
278 290
279 290
280 289
280 290
281 289
