152 85 121 153
147 183
148 183
149 182
150 182
151 182
152 151
152 175
152 183
153 151
153 176
153 197
154 151
154 176
154 184
154 195
154 196
155 151
155 177
155 194
155 200
156 151
156 177
156 185
156 186
156 192
156 193
156 199
156 200
156 201
156 202
156 203
156 207
156 208
156 209
156 223
156 224
156 225
157 152
157 178
157 187
157 188
157 189
157 190
157 191
157 204
157 205
157 206
157 210
157 223
158 152
158 178
158 211
158 215
158 216
158 217
158 218
158 219
158 222
159 152
159 178
159 212
159 214
159 220
159 222
160 152
160 190
160 191
160 222
161 152
161 191
161 192
162 152
162 193
162 194
163 152
164 152
165 153
166 153
167 149
167 153
167 170
168 149
168 153
168 170
168 212
168 217
168 218
168 220
169 148
169 153
169 169
169 202
170 148
170 154
170 169
171 148
171 154
171 168
172 148
172 149
172 154
172 168
172 169
172 191
172 192
172 193
172 220
173 149
173 154
173 169
173 170
174 150
174 154
174 170
174 171
175 149
175 154
176 154
176 201
176 202
176 203
176 204
176 205
176 206
176 207
177 154
177 193
177 194
177 195
177 196
178 154
178 155
178 191
178 192
179 155
180 155
181 155
181 205
182 155
182 205
183 156
184 156
184 205
185 156
186 157
187 157
188 157
188 206
189 158
190 158
191 159
191 207
192 159
192 160
193 160
194 161
195 161
195 162
196 162
196 163
196 172
196 207
197 163
197 164
197 172
197 173
198 164
198 173
199 165
199 173
200 166
200 173
201 167
201 173
201 177
201 178
201 179
201 180
201 181
202 168
202 174
202 177
203 169
203 175
203 176
203 177
203 229
204 169
204 170
204 175
205 170
205 232
206 174
206 225
206 229
207 174
207 225
208 168
208 174
208 225
208 226
209 167
209 168
209 169
209 170
209 171
209 172
209 174
209 225
210 166
210 167
210 172
210 174
210 224
211 164
211 165
211 166
211 174
211 175
211 223
212 164
212 222
213 163
213 170
213 177
213 222
214 162
214 163
214 169
214 177
214 178
214 220
214 221
215 159
215 160
215 167
215 168
215 179
215 180
215 220
216 158
216 159
216 165
216 166
216 180
216 219
217 157
217 158
217 182
217 204
217 205
217 206
217 207
217 208
218 156
218 183
218 184
218 193
218 194
218 203
218 206
218 209
218 225
218 226
218 227
219 155
219 163
219 185
219 191
219 192
219 195
219 196
219 210
219 221
219 222
219 223
219 224
220 153
220 154
220 160
220 161
220 186
220 190
220 197
220 198
220 199
220 200
220 201
220 202
220 211
220 213
220 214
220 215
220 216
220 217
220 218
220 219
220 220
220 232
220 233
220 234
221 151
221 159
221 160
221 186
221 212
221 232
222 150
222 158
222 230
223 149
223 157
223 187
223 228
224 146
224 147
224 155
224 156
224 187
224 224
224 225
225 144
225 145
225 151
225 153
225 154
225 188
225 223
226 144
226 188
227 189
227 218
228 189
229 190
230 190
231 190
232 138
232 211
233 138
233 139
233 210
234 137
234 138
234 209
235 136
235 138
235 208
236 135
236 136
236 207
237 135
237 191
238 186
238 191
238 205
239 204
240 203
241 185
241 191
241 203
242 146
242 183
243 146
243 165
243 181
244 123
244 124
244 125
244 126
244 127
244 128
244 129
244 130
244 131
244 132
244 133
244 134
244 135
244 147
244 148
244 149
245 118
245 119
245 120
245 121
245 136
245 137
245 138
245 139
245 140
245 141
245 142
245 143
245 144
245 145
245 179
246 115
246 116
246 117
246 169
246 177
247 113
247 114
247 174
247 175
247 176
248 110
248 111
248 112
248 151
248 172
248 173
249 107
249 108
249 109
249 172
250 105
250 106
250 107
250 135
250 136
250 137
250 138
250 139
250 140
250 172
250 198
251 103
251 104
251 164
251 171
251 197
252 101
252 102
252 165
252 166
252 171
252 197
253 100
253 101
253 171
253 197
254 99
254 171
254 197
255 97
255 98
255 171
255 172
256 96
256 97
256 172
257 94
257 95
258 93
258 94
258 174
259 91
259 92
259 175
259 176
259 177
259 178
260 90
260 91
260 195
260 230
260 231
261 89
261 90
261 179
261 180
261 195
261 230
262 88
262 89
262 180
262 194
262 229
263 87
263 88
263 180
263 181
263 229
264 86
264 87
264 181
264 182
264 188
264 193
265 85
265 86
265 182
265 183
265 193
265 198
266 85
266 183
267 84
267 184
267 197
268 184
268 185
268 197
269 196
270 185
270 196
272 185
273 184
273 185
274 184
275 183
275 184
276 183
277 183
278 182
279 182
281 180
282 179
282 180
283 179
284 178
285 76
286 76
287 75
295 73
297 74
298 75
299 75
