168 283 173 69
169 285
170 290
170 291
171 292
172 296
172 297
173 280
173 281
173 298
174 281
175 282
176 282
177 282
178 282
179 282
180 283
181 283
182 283
183 283
184 283
185 283
186 283
187 282
188 282
189 282
190 281
191 281
192 281
193 280
194 280
195 280
196 279
197 279
198 278
199 278
200 277
201 276
202 275
202 276
203 275
204 274
205 274
206 273
207 272
207 273
208 272
209 271
210 271
211 270
212 269
212 332
212 333
212 334
212 335
212 336
212 337
212 338
212 339
212 340
213 268
213 269
213 329
213 330
213 331
213 341
213 342
213 343
213 344
213 345
213 346
213 347
213 348
214 267
214 268
214 327
215 267
215 323
216 266
216 321
216 322
216 334
216 335
216 336
216 337
216 338
216 343
216 344
217 265
217 266
217 319
217 320
217 330
217 332
217 333
217 339
217 340
217 341
217 347
217 348
218 265
219 264
219 326
220 263
220 324
221 263
221 321
221 322
222 262
222 314
223 261
223 262
223 320
224 261
224 312
224 319
225 260
225 311
225 319
226 259
226 260
226 310
226 317
226 318
227 258
227 259
227 316
228 258
228 315
229 257
229 309
229 310
230 256
230 257
230 308
231 256
231 309
232 255
232 300
232 301
232 302
232 308
233 254
233 255
233 297
233 298
233 299
233 303
233 306
233 308
234 253
234 254
234 296
234 303
235 252
235 253
235 294
236 252
236 294
236 302
237 251
237 292
237 302
238 250
238 251
238 291
238 292
239 250
240 249
241 248
242 247
244 290
245 285
245 286
245 287
245 288
245 289
246 283
246 284
247 282
248 280
249 279
250 277
250 278
250 279
251 275
251 276
251 277
251 309
252 273
252 274
252 308
252 309
253 307
253 308
254 307
255 306
256 305
257 304
257 305
258 304
259 303
262 300
262 301
263 299
263 300
263 346
263 347
264 344
264 345
265 343
265 344
267 297
268 296
269 295
269 296
270 295
271 294
271 328
273 293
274 323
274 324
275 292
275 314
275 315
275 322
275 323
276 291
276 313
276 314
276 321
277 291
277 313
277 320
278 313
278 319
278 320
279 312
279 313
279 319
280 289
280 312
280 318
281 311
281 317
281 318
282 310
282 311
282 317
283 309
283 310
283 316
284 308
284 309
284 315
284 316
285 308
286 307
286 308
286 314
287 307
287 313
288 306
288 307
288 312
289 306
289 312
290 305
290 311
291 286
291 287
291 304
291 305
291 310
292 287
292 288
292 289
292 304
293 289
293 290
293 303
294 291
294 292
294 303
294 309
295 292
295 302
295 307
295 308
296 293
296 302
296 307
297 293
297 302
297 306
298 293
298 301
298 306
298 307
299 292
299 293
299 301
299 307
300 300
301 300
302 299
303 299
303 304
303 305
304 299
304 304
305 298
305 299
305 304
306 298
306 303
307 298
307 303
308 298
308 303
309 297
309 303
310 297
310 302
311 296
311 297
311 302
312 293
312 294
312 295
312 301
313 301
314 301
315 300
316 300
317 300
318 300
319 299
320 299
321 299
322 291
322 299
323 291
323 298
324 290
324 291
324 298
325 290
325 297
326 290
326 297
327 289
327 297
328 289
328 297
329 297
330 297
331 296
332 296
332 327
333 296
333 327
334 295
334 327
335 295
335 296
335 328
336 296
336 328
337 296
337 328
338 296
338 328
339 296
339 328
340 296
340 327
341 327
