278 84 105 43
278 88
278 90
281 87
282 87
282 88
283 88
284 89
285 89
285 90
286 88
286 89
287 88
288 88
288 96
290 98
290 105
291 98
291 105
292 99
292 104
292 105
293 99
293 100
293 104
294 99
294 100
294 103
294 104
295 103
298 101
300 100
301 98
301 99
302 88
302 89
302 93
302 94
302 95
302 96
302 97
302 98
343 89
345 84
345 125
346 112
347 127
351 115
352 92
352 106
353 91
353 107
353 125
354 108
355 109
355 120
355 121
356 120
357 99
357 119
358 99
358 118
358 119
359 98
359 117
359 118
360 97
360 115
360 116
361 96
361 97
361 114
362 95
362 113
362 114
363 95
363 112
363 113
364 94
365 110
365 111
366 93
366 110
367 92
367 93
369 91
369 107
370 90
371 90
372 90
373 90
374 91
374 92
375 92
