380 41 78 31
383 54
392 47
393 46
393 47
394 46
406 46
407 46
407 47
408 48
409 49
410 50
414 34
414 53
414 54
415 33
415 34
415 54
415 55
416 33
416 55
416 56
417 32
417 56
417 57
418 31
418 57
418 58
419 58
419 59
420 60
421 60
421 61
422 62
423 63
425 65
426 65
426 66
426 67
427 67
427 68
428 64
428 68
429 64
429 69
430 71
433 62
434 62
434 66
435 61
435 65
436 61
436 65
437 61
437 64
437 71
438 60
438 64
438 71
439 60
439 64
440 59
440 64
440 70
441 58
441 70
442 42
442 58
442 70
443 58
443 62
443 69
444 50
444 51
444 57
444 62
444 69
445 52
445 57
445 61
445 68
445 69
446 46
446 56
446 57
446 61
446 68
447 56
447 60
447 67
448 55
448 56
448 67
449 55
449 66
450 49
450 50
450 51
450 55
450 66
451 52
451 65
452 52
452 53
452 65
452 70
453 53
453 70
454 54
454 64
454 69
455 64
455 69
456 63
456 68
457 63
457 68
458 68
459 68
460 67
