169 164 53 76
169 202
172 191
172 192
172 193
172 220
176 201
176 202
176 203
176 204
176 205
176 206
176 207
177 193
177 194
177 195
177 196
178 191
178 192
181 205
182 205
184 205
185 205
186 205
188 206
191 207
196 207
203 168
203 229
204 175
205 232
206 229
209 169
210 166
210 167
210 172
211 164
211 165
211 166
212 163
212 164
212 176
213 163
213 170
214 161
214 162
214 163
214 169
215 159
215 160
215 161
215 167
215 168
216 158
216 159
216 165
216 166
216 181
217 157
217 158
217 183
218 156
219 155
219 184
219 221
219 222
219 223
219 224
220 153
220 154
220 189
220 234
221 151
221 232
222 230
223 228
224 224
224 225
225 223
227 218
