243 187 251 109
242 190
243 190
244 191
244 290
245 192
245 285
245 286
245 287
245 288
245 289
246 192
246 193
246 283
246 284
247 192
247 282
248 186
248 187
248 192
248 271
248 272
248 280
249 187
249 188
249 191
249 192
249 202
249 269
249 270
249 279
250 187
250 191
250 202
250 269
250 277
250 278
250 279
251 191
251 202
251 275
251 277
252 190
252 201
252 266
252 267
252 273
252 274
253 190
253 201
254 190
254 201
254 264
254 270
255 190
255 197
255 201
256 190
256 197
256 201
256 233
256 262
256 268
257 189
257 196
257 201
257 232
257 268
258 189
258 201
258 231
258 232
258 258
258 259
258 260
258 261
258 267
259 189
259 196
259 201
259 231
259 266
260 189
260 195
260 201
260 256
260 262
260 265
261 189
261 195
261 200
261 255
261 264
262 189
262 194
262 195
262 200
262 230
262 253
262 254
262 263
263 188
263 194
263 199
263 253
263 263
264 193
264 198
264 229
264 252
264 263
265 193
265 229
265 250
265 251
265 263
266 188
266 198
266 229
266 249
266 250
266 251
266 262
267 188
267 228
267 248
267 261
267 262
268 188
268 198
268 227
268 228
268 246
268 247
268 248
268 259
268 260
269 188
269 227
269 244
269 245
269 256
269 257
269 258
270 188
270 226
270 227
270 243
270 244
270 254
270 255
271 188
271 195
271 225
271 226
271 241
271 242
271 253
271 254
272 189
272 224
272 225
272 240
272 251
272 252
273 189
273 190
273 223
273 224
273 238
273 249
273 250
273 251
274 191
274 222
274 223
274 236
274 237
274 246
274 247
274 248
274 249
275 192
275 222
275 234
275 235
275 243
275 244
275 245
276 192
276 222
276 234
276 240
276 241
276 242
276 243
277 191
277 221
277 240
278 191
278 240
279 190
279 218
279 234
279 235
279 236
279 237
279 239
279 240
280 189
280 216
280 217
280 218
280 234
280 238
280 239
281 189
281 214
281 215
281 234
282 189
282 214
282 228
282 234
283 188
283 189
283 225
283 226
283 228
284 187
284 211
284 212
284 225
284 226
284 227
284 232
284 233
285 186
285 187
285 210
285 211
285 231
285 232
286 186
286 206
286 207
286 208
286 209
286 230
287 205
287 219
287 220
287 221
287 222
287 223
287 229
288 202
288 219
288 229
289 201
289 218
289 219
289 228
290 199
290 218
290 228
291 217
291 218
291 227
292 195
292 196
292 227
293 193
293 226
294 192
294 225
294 226
295 225
296 186
296 224
296 225
297 224
298 174
298 175
298 182
298 204
298 206
298 223
299 173
299 174
299 198
299 199
299 202
299 203
299 205
299 222
300 172
300 173
300 197
300 198
300 199
300 200
300 201
300 217
300 222
301 172
301 197
301 200
301 218
301 220
302 171
302 201
302 217
303 170
303 171
304 194
304 215
304 216
304 220
305 194
305 214
305 215
305 219
306 194
306 205
306 206
306 213
307 194
307 205
307 206
307 213
308 193
308 194
309 192
309 193
309 205
309 215
310 190
310 191
310 204
310 214
310 215
311 204
311 213
311 214
312 187
312 188
312 205
312 208
312 209
312 210
312 211
312 212
312 221
313 186
313 187
313 221
314 208
314 220
315 182
315 220
316 180
316 181
316 182
316 205
316 206
316 207
316 220
317 179
317 180
317 205
317 206
317 220
328 288
329 287
329 288
330 219
330 286
330 287
331 219
332 217
332 218
332 284
332 285
332 286
333 217
333 286
333 287
334 217
336 215
336 216
337 214
337 215
338 213
338 214
339 213
340 211
340 212
341 205
341 206
341 207
341 208
341 209
341 210
341 211
342 202
346 206
348 195
348 202
348 269
349 193
349 194
350 192
350 193
350 200
351 192
351 199
351 200
353 191
354 190
355 190
357 190
358 191
361 195
362 194
363 193
364 192
365 192
366 194
367 193
368 191
368 192
368 194
369 191
370 190
371 189
371 190
372 188
372 189
373 232
373 240
373 241
374 231
375 232
375 233
375 244
376 233
376 234
376 269
378 263
378 270
378 271
378 272
379 263
379 264
380 260
380 261
381 256
429 265
430 264
431 264
432 263
433 258
433 263
434 258
434 259
434 262
435 258
435 259
435 262
436 258
436 259
436 262
437 258
438 258
438 262
438 284
438 285
439 257
439 262
439 286
439 287
439 288
439 289
440 257
440 261
440 279
440 280
440 281
441 258
441 261
441 279
442 258
442 277
442 278
443 275
443 276
443 277
444 257
445 257
445 272
445 273
446 257
446 269
446 270
446 271
447 257
447 268
448 257
449 257
449 260
449 263
449 264
449 265
449 266
450 257
450 260
450 261
450 262
450 263
451 257
451 261
452 256
452 257
452 267
452 268
453 255
453 256
453 265
453 266
453 267
454 254
454 255
454 261
454 265
455 253
455 254
455 261
455 265
456 252
456 260
457 243
457 244
457 245
457 246
457 247
457 248
457 251
457 259
458 241
458 250
459 231
459 232
459 233
459 234
459 238
459 240
459 249
460 235
460 238
461 247
462 228
462 229
462 246
462 247
463 226
463 228
463 229
463 246
464 229
464 245
465 209
465 229
465 244
466 207
466 208
466 243
467 242
468 207
468 229
469 207
469 224
469 229
469 242
470 208
470 224
470 229
470 233
470 241
470 242
471 171
471 172
471 224
471 229
471 233
471 241
472 223
472 224
472 228
472 233
473 204
473 223
473 227
473 228
473 233
474 204
474 223
474 228
474 233
475 204
475 223
475 232
475 238
476 203
476 209
476 222
476 227
476 232
476 235
476 237
477 203
477 209
477 212
477 227
477 232
478 203
478 208
478 212
478 227
478 232
479 202
479 208
479 212
479 226
479 231
480 202
480 207
480 211
480 221
480 226
480 231
481 202
481 207
481 211
481 221
481 226
481 231
482 202
482 207
482 221
482 226
482 231
483 201
483 221
483 226
483 230
483 231
484 201
484 221
484 226
484 230
485 201
485 221
485 225
485 230
486 200
486 209
486 221
486 229
487 201
487 209
487 221
487 228
487 229
488 201
488 202
488 222
488 228
489 200
489 201
489 208
489 222
490 200
490 220
491 177
491 205
