252 186 154 86
254 270
256 233
257 232
258 231
258 232
258 258
258 259
258 260
258 261
259 196
259 231
260 195
260 256
260 262
261 195
261 255
262 194
262 195
262 230
262 253
262 254
262 263
263 194
263 253
264 193
264 229
264 252
264 263
265 193
265 229
265 250
265 251
265 263
266 188
266 198
266 229
266 249
266 250
266 251
266 262
267 188
267 228
267 248
267 261
267 262
268 188
268 198
268 227
268 228
268 246
268 247
268 248
268 259
268 260
269 188
269 227
269 244
269 245
269 256
269 257
269 258
270 185
270 186
270 188
270 226
270 227
270 243
270 244
270 254
270 255
271 188
271 195
271 225
271 226
271 241
271 242
271 253
271 254
272 189
272 224
272 225
272 240
272 251
272 252
273 189
273 190
273 223
273 224
273 238
273 249
273 250
273 251
274 191
274 222
274 223
274 236
274 237
274 246
274 247
274 248
274 249
275 192
275 222
275 234
275 235
275 243
275 244
275 245
276 192
276 222
276 234
276 240
276 241
276 242
276 243
277 191
277 221
277 240
278 191
278 240
279 190
279 218
279 234
279 235
279 236
279 237
279 239
279 240
280 189
280 216
280 217
280 218
280 234
280 238
280 239
281 189
281 214
281 215
281 234
282 189
282 214
282 228
282 234
283 188
283 189
283 225
283 226
283 228
284 187
284 211
284 212
284 225
284 226
284 227
284 232
284 233
285 186
285 187
285 210
285 211
285 231
285 232
286 186
286 206
286 207
286 208
286 209
286 230
287 205
287 219
287 220
287 221
287 222
287 223
287 229
288 202
288 219
288 229
289 201
289 218
289 219
289 228
290 199
290 218
290 228
291 217
291 218
291 227
292 195
292 196
292 227
293 193
293 226
294 192
294 225
294 226
295 225
296 186
296 224
296 225
297 224
298 174
298 175
298 182
298 204
298 206
298 223
299 173
299 174
299 198
299 199
299 202
299 203
299 205
299 222
300 172
300 173
300 197
300 198
300 199
300 200
300 201
300 217
300 222
301 172
301 197
301 200
301 218
301 220
302 171
302 201
302 217
303 170
303 171
304 194
304 215
304 216
304 220
305 194
305 214
305 215
305 219
306 194
306 205
306 206
306 213
307 194
307 205
307 206
307 213
308 193
308 194
309 192
309 193
309 205
309 215
310 190
310 191
310 204
310 214
310 215
311 204
311 213
311 214
312 187
312 188
312 205
312 208
312 209
312 210
312 211
312 212
313 186
313 187
314 183
314 184
314 185
314 208
315 182
315 183
316 180
316 181
316 182
316 205
316 206
316 207
317 179
317 180
317 205
317 206
330 219
331 219
332 217
332 218
333 217
335 216
339 212
341 204
342 201
342 203
343 199
343 200
344 198
344 199
345 197
345 207
346 196
346 197
347 195
347 196
347 204
347 205
348 194
348 195
348 202
348 203
349 193
349 194
349 200
349 201
350 192
350 193
350 200
351 192
351 199
351 200
353 191
354 190
355 190
357 190
358 191
361 195
362 194
363 193
364 192
365 192
366 194
367 193
368 191
368 192
368 194
369 191
373 232
373 240
373 241
374 231
374 232
375 232
375 233
375 244
376 233
376 234
378 263
379 263
379 264
380 260
380 261
381 256
