423 35 30 39
414 53
414 54
415 54
415 55
416 55
416 56
417 56
417 57
418 57
418 58
419 58
419 59
420 60
421 60
421 61
422 62
423 63
424 51
424 64
425 51
425 64
425 65
426 51
426 65
426 66
426 67
427 67
427 68
428 50
428 64
428 68
428 69
429 64
429 69
429 70
430 70
430 71
431 30
431 38
431 71
433 37
433 62
434 62
434 66
435 61
435 65
436 35
436 61
436 65
437 61
437 64
437 71
438 60
438 64
438 71
439 60
439 64
440 40
440 41
440 59
440 64
440 70
441 41
441 58
441 70
442 42
442 58
442 70
443 58
443 62
443 69
444 57
444 62
444 69
445 52
445 57
445 61
445 68
445 69
446 56
446 57
446 61
446 68
446 73
447 56
447 60
447 67
448 55
448 56
448 67
449 55
449 66
449 72
450 50
450 55
450 66
450 71
451 65
452 65
452 70
453 70
454 69
455 69
456 68
457 68
458 68
459 68
460 67
