415 0 84 103
414 53
414 54
415 54
415 55
416 55
416 56
417 40
417 50
417 56
417 57
418 40
418 41
418 50
418 57
418 58
419 40
419 41
419 50
419 58
419 59
420 40
420 49
420 60
421 40
421 49
421 60
421 61
422 44
422 49
422 62
423 44
423 48
423 63
424 38
424 39
424 44
424 48
424 51
424 64
425 39
425 44
425 48
425 51
425 64
425 65
426 40
426 41
426 44
426 47
426 51
426 65
426 66
426 67
427 40
427 44
427 47
427 67
427 68
428 39
428 40
428 46
428 47
428 50
428 64
428 68
428 69
429 29
429 47
429 50
429 64
429 69
429 70
430 46
430 50
430 70
430 71
431 30
431 38
431 50
431 71
431 73
431 74
432 30
432 31
432 75
433 31
433 37
433 62
433 76
434 32
434 62
434 66
434 76
434 77
434 78
434 79
435 61
435 65
435 81
436 35
436 61
436 65
436 81
436 82
437 61
437 64
437 71
438 37
438 60
438 64
438 71
438 85
439 38
439 39
439 60
439 64
439 86
440 40
440 41
440 59
440 64
440 70
441 11
441 41
441 58
441 64
441 70
441 75
441 90
442 41
442 42
442 58
442 70
442 74
442 91
443 9
443 10
443 43
443 49
443 50
443 58
443 62
443 69
443 74
443 91
443 92
444 8
444 43
444 44
444 50
444 51
444 57
444 62
444 69
444 74
444 92
445 45
445 52
445 57
445 61
445 68
445 69
445 73
445 93
446 45
446 56
446 57
446 61
446 68
446 73
446 92
447 47
447 56
447 60
447 67
447 72
447 92
448 47
448 48
448 55
448 56
448 67
449 48
449 49
449 55
449 66
449 72
449 91
450 49
450 51
450 55
450 66
450 71
450 90
451 52
451 65
451 90
452 52
452 53
452 65
452 70
452 89
452 103
453 53
453 54
453 70
453 88
453 89
453 102
454 54
454 64
454 69
454 88
454 102
455 55
455 64
455 69
455 87
455 88
456 55
456 56
456 57
456 63
456 68
456 87
456 92
457 57
457 58
457 63
457 68
457 87
457 92
458 58
458 59
458 62
458 68
458 86
458 91
458 92
459 62
459 68
459 86
459 91
460 62
460 67
460 85
460 86
460 91
461 62
461 85
461 90
462 62
462 63
462 64
462 65
462 85
462 90
463 65
463 84
463 89
463 94
464 65
464 66
464 84
464 89
464 94
465 66
465 84
465 89
465 94
466 67
466 68
466 83
466 93
467 68
467 69
467 83
467 88
467 93
468 69
468 70
468 83
468 88
469 71
469 72
469 83
469 87
470 72
470 73
470 82
470 87
471 74
471 75
471 82
472 75
472 76
473 77
473 82
474 78
474 79
474 81
476 86
477 85
477 89
477 101
478 89
478 102
479 90
479 91
479 102
480 91
480 92
480 102
481 100
