87 187 143 56
109 229
109 231
110 218
110 219
110 220
110 221
110 222
110 223
110 224
110 225
110 226
110 227
111 178
111 179
111 213
111 215
111 217
112 179
112 180
112 181
112 211
112 212
114 182
115 183
116 184
116 185
116 206
117 185
117 186
117 205
117 235
117 236
118 186
118 205
118 228
118 229
118 230
118 231
118 232
118 233
118 234
118 237
119 187
119 220
119 221
119 222
119 223
119 224
119 225
119 226
119 227
120 187
120 217
120 218
120 219
121 188
121 208
121 215
121 216
121 217
122 188
122 213
122 214
122 215
124 189
125 189
127 189
131 188
132 188
133 188
136 187
137 187
138 187
139 186
144 213
145 213
146 213
147 213
148 213
149 212
150 212
153 197
154 183
154 195
154 196
155 184
155 185
155 194
155 200
156 185
156 186
156 192
156 193
156 199
156 200
156 201
156 202
156 203
156 207
156 208
156 209
156 223
156 224
156 225
157 187
157 188
157 189
157 190
157 191
157 204
157 205
157 206
157 210
157 223
157 227
157 228
158 211
158 215
158 216
158 217
158 218
158 219
158 222
159 212
159 220
159 221
159 222
160 190
160 191
160 222
161 191
161 192
162 193
162 194
163 193
166 225
166 226
167 221
167 222
167 223
167 224
168 219
169 203
169 204
169 205
169 210
169 211
169 214
169 215
169 216
170 196
170 197
170 198
170 199
170 200
170 201
170 202
170 206
170 207
170 208
170 209
171 194
171 195
171 222
171 223
172 219
172 220
172 221
173 181
173 182
173 183
173 184
173 185
173 186
173 187
173 188
173 189
173 190
173 216
173 217
173 218
174 175
174 176
174 177
174 178
174 179
174 180
174 213
174 214
174 215
174 216
175 174
175 206
175 207
175 208
175 209
175 210
175 211
178 190
183 205
184 205
185 205
186 205
187 206
188 206
189 206
190 206
191 207
192 207
192 235
193 207
193 234
193 235
194 207
195 208
196 207
197 207
197 231
198 230
198 231
199 229
199 230
200 228
201 229
202 229
204 229
205 226
205 229
205 230
205 231
205 232
206 226
207 226
219 221
219 222
219 223
219 224
220 189
220 190
220 234
221 232
222 230
223 228
224 224
224 225
224 240
224 241
225 223
225 233
225 234
225 235
225 239
226 230
226 231
226 232
226 236
226 238
227 218
227 237
227 238
228 238
232 211
233 210
234 209
235 208
236 207
238 205
239 204
240 203
241 202
241 203
242 202
243 201
243 202
244 201
245 201
246 200
247 200
248 201
