219 194 125 137
217 204
217 205
217 206
217 207
217 208
218 193
218 194
218 203
218 206
218 209
219 191
219 192
219 195
219 196
219 210
220 189
220 197
220 198
220 199
220 200
220 201
220 202
220 211
220 213
220 214
220 215
220 216
220 217
220 218
220 219
220 232
220 233
220 324
221 212
221 230
221 231
221 321
222 229
222 314
223 227
223 242
223 313
224 223
224 226
224 240
224 241
224 312
225 221
225 222
225 239
225 311
225 319
226 219
226 220
226 232
226 236
226 238
226 310
226 317
226 318
227 217
227 237
227 238
227 316
228 215
228 216
228 238
228 315
229 214
229 215
229 309
229 310
230 213
230 214
230 308
231 212
231 213
231 309
232 210
232 235
232 236
232 300
232 301
232 302
232 308
233 209
233 236
233 297
233 298
233 299
233 303
233 306
233 308
234 208
234 236
234 296
234 303
235 207
235 236
235 294
236 206
236 235
236 294
236 302
237 205
237 206
237 235
237 238
237 292
237 302
238 204
238 235
238 238
238 291
238 292
239 235
239 239
240 238
241 202
241 238
241 249
242 202
242 238
242 248
243 201
243 202
243 237
243 247
244 201
244 237
244 246
244 290
245 201
245 237
245 246
245 285
245 286
245 287
245 288
245 289
246 200
246 237
246 245
246 283
246 284
247 200
247 236
247 244
247 245
247 282
247 283
248 201
248 236
248 244
248 271
248 272
248 280
248 281
249 202
249 235
249 243
249 269
249 270
249 279
249 280
250 198
250 202
250 235
250 243
250 269
250 277
250 278
250 279
251 197
251 202
251 235
251 242
251 275
251 277
252 197
252 201
252 234
252 241
252 266
252 267
252 273
252 274
253 197
253 201
253 234
253 240
253 241
254 197
254 201
254 233
254 239
254 240
254 264
254 270
255 197
255 201
255 233
255 239
256 197
256 201
256 232
256 233
256 238
256 262
256 268
257 196
257 201
257 232
257 237
257 238
257 268
258 201
258 231
258 232
258 236
258 237
258 258
258 259
258 260
258 261
258 267
259 196
259 201
259 231
259 236
259 266
260 195
260 201
260 230
260 235
260 256
260 262
260 265
260 302
261 195
261 200
261 234
261 235
261 255
261 264
261 301
262 194
262 195
262 200
262 230
262 233
262 234
262 253
262 254
262 263
263 194
263 199
263 253
263 263
264 193
264 198
264 229
264 252
264 263
264 298
264 299
265 193
265 229
265 250
265 251
265 263
265 298
266 198
266 229
266 249
266 250
266 251
266 262
266 298
267 228
267 248
267 261
267 262
268 198
268 227
268 228
268 246
268 247
268 248
268 259
268 260
268 297
269 227
269 244
269 245
269 256
269 257
269 258
270 226
270 227
270 243
270 244
270 254
270 255
271 195
271 225
271 226
271 241
271 242
271 253
271 254
271 328
272 224
272 225
272 240
272 251
272 252
272 293
272 294
273 223
273 224
273 238
273 249
273 250
273 251
274 222
274 223
274 236
274 237
274 246
274 247
274 248
274 249
274 292
275 222
275 234
275 235
275 243
275 244
275 245
275 315
276 222
276 234
276 240
276 241
276 242
276 243
276 313
277 221
277 240
277 313
278 240
278 290
278 313
279 218
279 219
279 234
279 235
279 236
279 237
279 239
279 240
279 290
279 312
280 216
280 217
280 218
280 234
280 238
280 239
280 290
281 214
281 215
281 234
281 289
282 214
282 228
282 234
283 212
283 213
283 225
283 226
283 228
283 233
284 211
284 212
284 225
284 226
284 227
284 232
284 233
285 210
285 211
285 231
285 232
286 206
286 207
286 208
286 209
286 230
287 204
287 205
287 219
287 220
287 221
287 222
287 223
287 229
288 202
288 203
288 219
288 222
288 229
289 201
289 202
289 218
289 219
289 228
290 199
290 200
290 218
291 197
291 198
291 217
291 218
291 227
291 286
291 287
292 195
292 196
293 193
293 194
293 289
294 191
294 192
294 226
295 188
295 189
295 190
296 186
296 187
297 184
297 185
298 182
298 183
298 204
298 206
299 198
299 199
299 202
299 203
299 205
299 223
300 197
300 198
300 199
300 200
300 201
300 221
301 196
301 197
301 200
301 219
301 221
302 201
302 217
303 194
303 195
303 216
303 217
304 194
304 215
304 216
305 194
305 214
305 215
305 219
305 220
306 194
306 213
306 214
307 194
307 205
307 212
307 213
308 193
308 194
308 223
309 205
309 222
310 204
310 221
310 222
311 204
311 220
311 221
312 205
315 203
315 207
315 208
316 204
324 266
324 267
325 266
326 265
326 266
327 265
328 264
329 262
329 263
330 219
331 219
335 216
339 212
341 204
342 201
342 203
343 199
343 200
344 198
344 199
345 197
346 196
346 197
347 195
347 196
348 195
349 194
350 193
351 192
353 191
354 190
355 190
357 190
358 191
