350 87 32 49
348 128
350 114
351 93
351 94
352 91
352 92
352 106
352 116
353 90
353 107
354 88
354 89
354 108
354 122
355 84
355 85
355 86
355 87
356 70
356 71
356 72
356 73
356 74
356 75
356 76
356 77
356 78
356 79
356 80
356 81
356 82
356 83
357 99
358 99
359 98
360 97
361 96
361 97
362 95
362 96
363 95
363 112
364 94
364 111
364 112
365 93
365 94
365 110
365 111
366 93
366 109
366 110
367 92
367 93
367 108
367 109
368 92
368 108
369 91
369 107
370 90
370 107
371 90
371 105
371 106
372 90
372 105
373 90
373 104
374 91
374 92
374 104
375 92
