166 129 99 67
152 151
153 151
154 151
155 151
156 151
157 152
158 152
159 152
160 152
161 152
162 152
163 152
164 152
165 153
166 153
167 149
167 153
168 149
168 153
169 148
169 153
170 148
170 154
170 169
171 148
171 154
171 168
172 148
172 149
172 154
172 168
172 169
173 149
173 154
173 169
173 170
174 150
174 154
174 170
174 171
175 149
175 154
176 154
177 154
177 193
177 194
177 195
177 196
178 154
178 155
178 191
178 192
179 155
180 155
181 155
182 155
183 156
184 156
185 156
186 157
187 157
188 157
189 158
190 158
191 159
192 159
192 160
193 160
194 161
195 161
195 162
196 162
196 163
196 172
197 163
197 164
197 172
197 173
198 164
198 173
199 165
199 173
200 166
200 173
201 167
201 173
201 177
201 178
201 179
201 180
201 181
202 168
202 174
202 177
203 169
203 175
203 176
203 177
204 169
204 170
204 175
205 170
206 174
207 174
208 168
208 174
209 167
209 168
209 169
209 170
209 171
209 172
209 174
210 166
210 167
210 174
211 164
211 165
211 166
211 174
211 175
212 163
212 164
213 163
213 170
213 177
214 161
214 163
214 169
214 177
214 178
215 159
215 160
215 161
215 167
215 168
215 179
215 180
216 166
216 180
217 158
217 182
218 156
218 183
218 184
219 155
219 163
219 185
220 153
220 154
220 160
220 161
220 186
221 151
221 159
221 160
221 186
222 150
222 158
223 149
223 157
224 146
224 147
224 155
224 156
225 144
225 145
225 151
225 153
225 154
225 188
226 144
226 188
227 189
228 189
229 190
230 190
231 190
232 138
233 138
233 139
234 137
234 138
235 136
235 138
236 135
236 136
237 135
237 191
238 186
238 191
241 185
241 191
242 146
242 183
243 146
243 165
243 181
244 123
244 124
244 125
244 126
244 127
244 128
244 129
244 130
244 131
244 132
244 133
244 134
244 135
244 147
244 148
244 149
245 118
245 119
245 120
245 121
245 136
245 137
245 138
245 139
245 140
245 141
245 142
245 143
245 144
245 145
245 179
246 115
246 116
246 117
246 169
246 177
247 113
247 114
247 174
247 175
247 176
248 110
248 111
248 112
248 151
248 172
248 173
249 107
249 108
249 109
249 172
250 105
250 106
250 107
250 135
250 136
250 137
250 138
250 139
250 140
250 172
251 103
251 104
251 164
251 171
252 101
252 102
252 165
252 166
252 171
253 100
253 101
253 171
254 99
254 171
255 97
255 98
255 171
255 172
256 96
256 97
256 172
257 94
257 95
258 93
258 94
259 91
259 92
260 90
260 91
260 195
261 89
261 90
261 195
262 88
262 89
262 194
263 88
264 86
264 87
264 188
264 193
265 193
