321 186 68 124
328 288
329 287
329 288
330 219
330 286
330 287
331 219
332 217
332 218
332 284
332 285
332 286
333 217
333 286
333 287
334 217
336 215
336 216
337 214
337 215
338 213
338 214
339 213
340 211
340 212
341 204
341 205
341 206
341 207
341 208
341 209
341 210
341 211
342 201
342 202
342 203
343 199
343 200
344 198
344 199
345 197
345 207
346 196
346 197
346 206
347 195
347 196
347 204
347 205
348 194
348 195
348 202
348 203
348 269
349 193
349 194
349 200
349 201
350 192
350 193
350 200
351 192
351 199
351 200
353 191
354 190
355 190
357 190
358 191
361 195
362 194
363 193
364 192
365 192
366 194
367 193
368 191
368 192
368 194
369 191
370 190
371 189
371 190
372 188
372 189
373 232
373 240
373 241
374 231
375 232
375 233
375 244
376 233
376 234
376 250
377 251
378 252
378 256
378 263
379 252
379 256
379 263
379 264
380 255
380 256
380 260
380 261
381 256
