370 227 97 38
369 259
370 259
371 260
372 257
372 260
373 232
373 240
373 241
373 256
373 260
374 231
374 232
374 242
374 257
375 232
375 233
375 243
375 245
375 257
376 233
376 234
376 245
376 246
376 247
376 248
376 250
376 258
377 234
377 235
377 251
378 235
378 236
378 252
378 256
378 258
379 236
379 237
379 238
379 252
379 256
379 259
380 239
380 240
380 255
380 256
380 262
380 263
381 241
381 242
381 243
381 244
381 257
381 261
382 244
382 245
382 246
382 247
382 248
382 256
382 262
383 249
383 250
383 251
383 252
383 253
383 254
383 255
384 253
385 254
433 258
434 258
435 258
436 258
437 258
438 258
438 262
440 261
441 258
441 261
442 258
444 257
445 257
446 257
447 257
448 257
449 257
449 260
450 257
450 260
451 257
452 256
452 257
453 255
453 256
454 254
454 255
454 261
455 253
455 254
455 261
456 252
456 260
457 243
457 244
457 245
457 246
457 247
457 248
457 251
457 259
458 241
458 250
459 231
459 232
459 233
459 234
459 238
459 240
459 249
460 235
460 238
461 247
462 228
462 229
462 246
462 247
463 228
463 229
463 246
464 229
464 245
465 229
465 244
466 243
467 242
469 242
470 241
470 242
471 241
