351 81 124 51
350 114
351 93
351 94
352 91
352 92
352 106
352 116
352 125
353 90
353 107
353 123
353 124
354 67
354 88
354 89
354 108
354 122
355 68
355 69
355 84
355 85
355 86
355 87
356 70
356 71
356 72
356 73
356 74
356 75
356 76
356 77
356 78
356 79
356 80
356 81
356 82
356 83
357 99
358 99
359 98
360 97
361 96
361 97
361 114
362 95
362 96
363 95
363 112
363 113
364 94
364 111
364 112
365 93
365 94
365 110
365 111
366 93
366 109
366 110
367 92
367 93
367 108
367 109
368 92
368 108
369 91
369 107
370 90
370 106
370 107
371 90
371 105
371 106
372 90
372 105
373 90
373 104
374 91
374 92
374 103
374 104
375 92
375 103
376 93
376 102
377 94
377 95
377 102
378 96
378 101
379 97
379 98
379 100
379 101
380 99
435 80
437 83
438 84
439 85
440 87
440 88
441 88
441 89
442 90
445 93
445 94
447 92
447 96
452 89
452 103
453 88
453 89
453 102
453 110
454 88
454 102
454 109
454 110
455 88
455 109
455 110
456 92
456 108
457 92
457 108
458 91
458 92
458 108
459 91
460 91
461 90
462 90
462 111
463 89
463 94
463 111
463 116
464 89
464 94
464 111
464 116
465 88
465 89
465 94
465 111
465 116
466 93
466 115
467 88
467 93
467 110
467 115
468 88
468 110
468 115
469 83
469 87
469 109
469 115
470 87
470 109
470 115
471 82
471 109
471 114
472 108
472 114
473 82
473 108
473 114
474 108
474 113
475 108
475 113
476 107
476 113
477 107
477 113
478 107
478 112
479 112
480 112
481 112
