5 0 491 291
8 54
12 56
14 56
15 56
16 56
17 55
18 55
19 55
20 55
21 55
22 55
23 55
24 223
33 226
34 226
35 56
35 226
36 226
37 57
37 58
37 227
38 59
38 142
38 143
38 228
39 142
39 228
40 141
40 229
41 141
41 229
41 230
42 140
42 230
42 231
42 247
42 248
42 249
43 140
43 232
43 246
43 247
44 141
44 217
44 218
44 246
45 140
45 246
46 140
46 190
46 191
46 192
46 193
47 140
47 235
47 236
48 140
48 202
48 204
48 230
48 234
48 237
48 238
48 239
48 240
48 241
48 242
49 140
49 233
50 139
50 195
50 198
50 248
51 138
51 188
52 138
52 187
52 239
52 240
52 242
52 245
53 46
53 137
53 185
54 137
54 150
54 151
54 185
54 245
55 136
55 137
55 151
55 245
56 136
56 151
56 158
56 183
56 246
57 9
57 10
57 11
57 12
57 13
57 14
57 18
57 136
57 150
57 159
57 160
57 169
57 176
57 177
57 246
58 15
58 16
58 17
58 19
58 136
58 143
58 144
58 145
58 146
58 147
58 148
58 149
58 150
58 151
58 160
58 161
58 168
58 169
58 174
58 175
58 179
58 180
58 181
59 16
59 19
59 136
59 142
59 156
59 161
59 173
59 179
60 20
60 30
60 34
60 136
60 155
60 156
60 172
60 178
60 256
61 22
61 26
61 27
61 136
61 154
61 162
61 177
61 257
62 21
62 136
62 163
62 164
62 165
62 166
62 169
62 170
62 171
62 175
62 176
63 19
63 20
63 135
63 160
63 161
63 167
63 168
63 174
63 175
64 8
64 9
64 10
64 11
64 12
64 13
64 14
64 15
64 16
64 17
64 18
64 135
64 156
64 157
64 158
64 160
65 134
65 155
65 156
66 134
67 133
67 134
68 133
68 152
69 132
69 151
69 152
70 131
70 151
71 130
71 131
71 150
72 130
72 150
73 129
73 149
73 150
74 129
74 149
75 129
75 148
75 247
76 128
76 129
76 148
77 128
77 148
78 128
78 147
79 128
79 147
80 128
80 146
80 147
81 128
81 139
81 146
82 104
82 128
82 140
82 141
82 146
83 102
83 105
83 129
83 130
83 141
83 145
84 99
84 100
84 101
84 131
84 132
84 141
84 145
85 98
85 132
85 141
85 145
86 97
86 98
86 132
86 140
86 145
87 97
87 133
87 134
87 139
87 140
87 145
87 253
88 97
88 135
88 137
88 138
88 139
88 145
89 97
89 135
89 140
89 145
89 257
89 258
90 97
90 135
90 140
90 144
91 97
91 135
91 144
92 97
92 136
92 145
93 97
93 136
93 145
94 97
94 136
94 144
95 97
95 136
95 144
96 97
96 136
96 144
97 97
97 136
97 144
98 97
98 136
98 144
99 97
99 136
99 144
100 98
100 137
100 144
101 98
101 137
101 145
102 98
102 137
102 145
103 97
103 137
103 145
104 97
104 138
104 145
105 138
105 145
106 138
106 145
107 138
107 146
108 52
108 138
108 146
109 51
109 73
109 76
109 77
109 78
109 79
109 81
109 82
109 83
109 84
109 85
109 86
109 87
109 89
109 90
109 91
109 92
109 138
109 146
109 151
109 229
109 231
110 51
110 62
110 67
110 68
110 70
110 71
110 72
110 75
110 119
110 138
110 146
110 150
110 218
110 219
110 220
110 221
110 222
110 223
110 224
110 225
110 226
110 227
111 51
111 60
111 61
111 62
111 120
111 138
111 146
111 149
111 178
111 179
111 213
111 215
111 217
112 138
112 148
112 149
112 211
112 212
113 138
113 147
113 148
113 182
114 62
114 139
114 147
114 149
114 208
115 51
115 62
115 139
115 145
115 207
116 139
116 145
116 154
116 155
116 206
117 139
117 145
117 153
117 154
117 185
117 205
117 235
117 236
118 139
118 145
118 153
118 205
118 228
118 229
118 230
118 231
118 232
118 233
118 234
118 237
119 62
119 139
119 145
119 153
119 220
119 221
119 222
119 223
119 224
119 225
119 226
119 227
120 139
120 145
120 153
120 171
120 173
120 175
120 217
120 218
120 219
121 62
121 140
121 146
121 153
121 165
121 166
121 167
121 168
121 169
121 170
121 178
121 187
121 208
121 215
121 216
121 217
122 51
122 63
122 140
122 146
122 153
122 183
122 213
122 214
122 215
123 51
123 63
123 140
123 146
123 153
123 183
123 188
124 63
124 140
124 146
124 153
124 163
124 174
124 183
125 51
125 62
125 140
125 153
125 154
125 161
125 162
125 163
125 174
125 183
126 51
126 62
126 140
126 149
126 153
126 154
126 161
126 162
126 174
126 175
126 183
126 184
126 189
127 51
127 62
127 141
127 149
127 153
127 162
127 172
127 189
128 141
128 149
128 162
128 170
128 171
128 189
129 63
129 141
129 149
129 168
129 169
129 183
129 189
130 51
130 63
130 141
130 149
130 166
130 167
130 189
131 51
131 62
131 141
131 149
131 182
131 188
132 51
132 140
132 150
132 160
132 161
132 188
133 51
133 62
133 140
133 150
133 159
133 160
133 182
133 188
134 51
134 63
134 141
134 150
134 159
134 182
134 187
135 51
135 63
135 141
135 150
135 182
136 63
136 142
136 151
136 187
137 63
137 142
137 151
137 187
138 63
138 143
138 151
138 180
138 187
139 52
139 63
139 143
139 151
139 180
139 186
140 52
140 63
140 143
140 144
140 151
140 180
140 186
141 52
141 63
141 144
141 180
141 185
142 52
142 63
142 145
142 181
142 185
143 52
143 63
143 145
143 151
143 185
144 63
144 146
144 151
144 152
144 185
145 63
145 146
145 152
145 179
145 184
146 52
146 63
146 147
146 152
146 177
146 178
147 52
147 63
147 148
147 152
147 183
148 52
148 63
148 151
148 176
148 183
149 52
149 63
149 151
149 176
149 182
150 52
150 63
150 151
150 175
150 182
151 52
151 63
151 151
151 175
151 182
152 52
152 64
152 151
152 175
152 183
152 287
153 52
153 64
153 151
153 176
153 197
153 281
153 285
153 286
154 52
154 64
154 151
154 176
154 184
154 195
154 196
154 282
154 283
154 284
155 53
155 63
155 151
155 177
155 194
155 200
156 53
156 63
156 151
156 177
156 185
156 186
156 192
156 193
156 199
156 200
156 201
156 202
156 203
156 207
156 208
156 209
156 223
156 224
156 225
157 53
157 64
157 152
157 178
157 187
157 188
157 189
157 190
157 191
157 204
157 205
157 206
157 210
157 223
158 53
158 64
158 152
158 178
158 211
158 215
158 216
158 217
158 218
158 219
158 222
159 53
159 64
159 152
159 178
159 212
159 214
159 220
159 222
160 53
160 64
160 152
160 190
160 191
160 222
161 53
161 64
161 152
161 191
161 192
162 53
162 64
162 152
162 193
162 194
163 53
163 64
163 152
164 53
164 64
164 152
165 53
165 64
165 153
166 53
166 64
166 153
167 53
167 64
167 149
167 153
167 170
168 53
168 63
168 131
168 149
168 153
168 170
168 212
168 217
168 218
168 220
169 53
169 63
169 131
169 148
169 153
169 169
169 202
170 53
170 63
170 132
170 148
170 154
170 169
171 53
171 63
171 132
171 148
171 154
171 168
172 53
172 64
172 133
172 148
172 149
172 154
172 168
172 169
172 191
172 192
172 193
172 220
173 53
173 64
173 133
173 149
173 154
173 169
173 170
174 53
174 64
174 133
174 134
174 150
174 154
174 170
174 171
175 53
175 64
175 134
175 149
175 154
176 53
176 64
176 134
176 154
176 201
176 202
176 203
176 204
176 205
176 206
176 207
177 54
177 64
177 134
177 154
177 193
177 194
177 195
177 196
178 54
178 64
178 134
178 154
178 155
178 191
178 192
179 54
179 64
179 155
180 54
180 64
180 155
181 54
181 64
181 155
181 205
182 54
182 64
182 155
182 205
183 54
183 64
183 156
184 54
184 65
184 156
184 205
185 53
185 65
185 156
186 53
186 65
186 157
187 53
187 65
187 157
188 53
188 66
188 157
188 206
189 53
189 65
189 158
190 53
190 65
190 158
191 53
191 65
191 159
191 207
192 53
192 65
192 159
192 160
192 271
193 54
193 65
193 160
194 54
194 65
194 161
195 54
195 66
195 161
195 162
196 54
196 66
196 162
196 163
196 172
196 207
196 267
196 268
197 54
197 66
197 163
197 164
197 172
197 173
197 266
197 267
198 54
198 66
198 164
198 173
198 265
198 266
199 54
199 66
199 165
199 173
199 264
199 265
200 54
200 66
200 166
200 173
200 263
200 264
201 54
201 66
201 167
201 173
201 177
201 178
201 179
201 180
201 181
201 262
201 263
202 54
202 66
202 168
202 174
202 177
202 261
202 262
203 55
203 66
203 169
203 175
203 176
203 177
203 229
203 260
203 261
204 55
204 66
204 169
204 170
204 175
204 258
204 259
205 55
205 66
205 170
205 232
205 257
205 258
206 55
206 66
206 174
206 225
206 229
206 255
206 256
206 257
207 55
207 66
207 174
207 225
207 254
207 255
208 55
208 66
208 168
208 174
208 225
208 226
208 252
208 253
209 55
209 66
209 167
209 168
209 169
209 170
209 171
209 172
209 174
209 225
209 251
209 252
210 55
210 66
210 166
210 167
210 174
210 224
210 249
210 250
210 251
210 257
210 258
211 55
211 66
211 164
211 165
211 166
211 174
211 175
211 223
211 248
211 249
211 257
211 260
212 55
212 66
212 163
212 164
212 222
212 246
212 247
213 55
213 66
213 163
213 170
213 177
213 222
213 244
213 245
214 56
214 66
214 161
214 162
214 163
214 177
214 178
214 220
214 221
214 242
214 243
214 268
215 56
215 66
215 159
215 161
215 168
215 179
215 180
215 220
215 240
215 241
215 242
215 267
216 56
216 66
216 180
216 219
216 238
216 239
217 56
217 66
217 182
217 204
217 205
217 206
217 207
217 208
217 234
217 235
217 236
217 237
218 56
218 65
218 183
218 184
218 193
218 194
218 203
218 206
218 209
218 225
218 226
218 227
219 56
219 66
219 155
219 162
219 185
219 191
219 192
219 195
219 196
219 210
219 221
219 222
219 223
219 224
220 66
220 153
220 154
220 160
220 161
220 186
220 190
220 197
220 198
220 199
220 200
220 201
220 202
220 211
220 213
220 214
220 215
220 216
220 217
220 218
220 219
220 220
220 232
220 233
220 234
221 67
221 151
221 152
221 159
221 160
221 186
221 212
221 232
222 67
222 230
223 67
223 148
223 157
223 228
224 67
224 146
224 147
224 156
224 224
224 225
225 67
225 144
225 145
225 188
225 223
225 233
225 234
225 235
226 67
226 143
226 144
226 152
226 230
226 231
227 66
227 143
227 218
228 142
229 142
229 190
230 66
230 142
230 190
231 66
231 142
231 190
232 56
232 140
232 142
232 211
233 138
233 143
233 210
234 137
234 143
234 209
235 56
235 136
235 143
235 208
236 56
236 135
236 144
236 154
236 207
237 144
237 154
237 155
238 56
238 144
238 155
238 156
238 186
238 205
239 56
239 145
239 157
239 158
239 204
240 145
240 159
240 160
240 161
240 203
241 146
241 161
241 162
241 163
241 203
242 56
242 164
242 183
242 184
243 56
243 147
243 166
243 181
243 182
244 122
244 123
244 124
244 125
244 126
244 127
244 128
244 129
244 130
244 146
244 149
244 166
244 167
244 168
244 179
244 180
244 290
245 118
245 119
245 120
245 121
245 168
245 178
245 179
245 285
245 286
245 287
245 288
245 289
246 67
246 115
246 116
246 117
246 176
246 177
246 283
246 284
247 57
247 113
247 114
247 170
247 171
247 174
247 175
247 176
247 272
247 273
247 283
248 110
248 111
248 112
248 151
248 152
248 153
248 173
248 271
248 272
248 280
248 281
249 107
249 108
249 109
249 154
249 155
249 156
249 172
249 269
249 270
249 279
249 280
250 105
250 106
250 107
250 135
250 136
250 137
250 138
250 139
250 140
250 157
250 158
250 159
250 160
250 172
250 268
250 269
250 277
250 278
250 279
251 103
251 104
251 131
251 161
251 162
251 163
251 267
251 268
251 275
251 276
251 277
252 101
252 102
252 132
252 164
252 171
252 266
252 267
252 273
252 274
253 100
253 101
253 171
253 265
253 271
254 99
254 264
254 270
255 97
255 98
255 263
255 268
255 269
256 96
256 97
256 173
256 262
257 94
257 95
257 173
257 267
258 93
258 94
258 258
258 259
258 260
258 261
259 91
259 92
259 257
259 261
260 90
260 91
260 179
260 231
260 256
260 262
261 89
261 90
261 180
261 230
261 255
262 88
262 89
262 180
262 229
262 253
262 254
262 263
263 87
263 88
263 229
263 253
264 86
264 87
264 182
264 188
264 252
264 263
265 85
265 86
265 198
265 250
265 251
266 85
266 183
266 249
266 250
266 251
267 84
267 184
267 197
267 248
268 184
268 185
268 197
268 246
268 247
268 248
268 259
268 260
269 196
269 244
269 245
269 256
269 257
269 258
270 196
270 243
270 244
270 254
270 255
271 241
271 242
271 253
271 254
272 240
272 251
272 252
273 189
273 238
273 249
273 250
273 251
274 236
274 237
274 246
274 247
274 248
274 249
275 135
275 234
275 235
275 243
275 245
276 135
276 221
276 234
276 240
276 241
276 242
276 243
277 135
277 191
277 240
278 89
278 92
278 135
278 220
278 240
279 91
279 92
279 135
279 220
279 234
279 235
279 236
279 237
279 239
279 240
280 92
280 136
280 218
280 234
280 238
280 239
281 88
281 136
281 180
281 234
282 136
282 213
282 228
282 234
283 135
283 212
283 213
283 225
283 226
283 228
283 233
283 234
284 135
284 178
284 232
284 233
285 5
285 6
285 7
285 8
285 9
285 10
285 76
285 91
285 135
285 231
286 10
286 11
286 12
286 76
286 92
286 93
286 94
286 95
286 101
286 135
286 176
286 185
287 13
287 14
287 75
287 96
287 102
287 103
287 135
287 175
287 184
287 204
288 97
288 104
288 136
288 183
288 203
288 222
289 97
289 105
289 136
289 182
289 200
289 202
290 53
290 97
290 136
290 181
290 182
290 200
290 228
291 51
291 52
291 53
291 136
291 180
291 181
291 197
291 198
292 42
292 43
292 44
292 45
292 46
292 47
292 136
292 179
292 180
292 227
293 34
293 35
293 36
293 37
293 38
293 39
293 40
293 41
293 136
293 178
293 179
293 194
293 226
294 26
294 27
294 28
294 29
294 30
294 31
294 32
294 33
294 34
294 136
294 168
294 177
294 178
294 191
294 225
295 23
295 24
295 25
295 73
295 136
295 167
295 177
295 188
295 189
295 190
295 225
296 22
296 103
296 136
296 176
296 187
296 224
296 225
297 74
297 102
297 136
297 165
297 175
297 184
297 185
297 224
298 75
298 101
298 102
298 137
298 181
298 183
298 223
299 75
299 101
299 137
299 179
299 180
299 181
299 222
299 223
300 76
300 100
300 138
300 221
301 99
301 138
301 139
301 196
301 219
301 221
302 88
302 89
302 90
302 91
302 92
302 139
302 140
303 141
303 142
303 194
303 195
303 216
303 217
304 142
304 143
305 220
306 214
307 76
307 168
307 212
308 75
308 76
308 168
308 205
308 223
309 74
309 75
309 167
309 222
310 73
310 74
310 167
310 221
310 222
311 72
311 73
311 166
311 188
311 189
311 220
311 221
312 71
312 72
312 166
312 205
312 206
312 221
313 70
313 71
313 165
313 221
314 70
314 183
314 184
314 185
314 220
315 69
315 183
315 203
315 207
315 208
315 220
316 67
316 68
316 204
316 220
317 66
317 67
317 220
318 65
318 220
319 64
319 220
320 63
320 172
320 173
320 220
320 221
321 62
321 63
321 174
321 221
322 61
322 62
322 221
323 60
323 61
323 173
324 59
324 60
324 154
324 163
324 173
325 58
325 66
325 153
325 163
325 170
325 172
326 56
326 57
326 152
326 153
326 163
326 169
326 170
327 54
327 55
327 151
327 152
327 169
327 221
328 168
328 221
329 149
329 154
329 167
329 168
329 220
330 149
330 154
330 161
331 148
331 154
331 160
332 155
332 159
335 216
336 162
337 143
338 142
338 156
339 53
339 141
339 154
339 155
339 212
340 54
340 55
340 153
341 138
341 150
341 151
341 204
342 137
342 149
342 201
342 203
343 89
343 135
343 136
343 137
343 138
343 147
343 199
343 200
344 198
344 199
345 84
345 125
345 139
345 140
345 142
345 143
345 197
345 207
346 59
346 112
346 196
346 197
347 61
347 127
347 195
347 196
347 204
347 205
348 61
348 62
348 194
348 203
349 129
349 193
349 200
349 201
350 64
350 130
351 115
352 92
352 106
352 125
352 191
353 66
353 91
353 107
353 123
353 124
353 125
354 108
355 109
355 120
355 121
355 190
356 120
356 190
357 99
357 119
358 99
358 118
358 119
359 98
359 117
359 118
360 97
360 115
360 116
360 196
361 96
361 97
361 114
361 196
362 95
362 96
362 113
362 114
363 95
363 112
363 113
364 94
364 192
365 93
365 94
365 110
365 111
365 192
366 93
366 110
367 92
367 93
367 193
367 194
368 92
368 191
368 192
368 193
369 91
369 107
369 191
370 90
371 90
372 90
373 90
374 91
374 92
374 232
375 92
375 244
378 263
379 263
379 264
380 260
380 261
381 256
384 53
384 54
385 52
385 53
386 51
386 52
387 50
407 39
409 37
410 37
411 37
412 36
413 35
414 35
416 32
417 31
418 30
420 59
428 24
428 25
429 23
430 21
430 22
430 71
431 21
431 30
431 38
432 20
433 19
433 20
433 37
433 258
434 18
434 19
434 258
434 262
435 17
435 80
435 258
435 262
436 16
436 17
436 258
436 262
437 15
437 16
437 71
437 83
437 258
438 14
438 15
438 64
438 71
438 84
438 258
438 262
439 13
439 14
439 85
440 12
440 13
440 64
440 70
440 87
440 88
440 261
440 279
440 280
440 281
441 11
441 12
441 64
441 70
441 75
441 88
441 89
441 258
441 261
441 279
442 10
442 11
442 42
442 70
442 90
442 258
442 277
442 278
443 9
443 10
443 69
443 275
443 276
443 277
444 8
444 9
444 69
444 74
444 257
445 8
445 61
445 68
445 69
445 93
445 94
445 257
445 272
445 273
446 68
446 73
446 92
446 257
446 269
446 270
446 271
447 67
447 92
447 96
447 268
448 67
448 72
448 257
449 66
449 72
449 91
449 257
449 260
449 263
449 264
449 265
449 266
450 50
450 66
450 71
450 90
450 260
450 261
450 262
450 263
451 65
451 90
452 65
452 70
452 89
452 103
452 256
452 267
452 268
453 70
453 88
453 89
453 102
453 110
453 255
453 256
453 265
453 266
453 267
454 64
454 69
454 88
454 102
454 109
454 110
454 254
454 255
454 261
454 265
455 64
455 69
455 87
455 88
455 109
455 110
455 253
455 254
455 261
455 265
456 63
456 68
456 87
456 92
456 108
456 112
456 252
456 260
457 63
457 68
457 87
457 92
457 108
457 243
457 244
457 245
457 246
457 247
457 248
457 251
457 259
458 62
458 68
458 86
458 91
458 92
458 108
458 241
458 250
459 62
459 68
459 86
459 91
459 231
459 232
459 233
459 234
459 238
459 240
459 249
460 62
460 67
460 85
460 86
460 91
460 235
460 238
461 85
461 90
461 247
462 62
462 64
462 85
462 90
462 111
462 228
462 229
462 246
462 247
463 84
463 89
463 94
463 111
463 116
463 226
463 228
463 229
463 246
464 66
464 84
464 89
464 94
464 111
464 116
464 229
464 245
465 84
465 88
465 89
465 94
465 111
465 116
465 209
465 229
465 244
466 83
466 93
466 115
466 148
466 150
466 207
466 208
466 243
467 68
467 83
467 88
467 93
467 110
467 115
467 148
467 149
467 242
468 83
468 88
468 110
468 115
468 148
468 207
468 229
469 71
469 83
469 87
469 109
469 115
469 148
469 207
469 224
469 229
469 242
470 82
470 87
470 109
470 115
470 148
470 208
470 224
470 229
470 233
470 241
470 242
471 82
471 109
471 114
471 148
471 170
471 171
471 172
471 224
471 229
471 233
471 241
472 75
472 108
472 114
472 147
472 223
472 224
472 228
472 233
473 82
473 108
473 114
473 147
473 173
473 174
473 204
473 223
473 227
473 228
473 233
474 108
474 113
474 204
474 223
474 228
474 233
475 108
475 113
475 146
475 204
475 223
475 232
475 238
476 86
476 107
476 113
476 146
476 172
476 203
476 209
476 222
476 227
476 232
476 235
476 237
477 85
477 89
477 101
477 107
477 113
477 146
477 172
477 203
477 209
477 212
477 227
477 232
478 89
478 101
478 102
478 107
478 112
478 145
478 150
478 172
478 203
478 208
478 212
478 227
478 232
479 90
479 91
479 101
479 102
479 112
479 145
479 149
479 171
479 202
479 208
479 212
479 226
479 231
480 91
480 102
480 112
480 144
480 149
480 171
480 202
480 207
480 211
480 221
480 226
480 231
481 100
481 112
481 144
481 148
481 170
481 202
481 207
481 211
481 221
481 226
481 231
482 143
482 170
482 202
482 207
482 221
482 226
482 231
483 106
483 112
483 143
483 170
483 201
483 221
483 226
483 230
483 231
484 111
484 142
484 169
484 201
484 221
484 226
484 230
485 108
485 142
485 201
485 221
485 225
485 230
486 142
486 200
486 209
486 221
486 229
487 142
487 201
487 209
487 221
487 228
487 229
488 201
488 202
488 222
488 228
489 143
489 148
489 149
489 164
489 165
489 200
489 201
489 208
489 222
490 149
490 150
490 173
490 200
490 220
491 161
491 171
491 172
491 176
491 177
491 205
