187 141 85 96
181 205
182 205
184 205
185 205
186 205
188 206
190 158
191 159
191 207
192 160
193 160
194 161
195 161
195 162
196 162
196 163
196 172
196 207
197 163
197 164
197 173
198 164
198 173
199 165
199 173
200 166
200 173
201 167
201 173
201 177
201 178
201 179
201 180
201 181
202 168
202 174
203 168
203 169
203 176
203 229
204 169
204 170
204 175
205 170
205 232
206 174
206 225
206 229
207 174
207 225
208 174
208 225
208 226
209 172
209 174
209 225
210 174
210 224
211 174
211 175
211 223
212 163
212 176
212 222
213 177
213 222
214 161
214 177
214 178
214 220
214 221
215 159
215 161
215 179
215 180
215 220
216 165
216 180
216 181
216 219
217 182
217 183
217 204
217 205
217 206
217 207
217 208
218 183
218 184
218 193
218 194
218 203
218 206
218 209
218 225
218 226
218 227
219 155
219 162
219 163
219 184
219 185
219 191
219 192
219 195
219 196
219 210
219 221
219 222
219 223
219 224
220 153
220 154
220 185
220 186
220 190
220 197
220 198
220 199
220 200
220 201
220 202
220 211
220 213
220 214
220 215
220 216
220 217
220 218
220 219
220 220
220 232
220 233
220 234
221 151
221 152
221 186
221 212
221 232
222 158
222 186
222 230
223 148
223 228
224 146
224 147
224 155
224 224
224 225
225 144
225 145
225 151
225 153
225 188
225 223
226 144
226 152
227 218
229 190
230 190
231 190
232 211
233 210
234 191
234 209
235 191
235 208
236 191
236 207
237 186
237 187
237 191
238 186
238 187
238 191
238 205
239 185
239 186
239 191
239 204
240 185
240 191
240 203
241 184
241 185
241 191
241 203
242 146
242 183
242 190
243 146
243 165
243 181
243 190
244 122
244 123
244 124
244 125
244 126
244 127
244 128
244 129
244 130
244 131
244 132
244 133
244 134
244 135
244 146
244 147
244 148
244 191
245 118
245 119
245 120
245 121
245 136
245 137
245 138
245 139
245 140
245 141
245 142
245 143
245 144
245 145
245 179
245 192
246 115
246 116
246 117
246 169
246 177
246 192
246 193
247 113
247 114
247 174
247 175
247 176
247 192
248 110
248 111
248 112
248 151
248 172
248 186
248 187
248 192
249 107
249 108
249 109
249 187
249 188
249 191
249 192
250 105
250 106
250 107
250 187
250 191
250 198
251 103
251 104
251 164
251 171
251 191
251 197
252 101
252 102
252 165
252 166
252 190
252 197
253 100
253 101
253 190
253 197
254 99
254 171
254 190
254 197
255 97
255 98
255 171
255 172
255 190
255 197
256 96
256 97
256 172
256 190
256 197
257 94
257 95
257 189
257 196
258 93
258 94
258 174
258 189
258 201
259 91
259 92
259 175
259 176
259 177
259 178
259 189
259 196
259 201
260 90
260 91
260 189
260 195
260 201
260 230
260 231
261 89
261 90
261 179
261 180
261 189
261 195
261 200
261 230
262 88
262 89
262 180
262 189
262 194
262 195
262 200
262 229
263 88
263 180
263 181
263 188
263 194
263 199
263 229
264 86
264 87
264 181
264 182
264 188
264 193
264 198
265 182
265 183
265 193
265 198
266 183
266 188
266 198
267 184
267 188
267 197
268 184
268 185
268 188
268 197
268 198
269 185
269 196
270 185
270 186
270 196
271 195
