41 0 290 161
43 140
44 141
45 140
46 140
47 140
48 140
49 140
50 139
51 138
52 138
53 46
53 137
54 137
54 150
54 151
55 136
55 137
55 151
56 136
56 151
56 158
57 9
57 10
57 11
57 12
57 13
57 14
57 18
57 136
57 150
57 159
57 160
58 15
58 16
58 17
58 19
58 136
58 143
58 144
58 145
58 146
58 147
58 148
58 149
58 150
58 151
58 160
58 161
59 16
59 19
59 136
59 142
59 156
59 161
60 20
60 30
60 34
60 136
60 155
60 156
61 22
61 26
61 27
61 136
61 154
62 21
62 136
63 19
63 20
63 135
63 160
63 161
64 8
64 9
64 10
64 11
64 12
64 13
64 14
64 15
64 16
64 17
64 18
64 135
64 156
64 157
64 158
64 160
65 134
65 155
65 156
66 134
67 133
67 134
68 133
68 152
69 132
69 151
69 152
70 131
70 151
71 130
71 131
71 150
72 130
72 150
73 129
73 149
73 150
74 129
74 149
75 129
75 148
76 128
76 129
76 148
77 128
77 148
78 128
78 147
79 128
79 147
80 128
80 146
80 147
81 128
81 139
81 146
82 104
82 128
82 140
82 141
82 146
83 102
83 105
83 129
83 130
83 141
83 145
84 99
84 100
84 101
84 131
84 132
84 141
84 145
85 98
85 132
85 141
85 145
86 97
86 98
86 132
86 140
86 145
87 97
87 133
87 134
87 139
87 140
87 145
88 97
88 135
88 137
88 138
88 139
88 145
89 97
89 135
89 140
89 145
90 97
90 135
90 140
90 144
91 97
91 135
91 144
92 97
92 136
92 145
93 97
93 136
93 145
94 97
94 136
94 144
95 97
95 136
95 144
96 97
96 136
96 144
97 97
97 136
97 144
98 97
98 136
98 144
99 97
99 136
99 144
100 98
100 137
100 144
101 98
101 137
101 145
102 98
102 137
102 145
103 97
103 137
103 145
104 97
104 138
104 145
105 138
105 145
106 138
106 145
107 138
107 146
108 52
108 138
108 146
109 51
109 73
109 76
109 77
109 78
109 79
109 81
109 82
109 83
109 84
109 85
109 86
109 87
109 89
109 90
109 91
109 92
109 138
109 146
110 51
110 62
110 67
110 68
110 70
110 71
110 72
110 75
110 119
110 138
110 146
110 150
111 51
111 60
111 61
111 62
111 120
111 138
111 146
111 149
112 51
112 138
112 148
112 149
113 51
113 62
113 138
113 147
113 148
114 51
114 62
114 139
114 147
114 149
115 51
115 62
115 139
115 145
116 62
116 139
116 145
117 62
117 139
117 145
117 153
117 154
118 62
118 139
118 145
118 153
119 62
119 139
119 145
119 153
120 62
120 139
120 145
120 153
121 62
121 140
121 146
121 153
122 51
122 63
122 140
122 146
122 153
123 51
123 63
123 140
123 146
123 153
124 63
124 140
124 146
124 153
125 51
125 62
125 140
125 153
125 154
126 51
126 62
126 140
126 149
126 153
126 154
127 51
127 62
127 141
127 149
127 153
128 62
128 141
128 149
129 63
129 141
129 149
130 51
130 63
130 141
130 149
131 51
131 62
131 141
131 149
132 51
132 62
132 140
132 150
133 51
133 62
133 140
133 150
134 51
134 63
134 141
134 150
135 51
135 63
135 141
135 150
136 63
136 142
136 151
137 63
137 142
137 151
138 63
138 143
138 151
139 52
139 63
139 143
139 151
140 52
140 63
140 143
140 144
140 151
141 52
141 63
141 144
142 52
142 63
142 145
143 52
143 63
143 145
143 151
144 63
144 146
144 151
144 152
145 63
145 146
145 152
146 52
146 63
146 147
146 152
147 52
147 63
147 148
147 152
148 52
148 63
148 151
149 52
149 63
149 151
150 52
150 63
150 151
151 52
151 63
151 151
152 52
152 64
153 52
153 64
154 52
154 64
155 53
155 63
156 53
156 63
157 53
157 64
158 53
158 64
159 53
159 64
160 53
160 64
161 53
161 64
162 53
162 64
163 53
163 64
164 53
164 64
165 53
165 64
166 53
166 64
167 53
167 64
167 149
168 53
168 63
168 131
168 149
169 53
169 63
169 131
169 148
170 53
170 63
170 132
170 148
171 53
171 63
171 132
171 148
172 53
172 64
172 133
172 148
172 149
173 53
173 64
173 133
173 149
174 53
174 64
174 133
174 134
174 150
175 53
175 64
175 134
175 149
176 53
176 64
176 134
177 54
177 64
177 134
178 54
178 64
178 134
179 54
179 64
180 54
180 64
181 54
181 64
182 54
182 64
183 54
183 64
184 54
184 65
185 53
185 65
186 53
186 65
187 53
187 65
188 53
188 66
189 53
189 65
190 53
190 65
191 53
191 65
192 53
192 65
193 54
193 65
194 54
194 65
195 54
195 66
196 54
196 66
197 54
197 66
198 54
198 66
199 54
199 66
200 54
200 66
201 54
201 66
202 54
202 66
203 55
203 66
204 55
204 66
205 55
205 66
206 55
206 66
207 55
207 66
208 55
208 66
209 55
209 66
210 55
210 66
211 55
211 66
212 55
212 66
213 55
213 66
214 56
214 66
215 56
215 66
216 56
216 66
217 56
217 66
218 56
218 65
219 56
219 66
220 66
221 67
222 67
222 150
222 158
223 67
223 149
223 157
224 67
224 155
224 156
225 67
225 151
225 153
225 154
226 67
226 143
227 66
227 143
228 66
228 142
229 66
229 142
230 66
230 142
231 66
231 142
232 56
232 67
232 138
232 140
232 142
233 67
233 139
233 143
234 67
234 138
234 143
235 56
235 67
235 138
235 143
236 56
236 67
236 136
236 144
237 67
237 135
237 144
238 56
238 67
238 144
239 56
239 67
239 145
240 67
240 145
241 67
241 146
242 56
242 67
242 146
243 56
243 68
243 146
243 147
244 57
244 68
244 123
244 124
244 125
244 126
244 127
244 128
244 129
244 130
244 131
244 132
244 133
244 134
244 135
244 147
244 148
244 149
245 57
245 67
245 118
245 119
245 120
245 121
245 136
245 137
245 138
245 139
245 140
245 141
245 142
245 143
245 144
245 145
246 57
246 67
246 115
246 116
246 117
247 57
247 113
247 114
248 57
248 110
248 111
248 112
249 57
249 107
249 108
249 109
250 57
250 105
250 106
250 107
250 135
250 136
250 137
250 138
250 139
250 140
251 57
251 103
251 104
251 131
252 57
252 132
253 57
253 132
254 57
254 133
255 57
255 133
256 57
256 133
257 57
257 94
257 95
257 133
258 57
258 133
259 58
259 133
260 58
260 132
261 58
261 132
262 58
262 132
263 58
263 133
264 58
264 133
265 57
265 133
266 57
266 134
267 57
267 134
268 57
268 84
268 134
269 56
269 83
269 135
270 56
270 83
270 135
271 56
271 82
271 135
272 82
272 135
273 81
273 135
274 81
274 135
275 80
275 135
276 80
276 135
277 79
277 135
278 79
278 88
278 89
278 92
278 135
279 79
279 91
279 92
279 135
280 78
280 92
280 136
281 78
281 87
281 88
281 136
282 78
282 87
282 88
282 136
283 77
283 88
283 135
284 77
284 89
284 135
285 5
285 6
285 7
285 8
285 9
285 10
285 53
285 77
285 89
285 90
285 91
285 135
286 10
286 11
286 12
286 53
286 88
286 89
286 92
286 93
286 94
286 95
286 101
286 135
287 13
287 14
287 53
287 88
287 96
287 102
287 103
287 135
288 54
288 74
288 88
288 97
288 104
289 54
289 74
289 88
289 97
289 105
289 136
290 53
290 73
290 87
290 97
290 98
290 105
290 136
291 51
291 52
291 53
291 73
291 87
291 98
291 105
291 136
292 43
292 44
292 45
292 46
292 47
292 73
292 87
292 99
292 104
292 105
292 136
293 34
293 35
293 36
293 37
293 38
293 39
293 40
293 41
293 87
293 99
293 100
293 104
293 136
294 27
294 28
294 29
294 30
294 31
294 32
294 33
294 34
294 86
294 99
294 100
294 103
294 104
294 136
295 23
295 24
295 25
295 73
295 86
295 103
295 136
296 86
296 103
296 136
297 74
297 87
297 102
297 136
298 75
298 87
298 102
299 75
299 87
299 101
300 76
300 87
301 76
301 86
301 87
301 88
301 138
301 139
302 77
302 88
302 89
302 90
302 91
302 92
302 139
302 140
303 77
303 141
303 142
304 77
304 142
304 143
305 77
306 77
307 76
308 76
315 69
319 64
320 63
321 62
321 63
322 61
322 62
323 60
323 61
324 59
324 60
325 58
325 153
326 56
326 57
326 152
326 153
327 54
327 55
327 151
327 152
328 53
328 54
329 53
329 149
329 154
330 149
331 148
331 154
331 160
332 155
332 159
337 143
338 142
339 141
