105 143 117 70
111 178
111 179
113 182
114 208
115 207
116 206
117 185
117 205
118 205
120 171
120 173
120 175
121 165
121 166
121 167
121 168
121 169
121 170
121 178
121 187
121 208
122 183
123 183
123 188
124 163
124 174
124 183
125 161
125 162
125 163
125 174
125 183
126 161
126 162
126 174
126 175
126 183
126 184
126 189
127 162
127 172
127 189
128 162
128 170
128 171
128 189
129 168
129 169
129 183
129 189
130 166
130 167
130 189
131 182
131 188
132 188
133 182
133 188
134 182
134 187
135 182
136 142
136 187
137 142
137 187
138 143
138 180
138 187
139 143
139 180
139 186
140 143
140 144
140 180
140 186
141 144
141 180
141 185
142 145
142 181
142 185
143 145
143 185
144 146
144 185
145 146
145 179
145 184
146 147
146 177
146 178
147 148
147 183
148 176
148 183
149 176
149 182
150 175
150 182
151 175
151 182
152 175
152 183
153 176
153 197
154 176
154 184
154 195
154 196
155 177
155 194
155 200
156 177
156 185
156 186
156 192
156 193
156 199
156 200
156 201
156 202
156 203
156 207
156 208
156 209
157 178
157 187
157 188
157 189
157 190
157 191
157 204
157 205
157 206
157 210
158 178
158 211
159 178
159 212
160 190
160 191
161 191
161 192
162 193
162 194
163 175
163 176
163 193
164 173
164 174
164 175
165 172
165 173
166 171
168 212
169 202
169 203
169 204
169 205
169 210
169 211
170 196
170 197
170 198
170 199
170 200
170 201
170 202
170 206
170 207
170 208
170 209
171 194
171 195
173 181
173 182
173 183
173 184
173 185
173 186
173 187
173 188
173 189
173 190
174 175
174 176
174 177
174 178
174 179
174 180
175 172
175 174
175 206
175 207
175 208
175 209
175 210
175 211
178 190
183 205
184 205
187 206
188 206
191 207
192 207
193 207
194 207
195 208
196 207
197 172
202 177
203 168
203 175
203 177
208 168
209 167
209 168
209 169
209 170
209 171
210 166
210 167
210 172
211 164
211 165
211 166
212 164
212 176
213 163
213 170
214 162
214 163
214 169
215 160
215 167
215 168
216 158
216 159
216 165
216 166
216 181
217 157
217 158
217 183
218 156
219 163
219 184
220 153
220 154
220 160
220 161
220 189
220 190
221 151
221 159
221 160
222 150
222 158
223 149
223 157
224 146
224 147
224 155
224 156
225 144
225 145
226 144
