183 184 218 107
173 280
173 281
174 281
175 282
176 282
177 282
178 282
179 282
180 283
181 205
182 205
184 205
185 205
186 205
188 206
189 206
190 206
191 207
191 236
192 236
193 274
194 232
194 233
194 234
194 274
195 232
195 274
196 207
196 231
196 232
196 273
197 207
197 272
198 230
198 272
199 229
199 230
199 272
200 228
201 229
202 229
203 229
204 229
205 226
205 229
205 230
205 231
206 174
206 225
206 226
206 229
206 255
206 256
207 174
207 225
207 226
207 272
208 174
208 225
208 226
209 174
209 225
209 251
209 271
210 174
210 224
210 249
210 259
210 260
210 261
210 262
211 174
211 175
211 223
211 261
211 270
212 176
212 222
212 246
212 269
213 177
213 222
213 244
213 268
213 269
214 177
214 178
214 220
214 221
214 242
214 267
214 268
215 179
215 180
215 220
215 267
216 180
216 181
216 219
216 238
216 266
217 182
217 183
217 204
217 205
217 206
217 207
217 208
217 234
217 235
217 236
217 265
217 266
218 184
218 193
218 194
218 203
218 206
218 209
218 225
218 226
218 227
218 265
219 184
219 185
219 191
219 192
219 195
219 196
219 210
219 264
220 185
220 186
220 189
220 197
220 198
220 199
220 200
220 201
220 202
220 211
220 213
220 214
220 215
220 216
220 217
220 218
220 219
220 220
220 232
220 233
220 263
221 186
221 212
221 230
221 231
221 263
222 186
222 187
222 229
222 262
223 187
223 227
223 242
223 261
223 262
224 187
224 223
224 226
224 240
224 241
224 261
225 221
225 222
225 239
225 260
226 188
226 219
226 220
226 236
226 238
226 259
226 260
227 189
227 217
227 237
227 238
227 258
227 259
228 189
228 215
228 216
228 258
229 214
229 215
229 257
230 213
230 214
230 256
230 257
231 212
231 213
231 256
232 191
232 210
232 236
232 255
233 191
233 209
233 236
233 254
233 255
234 191
234 208
234 253
234 254
235 191
235 207
235 236
235 252
235 253
236 191
236 206
236 252
237 186
237 187
237 191
237 205
237 206
237 235
237 238
237 251
238 187
238 191
238 204
238 235
238 238
238 250
238 251
239 185
239 186
239 191
239 235
239 239
239 250
240 185
240 191
240 238
240 249
241 184
241 185
241 191
241 202
241 238
241 248
241 249
242 184
242 190
242 202
242 238
242 247
242 248
243 182
243 190
243 201
243 202
243 237
243 247
244 191
244 201
244 237
244 246
244 290
245 192
245 201
245 237
245 246
245 285
245 286
245 287
245 288
245 289
246 192
246 193
246 200
246 237
246 245
246 283
246 284
247 192
247 200
247 236
247 244
247 245
247 282
247 283
248 186
248 187
248 192
248 201
248 236
248 244
248 271
248 272
248 280
248 281
249 187
249 188
249 191
249 192
249 202
249 235
249 243
249 269
249 270
249 279
249 280
250 187
250 191
250 198
250 202
250 235
250 243
250 269
250 277
250 278
250 279
251 191
251 197
251 202
251 235
251 242
251 275
251 277
252 190
252 197
252 201
252 234
252 241
252 266
252 267
252 273
252 274
253 190
253 197
253 201
253 234
253 240
253 241
254 190
254 197
254 201
254 233
254 239
254 240
254 264
254 270
255 190
255 197
255 201
255 233
255 239
256 190
256 197
256 201
256 232
256 233
256 238
256 262
257 189
257 196
257 201
257 232
257 237
257 238
258 174
258 189
258 201
258 231
258 232
258 236
258 237
258 258
258 259
258 260
258 261
259 175
259 176
259 177
259 178
259 189
259 196
259 201
259 231
259 236
260 179
260 189
260 195
260 201
260 235
260 256
260 262
261 179
261 189
261 195
261 200
261 234
261 235
261 255
262 189
262 194
262 195
262 200
262 230
262 233
262 234
262 253
262 254
262 263
263 180
263 181
263 188
263 194
263 199
263 253
264 181
264 193
264 198
264 229
264 252
264 263
265 182
265 183
265 193
265 229
265 250
265 251
265 263
266 183
266 188
266 198
266 229
266 249
266 250
266 251
266 262
267 184
267 188
267 228
267 248
267 261
267 262
268 184
268 185
268 188
268 198
268 227
268 228
268 246
268 247
268 248
268 259
268 260
269 185
269 188
269 227
269 244
269 245
269 256
269 257
269 258
270 185
270 186
270 188
270 226
270 227
270 243
270 244
270 254
270 255
271 188
271 195
271 225
271 226
271 241
271 242
271 253
271 254
272 185
272 189
272 224
272 225
272 240
272 251
272 252
273 184
273 185
273 189
273 190
273 223
273 224
273 238
273 249
273 250
273 251
274 184
274 191
274 222
274 223
274 236
274 237
274 246
274 247
274 248
274 249
275 183
275 184
275 192
275 222
275 234
275 235
275 243
275 244
275 245
276 183
276 192
276 222
276 234
276 240
276 241
276 242
276 243
277 182
277 183
277 191
277 221
277 240
278 182
278 191
278 240
279 181
279 182
279 190
279 218
279 219
279 234
279 235
279 236
279 237
279 239
279 240
280 181
280 189
280 216
280 217
280 218
280 234
280 238
280 239
281 189
281 214
281 215
281 234
282 179
282 180
282 189
282 214
282 228
282 234
283 179
283 188
283 189
283 212
283 213
283 225
283 226
283 228
284 187
284 211
284 212
284 225
284 226
284 227
284 232
284 233
285 186
285 187
285 210
285 211
285 231
285 232
286 186
286 206
286 207
286 208
286 209
286 230
287 204
287 205
287 219
287 220
287 221
287 222
287 223
287 229
288 202
288 203
288 219
288 222
288 229
289 201
289 202
289 218
289 219
289 228
290 199
290 200
290 218
291 197
291 198
291 217
291 218
291 227
292 195
292 196
293 193
293 194
294 191
294 192
294 226
295 188
295 189
295 190
296 186
296 187
297 184
297 185
298 174
298 175
298 182
298 183
298 204
298 206
299 173
299 174
299 198
299 199
299 202
299 203
299 205
299 223
300 172
300 173
300 197
300 198
300 199
300 200
300 201
300 217
300 221
301 172
301 196
301 197
301 200
301 219
301 221
302 171
302 201
302 217
303 170
303 171
303 194
303 195
303 216
303 217
304 194
304 215
304 216
305 194
305 214
305 215
305 219
305 220
306 194
306 213
306 214
307 194
307 205
307 212
307 213
308 193
308 194
308 223
309 192
309 193
309 205
309 222
310 190
310 191
310 204
310 221
310 222
311 188
311 189
311 204
311 220
311 221
312 187
312 188
312 205
313 186
314 183
314 184
314 185
315 182
315 183
315 203
315 207
315 208
316 180
316 181
316 182
316 204
317 180
330 219
331 219
335 216
339 212
341 204
342 201
342 203
343 199
343 200
344 198
344 199
345 197
345 207
346 196
346 197
347 195
347 196
347 204
347 205
348 194
348 195
348 202
348 203
349 193
349 194
349 200
349 201
350 192
350 193
350 200
351 192
351 199
351 200
353 191
354 190
355 190
357 190
358 191
361 195
362 194
363 193
364 192
365 192
366 194
367 193
368 191
368 192
368 194
369 191
369 259
370 259
370 265
371 260
371 265
372 257
372 260
372 266
373 232
373 240
373 241
373 256
373 260
373 267
374 231
374 232
374 257
374 267
375 232
375 233
375 244
375 257
375 267
375 268
376 233
376 234
376 250
376 258
377 251
377 263
377 270
377 272
378 252
378 256
378 258
378 263
379 252
379 256
379 259
379 263
379 264
380 255
380 256
380 260
380 261
381 256
