322 32 130 155
322 162
323 162
323 163
324 169
324 172
325 153
325 171
326 152
326 153
327 151
327 152
328 150
329 149
329 150
330 149
330 167
331 160
331 167
332 147
332 148
332 154
332 156
332 157
332 158
332 166
333 146
333 147
333 165
333 166
334 145
334 146
334 164
335 144
335 145
335 162
335 163
336 143
336 144
336 160
336 161
336 162
337 52
337 142
337 143
337 157
337 158
337 159
337 160
338 53
338 156
338 157
339 53
339 70
339 154
339 155
340 54
340 55
340 64
340 65
340 152
340 153
340 154
341 55
341 56
341 63
341 72
341 150
341 151
341 152
342 56
342 57
342 63
342 72
342 91
342 148
342 149
342 150
343 63
343 73
343 88
343 90
343 91
343 92
343 120
343 121
343 122
343 123
343 147
343 148
344 69
344 74
344 85
344 86
344 87
344 91
344 117
344 118
344 119
344 124
344 127
344 128
344 129
344 130
344 131
344 132
344 133
344 134
344 144
344 145
344 146
345 59
345 65
345 66
345 67
345 68
345 75
345 81
345 82
345 83
345 91
345 92
345 113
345 114
345 115
345 116
345 141
345 144
346 59
346 76
346 77
346 78
346 79
346 80
346 92
346 110
346 111
346 126
347 60
347 61
347 106
347 107
347 108
347 109
348 61
348 62
348 102
348 103
348 104
348 105
348 128
349 63
349 78
349 79
349 80
349 97
349 98
349 99
349 100
349 101
349 102
350 64
350 75
350 76
350 77
350 78
350 95
350 96
350 114
351 64
351 65
351 71
351 72
351 73
351 74
351 75
351 93
351 94
352 70
352 91
352 92
352 106
352 116
353 65
353 66
353 90
353 107
353 123
354 67
354 88
354 89
354 108
354 122
355 68
355 69
355 84
355 85
355 86
355 87
356 70
356 71
356 72
356 73
356 74
356 75
356 76
356 77
356 78
356 79
356 80
356 81
356 82
356 83
357 99
358 99
359 98
360 97
361 96
361 97
361 114
362 95
362 96
363 95
363 112
363 113
364 94
364 111
364 112
365 93
365 94
365 110
365 111
366 93
366 109
366 110
367 92
367 93
367 108
367 109
368 92
368 108
369 91
369 107
370 90
370 106
370 107
371 90
371 105
371 106
372 90
372 105
373 90
373 104
374 91
374 92
374 103
374 104
375 92
375 103
376 93
376 102
377 94
377 95
377 102
378 96
378 101
379 97
379 98
379 100
379 101
380 99
414 34
415 33
415 34
416 33
417 32
418 31
420 59
431 30
431 38
433 37
435 80
437 83
438 64
438 84
439 85
440 64
440 87
440 88
441 64
441 88
441 89
442 42
442 74
442 90
443 74
445 61
445 73
445 93
445 94
446 73
446 92
447 72
447 92
447 96
448 72
449 71
449 72
449 91
450 50
450 90
451 90
452 89
452 103
453 88
453 89
453 102
454 88
454 102
455 87
455 88
456 87
457 87
458 86
459 86
460 85
460 86
461 85
462 85
463 84
464 84
465 84
466 83
467 83
468 83
469 83
470 82
