15 213 278 139
21 253
21 254
24 223
26 254
27 254
27 255
28 255
28 256
29 256
30 256
31 256
32 256
38 228
39 228
40 229
41 229
41 230
41 266
41 267
42 230
42 231
42 247
42 248
42 249
42 267
43 232
43 246
43 247
44 217
44 218
44 246
44 269
44 270
45 246
45 271
47 235
47 236
48 230
48 234
48 237
48 238
48 239
48 240
48 241
48 242
48 243
49 233
50 248
50 277
50 278
51 248
51 250
51 251
51 278
51 279
52 239
52 240
52 242
52 243
52 244
52 245
52 251
52 252
52 279
53 253
53 254
53 279
54 245
54 253
54 280
55 245
55 281
56 246
56 253
56 281
57 246
57 253
57 281
58 247
58 280
59 248
59 254
59 255
59 280
60 256
60 280
61 248
61 257
61 280
62 248
62 279
63 247
63 279
64 247
64 249
64 250
64 280
65 249
65 250
65 280
66 250
66 280
67 280
68 249
68 280
69 249
69 280
70 249
70 280
70 290
71 246
71 280
72 247
72 280
72 292
73 247
73 280
74 247
74 280
74 290
74 292
74 293
74 294
75 280
75 289
75 290
76 247
76 280
76 296
77 247
77 281
77 296
78 248
78 281
78 296
79 248
79 249
79 281
79 295
80 249
80 281
81 249
81 281
82 250
82 281
83 250
83 281
84 249
84 250
84 281
85 247
85 250
85 281
86 247
86 251
86 281
87 247
87 251
87 252
87 253
87 281
88 248
88 253
88 254
88 281
89 249
89 254
89 257
89 258
89 281
90 249
90 258
90 281
91 249
91 258
91 281
92 249
92 259
92 281
93 259
93 282
94 259
94 282
95 259
95 282
96 259
96 282
97 260
97 283
98 260
98 283
99 261
99 283
100 241
100 261
100 266
100 283
101 261
101 266
101 283
102 261
102 266
102 283
103 261
103 266
103 283
103 284
104 261
104 266
104 284
105 261
105 266
105 285
106 261
106 266
106 276
106 285
106 286
107 262
107 266
107 274
107 275
107 286
108 262
108 266
108 274
108 286
109 229
109 230
109 231
109 262
109 266
109 274
109 287
110 218
110 219
110 220
110 221
110 222
110 223
110 224
110 225
110 226
110 227
110 232
110 233
110 235
110 262
110 266
110 273
110 287
111 213
111 215
111 217
111 233
111 234
111 262
111 273
111 287
112 211
112 212
112 234
112 262
112 273
112 288
113 235
113 262
113 272
113 288
114 262
114 272
114 288
115 262
115 272
115 289
116 262
116 272
116 289
117 235
117 236
117 262
117 272
117 288
118 228
118 229
118 230
118 231
118 232
118 233
118 234
118 237
118 262
118 272
118 288
119 220
119 221
119 222
119 223
119 224
119 225
119 226
119 227
119 238
119 239
119 262
119 272
119 288
120 217
120 218
120 219
120 263
120 272
120 288
121 215
121 216
121 217
121 263
121 272
121 288
122 213
122 214
122 215
122 263
122 264
122 272
122 273
122 288
123 264
123 265
123 273
123 288
124 265
124 273
124 288
125 266
125 267
125 273
125 288
126 267
126 268
126 272
126 288
127 269
127 272
127 288
128 269
128 273
128 288
129 273
129 288
130 273
130 274
130 288
131 274
131 288
132 274
132 288
133 274
133 288
134 288
135 275
135 288
136 276
136 289
137 276
137 289
138 276
139 209
139 276
140 210
140 276
141 211
141 276
142 212
142 276
143 213
143 276
144 213
144 276
145 213
145 277
146 213
146 277
147 213
147 277
148 213
148 277
149 212
149 277
150 212
150 277
151 278
152 279
152 287
153 279
153 280
153 281
153 285
153 286
154 278
154 282
154 283
154 284
155 278
156 223
156 224
156 225
156 226
156 278
157 223
157 227
157 228
157 278
158 215
158 216
158 217
158 218
158 219
158 222
158 228
158 229
158 278
159 214
159 220
159 221
159 222
159 229
159 278
160 222
160 278
161 230
161 278
162 226
162 227
162 229
162 278
163 228
163 278
164 226
164 227
164 278
165 226
165 278
166 225
166 226
166 278
167 221
167 222
167 223
167 224
167 278
168 217
168 218
168 219
168 220
168 278
169 214
169 215
169 216
169 278
169 285
169 286
169 287
170 278
170 288
170 289
171 222
171 223
171 278
171 293
171 294
171 295
172 219
172 221
172 278
173 216
173 217
173 218
173 277
173 278
173 280
173 281
173 299
174 213
174 214
174 215
174 216
174 277
174 281
174 299
174 300
174 301
174 302
175 276
175 282
175 303
175 304
176 276
176 282
176 304
176 305
176 306
177 276
177 282
177 307
177 308
178 276
178 282
178 309
178 310
179 276
179 282
179 311
179 312
179 313
180 276
180 283
180 314
180 315
180 316
180 317
181 275
181 283
181 318
181 319
181 320
181 321
181 322
181 323
181 324
181 325
181 326
182 275
182 283
182 326
182 327
182 328
182 329
182 330
182 331
183 275
183 283
183 332
183 333
183 334
183 335
183 336
184 275
184 283
184 337
184 338
185 274
185 283
185 338
185 339
186 274
186 283
186 339
186 340
186 341
186 342
187 273
187 282
187 343
187 344
187 345
188 273
188 282
188 345
188 346
188 349
189 272
189 282
189 347
190 272
190 281
191 236
191 271
191 272
191 281
192 235
192 236
192 270
192 271
192 281
193 234
193 235
193 270
193 274
193 280
194 232
194 233
194 234
194 269
194 274
194 280
195 232
195 268
195 274
195 280
196 231
196 232
196 267
196 268
196 273
196 279
197 231
197 266
197 267
197 272
197 279
198 230
198 231
198 265
198 266
198 272
198 278
199 229
199 230
199 264
199 265
199 272
199 278
200 228
200 263
200 264
200 277
201 229
201 262
201 263
201 276
202 229
202 261
202 262
202 275
202 276
203 260
203 261
203 275
204 229
204 258
204 259
204 274
205 226
205 229
205 230
205 231
205 232
205 257
205 258
205 274
206 226
206 257
206 273
207 226
207 254
207 255
207 272
207 273
208 252
208 253
208 272
209 252
209 271
210 250
210 251
210 257
210 258
210 259
210 260
210 261
210 262
210 271
211 248
211 249
211 257
211 260
211 261
211 270
212 247
212 269
213 245
213 268
213 269
213 328
214 243
214 267
214 325
214 326
215 240
215 241
215 242
215 324
215 325
216 239
216 266
216 342
216 345
217 237
217 265
217 266
217 331
217 345
217 346
218 265
218 327
218 328
218 329
219 221
219 222
219 223
219 224
219 264
219 325
219 327
220 234
220 263
221 230
221 231
221 232
221 263
221 323
222 229
222 230
222 262
222 320
223 227
223 228
223 242
223 261
223 262
223 313
224 223
224 224
224 225
224 226
224 240
224 241
224 261
225 221
225 222
225 223
225 233
225 234
225 235
225 239
225 260
226 219
226 220
226 230
226 231
226 232
226 236
226 238
226 259
226 260
227 217
227 218
227 237
227 238
227 258
227 259
228 215
228 216
228 238
228 258
229 214
229 215
229 257
229 311
229 312
229 313
229 314
230 213
230 214
230 256
230 257
231 212
231 213
231 256
232 210
232 211
232 235
232 236
232 255
233 209
233 210
233 236
233 254
233 255
233 304
233 305
233 307
234 208
234 209
234 236
234 253
234 254
234 304
235 207
235 208
235 236
235 252
235 253
235 295
235 303
236 206
236 207
236 235
236 252
236 303
237 205
237 206
237 235
237 238
237 251
237 293
238 204
238 205
238 235
238 238
238 250
238 251
239 204
239 235
239 239
239 250
240 203
240 238
240 249
241 202
241 203
241 238
241 248
241 249
242 202
242 238
242 247
242 248
243 201
243 202
243 237
243 247
244 201
244 237
244 246
245 201
245 237
245 246
246 200
246 237
246 245
247 200
247 236
247 244
247 245
247 272
247 273
247 283
248 201
248 236
248 244
248 281
249 235
249 243
249 280
250 235
250 243
250 268
251 235
251 242
251 267
251 268
251 276
251 309
252 234
252 241
252 308
252 309
253 234
253 240
253 241
253 265
253 271
253 307
253 308
254 233
254 239
254 240
254 307
255 233
255 239
255 263
255 268
255 269
255 306
256 232
256 233
256 238
256 268
256 305
257 232
257 237
257 238
257 267
257 268
257 304
257 305
258 231
258 232
258 236
258 237
258 267
258 304
259 231
259 236
259 257
259 261
259 266
259 303
260 230
260 231
260 235
260 265
260 302
261 230
261 234
261 235
261 264
261 301
262 229
262 230
262 233
262 234
262 300
262 301
263 229
263 263
263 299
263 300
263 346
263 347
264 229
264 298
264 299
264 344
264 345
265 229
265 298
265 343
265 344
266 229
266 298
267 228
267 297
268 227
268 228
268 296
268 297
269 227
269 295
269 296
270 226
270 227
270 295
271 225
271 226
271 294
271 327
271 328
271 329
272 224
272 225
272 293
272 294
272 326
272 327
273 223
273 224
273 293
274 222
274 223
274 292
274 323
274 324
275 222
275 244
275 292
275 314
275 315
275 322
275 323
276 221
276 222
276 291
276 313
276 314
276 321
277 221
277 291
277 313
277 320
278 220
278 290
278 313
278 319
278 320
279 218
279 219
279 220
279 290
279 312
279 313
279 319
280 289
280 290
280 312
280 318
281 289
281 311
281 317
281 318
282 213
282 310
282 311
282 317
283 212
283 213
283 233
283 234
283 309
283 310
283 316
284 308
284 309
284 315
284 316
285 232
285 308
286 230
286 307
286 308
286 314
287 229
287 307
287 313
288 222
288 229
288 306
288 307
288 312
289 228
289 306
289 312
290 228
290 305
290 311
291 227
291 304
291 305
291 310
292 227
292 304
293 226
293 303
294 225
294 226
294 303
295 225
295 302
296 224
296 225
296 302
297 224
297 302
298 223
298 301
299 222
299 223
299 301
300 221
300 300
301 219
301 221
301 300
302 217
302 299
303 216
303 217
303 299
304 215
304 299
305 214
305 298
305 299
306 213
306 298
307 212
307 298
308 298
