216 184 67 90
206 174
207 174
208 174
209 174
210 174
211 174
211 175
212 176
213 177
214 177
214 178
215 179
215 180
216 180
216 181
217 182
217 183
217 204
217 205
217 206
217 207
217 208
218 184
218 193
218 194
218 203
218 206
218 209
218 225
218 226
218 227
219 184
219 185
219 191
219 192
219 195
219 196
219 210
220 185
220 186
220 189
220 197
220 198
220 199
220 200
220 201
220 202
220 211
220 213
220 214
220 215
220 216
220 217
220 218
220 219
220 220
220 232
220 233
221 186
221 212
221 230
221 231
222 186
222 187
222 229
223 187
223 227
224 187
224 223
224 226
225 221
225 222
226 188
226 219
226 220
226 236
226 238
227 189
227 217
227 237
227 238
228 189
228 215
228 216
229 214
229 215
230 213
230 214
231 212
231 213
232 191
232 210
232 236
233 191
233 209
234 191
234 208
235 191
235 207
236 191
236 206
237 186
237 187
237 191
237 205
237 206
238 187
238 191
238 204
239 185
239 186
239 191
240 185
240 191
241 184
241 185
241 191
241 202
242 183
242 184
242 190
242 202
243 182
243 190
243 201
243 202
244 191
244 201
245 192
245 201
246 192
246 193
246 200
247 192
247 200
247 272
247 273
248 186
248 187
248 192
248 201
248 271
248 272
249 187
249 188
249 191
249 192
249 202
249 269
249 270
250 187
250 191
250 198
250 202
250 268
250 269
251 191
251 197
251 202
251 267
251 268
252 190
252 197
252 201
252 266
252 267
253 190
253 197
253 201
253 265
253 271
254 190
254 197
254 201
254 264
254 270
255 190
255 197
255 201
255 263
255 268
255 269
256 190
256 197
256 201
256 262
257 189
257 196
257 201
257 232
257 267
258 174
258 189
258 201
258 231
258 232
258 258
258 259
258 260
258 261
259 175
259 176
259 177
259 178
259 189
259 196
259 201
259 231
259 257
259 261
260 179
260 189
260 195
260 201
260 230
260 231
260 256
260 262
261 179
261 189
261 195
261 200
261 230
262 189
262 194
262 195
262 200
262 229
262 230
262 233
262 234
262 263
263 180
263 181
263 188
263 194
263 199
263 229
264 181
264 193
264 198
264 229
265 182
265 183
265 193
265 198
265 229
266 183
266 188
266 198
266 229
267 184
267 188
267 197
267 228
268 184
268 185
268 188
268 197
268 198
268 227
268 228
269 185
269 188
269 196
269 227
270 185
270 186
270 188
270 196
270 226
270 227
271 188
271 195
271 225
271 226
272 185
272 189
272 224
272 225
273 184
273 185
273 189
273 190
273 223
273 224
274 184
274 191
274 222
274 223
275 183
275 184
275 192
275 222
276 183
276 192
276 221
276 222
277 182
277 183
277 191
277 221
278 182
278 191
278 220
279 181
279 182
279 190
279 218
279 219
279 220
280 181
280 189
281 180
281 189
282 179
282 180
282 189
282 213
283 179
283 188
283 189
283 212
283 213
283 233
283 234
284 178
285 232
286 230
