44 224 54 31
44 217
44 218
47 235
47 236
48 230
48 234
48 237
48 238
48 239
48 240
48 241
48 242
48 243
49 233
50 248
52 239
52 240
52 242
52 243
52 244
52 245
54 245
55 245
56 246
57 246
75 247
85 247
86 247
87 247
88 248
92 225
92 226
92 227
92 228
93 221
93 222
93 223
93 224
93 229
93 230
94 217
94 218
94 219
94 220
94 231
94 232
94 233
94 234
95 214
95 215
95 216
95 234
95 235
95 236
96 212
96 213
96 214
96 236
96 237
97 210
97 211
98 206
98 207
98 208
98 209
99 204
99 205
100 203
101 201
101 202
