39 202 224 89
32 256
33 226
34 226
35 226
36 226
37 227
38 228
39 228
40 229
41 229
41 230
41 266
41 267
42 230
42 231
42 247
42 248
42 249
42 267
43 232
43 246
43 247
44 217
44 218
44 246
44 269
44 270
45 246
45 271
47 235
47 236
48 202
48 204
48 230
48 234
48 237
48 238
48 239
48 240
48 241
48 242
48 243
49 233
50 195
50 198
50 248
50 277
50 278
51 248
51 250
51 251
51 278
51 279
52 239
52 240
52 242
52 243
52 244
52 245
52 251
52 252
52 279
53 253
53 254
53 279
54 245
54 253
54 280
55 245
55 281
56 246
56 253
56 281
57 246
57 253
57 281
58 247
58 280
59 248
59 254
59 255
59 280
60 256
60 280
61 248
61 257
61 280
62 248
62 279
63 247
63 279
64 247
64 249
64 250
64 280
65 249
65 250
65 280
66 250
66 280
67 280
68 249
68 280
69 249
70 249
71 246
72 247
74 247
75 247
76 247
77 247
78 248
79 248
79 249
80 249
81 249
82 250
83 250
84 249
84 250
85 250
86 251
87 251
87 252
87 253
88 253
88 254
89 249
89 254
89 257
89 258
90 249
90 258
91 249
91 258
92 249
92 259
93 259
94 259
95 259
96 259
97 260
98 260
99 261
100 241
100 261
100 266
101 261
101 266
102 261
102 266
103 261
104 261
105 261
106 261
107 262
108 262
109 229
109 231
109 262
110 218
110 219
110 220
110 221
110 222
110 223
110 224
110 225
110 226
110 227
110 262
111 213
111 215
111 217
111 262
112 211
112 212
112 262
117 235
117 236
118 228
118 229
118 230
118 231
118 232
118 233
118 234
118 237
119 205
119 220
119 221
119 222
119 223
119 224
119 225
119 226
119 227
120 205
120 206
120 217
120 218
120 219
121 207
121 208
121 209
121 215
121 216
121 217
122 209
122 213
122 214
122 215
139 209
140 210
141 211
142 212
143 213
144 213
145 213
146 213
147 213
148 213
149 212
150 212
152 287
153 281
153 285
153 286
154 282
154 283
154 284
155 200
156 199
156 200
156 201
156 202
156 203
156 207
156 208
156 209
156 223
156 224
156 225
156 226
157 204
157 205
157 206
157 210
157 223
157 227
157 228
158 211
158 215
158 216
158 217
158 218
158 219
158 222
158 228
158 229
159 212
159 214
159 220
159 221
159 222
159 229
160 222
161 230
162 226
162 227
162 229
163 228
164 226
164 227
165 226
166 225
166 226
167 221
167 222
167 223
167 224
168 219
169 202
169 203
169 204
169 205
169 210
169 211
169 214
169 215
169 216
170 196
170 197
170 198
170 199
170 200
170 201
170 202
170 206
170 207
170 208
170 209
171 194
171 195
171 222
171 223
172 191
172 192
172 193
172 219
172 220
172 221
173 181
173 182
173 183
173 184
173 185
173 186
173 187
173 188
173 189
173 190
173 216
173 217
173 218
174 175
174 176
174 177
174 178
174 179
174 180
174 213
174 214
174 215
174 216
175 174
175 206
175 207
175 208
175 209
175 210
175 211
183 205
185 205
186 205
187 206
189 206
190 206
191 236
191 272
192 207
192 235
192 236
192 271
193 207
193 234
193 235
194 207
194 232
194 233
194 234
195 208
195 232
196 231
196 232
196 267
196 268
197 207
197 231
197 266
197 267
198 230
198 231
198 265
198 266
199 229
199 230
199 264
199 265
200 228
200 263
200 264
201 229
201 262
201 263
202 229
202 261
202 262
203 260
203 261
204 229
204 258
204 259
205 226
205 229
205 230
205 231
205 232
205 257
205 258
206 226
206 257
207 226
207 254
207 255
208 252
208 253
209 252
210 250
210 251
210 257
210 258
210 259
210 260
210 261
210 262
211 248
211 249
211 257
211 260
211 261
211 270
212 247
212 269
213 245
213 268
213 269
214 243
214 267
215 240
215 241
215 242
216 239
216 266
217 237
217 265
217 266
218 265
219 221
219 222
219 223
219 224
219 264
220 234
220 263
221 232
221 263
222 230
222 262
223 228
223 242
223 261
223 262
224 224
224 225
224 240
224 241
224 261
225 223
225 233
225 234
225 235
225 239
225 260
226 230
226 231
226 232
226 236
226 238
226 259
226 260
227 218
227 237
227 238
227 258
227 259
228 238
228 258
229 257
230 213
230 256
230 257
231 212
231 256
232 210
232 211
232 235
232 236
232 255
233 209
233 210
233 236
233 254
233 255
234 208
234 209
234 236
234 253
234 254
235 207
235 208
235 236
235 252
235 253
236 206
236 207
236 235
236 252
237 205
237 206
237 235
237 238
237 251
238 204
238 205
238 235
238 238
238 250
238 251
239 204
239 235
239 239
239 250
240 203
240 238
240 249
241 202
241 203
241 238
241 248
241 249
242 202
242 238
242 247
242 248
243 201
243 202
243 237
243 247
244 201
244 237
244 246
245 201
245 237
245 246
246 200
246 237
246 245
247 200
247 236
247 244
247 245
247 272
247 273
247 283
248 201
248 236
248 244
248 281
249 202
249 235
249 243
249 280
250 202
250 235
250 243
250 268
251 202
251 235
251 242
251 267
251 268
251 276
252 201
252 234
252 241
253 201
253 234
253 240
253 241
253 265
253 271
254 201
254 233
254 239
254 240
255 201
255 233
255 239
255 263
255 268
255 269
256 201
256 232
256 233
256 238
256 268
257 201
257 232
257 237
257 238
257 267
257 268
258 201
258 231
258 232
258 236
258 237
258 267
259 201
259 231
259 236
259 257
259 261
259 266
260 201
260 230
260 231
260 235
260 265
261 200
261 230
261 234
261 235
261 264
262 200
262 229
262 230
262 233
262 234
263 199
263 229
263 263
264 198
264 229
265 229
266 229
267 228
268 227
268 228
269 227
270 226
270 227
271 225
271 226
272 224
272 225
273 223
273 224
274 223
