200 15 106 221
152 151
153 151
154 151
155 151
156 151
157 152
158 152
159 152
160 53
160 152
161 53
161 152
162 53
162 152
163 53
163 152
164 53
164 152
165 53
165 153
166 53
166 153
167 53
167 153
168 53
168 153
169 53
169 153
170 53
170 154
171 53
171 154
172 53
172 154
173 53
173 154
174 53
174 154
175 53
175 154
176 53
176 154
177 54
177 154
178 54
178 154
178 155
179 54
179 155
180 54
180 155
181 54
181 155
182 54
182 155
183 54
183 156
184 54
184 156
185 53
185 156
186 53
186 65
186 157
187 53
187 65
187 157
188 53
188 66
188 157
189 53
189 65
189 158
190 53
190 65
190 158
191 53
191 65
191 159
192 53
192 65
192 159
192 160
193 54
193 65
193 160
194 54
194 65
194 161
195 54
195 66
195 161
196 54
196 66
196 162
196 172
197 54
197 66
197 163
197 172
197 173
198 54
198 66
198 164
198 173
199 54
199 66
199 165
199 173
200 54
200 66
200 166
200 173
201 54
201 66
201 167
201 173
201 177
201 178
201 179
201 180
201 181
202 54
202 66
202 168
202 174
202 177
203 55
203 66
203 169
203 175
203 176
203 177
203 229
204 55
204 66
204 169
204 170
204 175
205 55
205 66
205 170
205 232
206 55
206 66
206 174
206 225
206 229
207 55
207 66
207 174
207 225
208 55
208 66
208 168
208 174
208 225
208 226
209 55
209 66
209 167
209 168
209 169
209 170
209 171
209 172
209 174
209 225
210 55
210 66
210 166
210 167
210 174
210 224
211 55
211 66
211 164
211 165
211 166
211 174
211 175
211 223
212 55
212 66
212 163
212 164
212 222
213 55
213 66
213 163
213 170
213 177
213 222
214 56
214 66
214 161
214 162
214 163
214 177
214 178
214 220
214 221
215 56
215 66
215 159
215 161
215 168
215 179
215 180
215 220
216 56
216 66
216 158
216 159
216 180
216 219
217 56
217 66
217 157
217 158
217 182
217 204
217 205
217 206
217 207
217 208
218 56
218 65
218 156
218 183
218 184
218 193
218 194
218 203
218 206
218 209
218 225
218 226
218 227
219 56
219 66
219 155
219 162
219 185
219 191
219 192
219 195
219 196
219 210
219 221
219 222
219 223
219 224
220 66
220 153
220 154
220 160
220 161
220 186
220 190
220 197
220 198
220 199
220 200
220 201
220 202
220 211
220 213
220 214
220 215
220 216
220 217
220 218
220 219
220 220
220 232
220 233
220 234
221 67
221 151
221 152
221 159
221 160
221 186
221 212
221 232
222 67
222 150
222 230
223 67
223 148
223 149
223 157
223 228
224 67
224 146
224 147
224 156
224 224
224 225
225 67
225 144
225 145
225 154
225 188
225 223
226 67
226 143
226 144
226 152
227 66
227 143
227 218
228 142
229 142
229 190
230 66
230 142
230 190
231 66
231 142
231 190
232 56
232 138
232 140
232 142
232 211
233 138
233 139
233 143
233 210
234 137
234 138
234 143
234 209
235 56
235 136
235 138
235 143
235 208
236 56
236 135
236 136
236 144
236 154
236 207
237 135
237 144
237 154
237 155
238 56
238 144
238 155
238 156
238 186
238 205
239 56
239 145
239 157
239 158
239 204
240 145
240 159
240 160
240 161
240 203
241 146
241 161
241 162
241 163
241 203
242 56
242 164
242 183
242 184
243 56
243 147
243 166
243 181
243 182
244 122
244 146
244 147
244 148
244 149
244 166
244 167
244 168
244 179
244 180
245 145
245 168
245 178
245 179
246 67
246 176
246 177
247 57
247 170
247 171
247 174
247 175
247 176
248 110
248 111
248 112
248 151
248 152
248 153
248 173
249 107
249 108
249 109
249 154
249 155
249 156
249 172
250 105
250 106
250 107
250 135
250 136
250 137
250 138
250 139
250 140
250 157
250 158
250 159
250 160
250 172
251 103
251 104
251 131
251 161
251 162
251 163
252 101
252 102
252 132
252 164
252 171
253 100
253 101
253 132
253 171
254 99
254 133
255 97
255 98
255 133
256 96
256 97
256 133
256 173
257 94
257 95
257 133
257 173
258 93
258 94
258 133
259 91
259 92
259 133
260 90
260 91
260 132
260 179
260 231
261 89
261 90
261 132
261 180
261 230
262 88
262 89
262 132
262 180
262 229
263 87
263 88
263 133
263 229
264 86
264 87
264 133
264 182
264 188
265 85
265 86
265 133
265 198
266 85
266 134
267 84
267 134
267 197
268 134
268 197
269 135
269 196
270 135
270 196
271 135
272 135
273 135
274 135
275 135
276 135
276 221
277 135
278 89
278 92
278 135
278 220
279 91
279 92
279 135
279 220
280 92
280 136
280 216
280 217
280 218
281 88
281 136
281 180
281 214
281 215
282 136
282 213
282 214
282 228
283 135
283 212
283 213
283 225
283 226
283 228
284 135
284 178
284 211
284 212
284 225
284 226
284 227
285 5
285 6
285 7
285 8
285 9
285 10
285 76
285 91
285 135
285 210
285 211
286 10
286 11
286 12
286 76
286 92
286 93
286 94
286 95
286 101
286 135
286 176
286 185
286 206
286 207
286 208
286 209
287 13
287 14
287 75
287 96
287 102
287 103
287 135
287 175
287 184
287 204
287 219
287 220
287 221
287 222
287 223
288 97
288 104
288 136
288 183
288 203
288 219
289 97
289 105
289 136
289 182
289 200
289 202
289 218
289 219
290 53
290 97
290 136
290 181
290 182
290 200
290 218
290 228
291 51
291 52
291 53
291 136
291 180
291 181
291 197
291 198
291 217
291 218
292 43
292 44
292 45
292 46
292 47
292 136
292 179
292 180
292 227
293 34
293 35
293 36
293 37
293 38
293 39
293 40
293 41
293 136
293 178
293 179
293 194
293 226
294 26
294 27
294 28
294 29
294 30
294 31
294 32
294 33
294 34
294 136
294 168
294 177
294 178
294 191
294 225
295 23
295 24
295 25
295 73
295 136
295 167
295 177
295 188
295 189
295 190
295 225
296 103
296 136
296 176
296 187
296 224
296 225
297 74
297 102
297 136
297 165
297 175
297 184
297 185
297 224
298 75
298 101
298 102
298 137
298 181
298 183
298 223
299 75
299 101
299 137
299 179
299 180
299 181
299 222
299 223
300 76
300 100
300 138
300 221
301 99
301 138
301 139
301 196
301 219
301 221
302 88
302 89
302 90
302 91
302 92
302 139
302 140
303 141
303 142
303 194
303 195
303 216
303 217
304 142
304 143
305 220
306 214
307 76
307 212
308 75
308 76
309 74
309 75
310 73
310 74
311 72
311 73
312 71
312 72
313 70
313 71
314 70
315 69
316 67
316 68
317 66
317 67
324 154
