229 85 124 86
232 140
232 142
233 138
233 143
234 137
234 143
235 136
235 143
236 135
236 144
236 154
237 144
237 154
237 155
238 144
238 155
238 156
239 145
239 157
239 158
240 145
240 159
240 160
240 161
241 146
241 161
241 162
241 163
242 164
243 147
243 166
244 122
244 146
244 149
244 166
244 167
244 168
245 168
248 152
248 153
249 154
249 155
249 156
250 157
250 158
250 159
250 160
251 161
251 162
251 163
252 101
252 102
252 164
253 100
253 101
253 132
254 99
254 133
255 97
255 98
255 133
256 96
256 97
256 133
257 133
258 93
258 94
258 133
259 91
259 92
259 133
260 90
260 91
260 132
261 89
261 90
261 132
262 88
262 89
262 132
263 87
263 88
263 133
264 86
264 87
264 133
265 85
265 86
265 133
266 85
266 134
267 84
267 134
268 134
269 135
270 135
271 135
272 135
273 135
274 135
275 135
276 135
277 135
278 89
278 92
278 135
279 91
279 92
279 135
280 92
280 136
281 88
281 136
282 136
283 135
284 135
285 76
285 91
285 135
286 76
286 92
286 93
286 94
286 95
286 101
286 135
287 75
287 96
287 102
287 103
287 135
288 96
288 97
288 104
289 97
289 105
289 136
290 97
290 136
291 136
292 136
293 136
293 168
293 169
294 136
294 167
294 168
295 73
295 136
295 166
295 167
296 136
296 165
296 166
297 74
297 136
297 165
298 75
298 101
298 164
298 165
299 75
299 163
299 164
300 100
300 160
300 161
300 162
300 163
301 98
301 99
301 138
301 139
301 153
301 154
301 155
301 156
301 157
301 158
301 159
302 88
302 89
302 90
302 91
302 92
302 93
302 94
302 95
302 96
302 97
302 98
302 139
302 140
303 141
303 142
304 142
304 143
324 154
325 153
326 152
326 153
327 151
327 152
329 149
329 154
330 149
331 148
331 154
331 160
332 155
332 159
336 162
337 143
338 142
338 156
339 141
339 154
339 155
340 153
341 138
341 150
341 151
342 137
342 149
343 89
343 135
343 136
343 137
343 138
343 147
345 84
345 125
345 139
345 140
345 142
345 143
346 112
347 127
349 129
350 130
351 115
352 92
352 125
353 91
353 123
353 124
353 125
