142 129 201 108
105 138
106 138
107 138
108 138
109 138
110 138
111 138
112 138
113 138
114 139
115 139
116 139
117 139
118 139
119 139
120 139
121 140
122 140
123 140
124 140
125 140
126 140
127 141
128 141
129 141
130 141
131 141
132 140
133 140
134 141
135 141
136 142
137 142
138 143
139 143
140 143
140 144
141 144
141 185
142 145
142 185
143 145
143 151
143 185
144 146
144 151
144 152
144 185
144 213
145 146
145 152
145 184
145 213
146 147
146 152
146 213
147 148
147 152
147 183
147 213
148 151
148 183
148 213
149 151
149 182
149 212
150 151
150 182
150 212
151 151
151 182
152 151
152 175
152 183
153 151
153 176
153 197
154 151
154 176
154 184
154 195
154 196
155 151
155 177
155 194
155 200
156 151
156 177
156 185
156 186
156 192
156 193
156 199
156 200
156 201
156 202
156 203
156 207
156 208
156 209
156 223
156 224
156 225
157 152
157 178
157 187
157 188
157 189
157 190
157 191
157 204
157 205
157 206
157 210
157 223
158 152
158 178
158 211
158 215
158 216
158 217
158 218
158 219
158 222
159 152
159 178
159 212
159 214
159 220
159 222
160 152
160 190
160 191
160 222
161 152
161 191
161 192
162 152
162 193
162 194
163 152
164 152
165 153
166 153
167 153
167 170
168 153
168 170
168 212
168 217
168 218
168 220
169 153
169 169
169 202
170 154
170 169
171 154
171 168
172 168
172 169
172 191
172 192
172 193
172 220
173 169
173 170
174 170
174 171
176 201
176 202
176 203
176 204
176 205
176 206
176 207
177 193
177 194
177 195
177 196
178 191
178 192
181 205
182 205
184 205
185 205
186 205
188 206
190 158
191 159
191 207
192 160
193 160
194 161
195 161
195 162
196 162
196 163
196 172
196 207
197 163
197 164
197 172
197 173
198 164
198 173
199 165
199 173
200 166
200 173
201 167
201 173
201 177
201 178
201 179
201 180
201 181
202 168
202 174
202 177
203 169
203 175
203 176
203 177
203 229
204 169
204 170
204 175
205 170
205 232
206 174
206 225
206 229
207 174
207 225
208 174
208 225
208 226
209 170
209 171
209 172
209 174
209 225
210 174
210 224
211 174
211 175
211 223
212 163
212 222
213 177
213 222
214 161
214 177
214 178
214 220
214 221
215 159
215 161
215 179
215 180
215 220
216 165
216 180
216 219
217 182
217 204
217 205
217 206
217 207
217 208
218 183
218 184
218 193
218 194
218 203
218 206
218 209
218 225
218 226
218 227
219 155
219 162
219 185
219 191
219 192
219 195
219 196
219 210
220 153
220 154
220 186
220 190
220 197
220 198
220 199
220 200
220 201
220 202
220 211
220 213
220 214
220 215
220 216
220 217
220 218
220 219
220 220
220 232
220 233
220 234
221 151
221 152
221 186
221 212
221 230
221 231
222 229
222 230
223 148
223 227
224 146
224 147
224 223
224 224
224 225
224 226
225 144
225 145
225 151
225 188
225 221
225 222
225 223
226 144
226 152
226 219
226 220
227 217
227 218
228 215
228 216
229 190
229 214
230 190
231 190
232 211
233 138
233 210
234 137
234 209
235 136
235 208
236 135
236 207
238 186
238 205
239 204
240 203
241 203
242 146
242 183
242 184
243 146
243 165
243 181
244 122
244 123
244 124
244 125
244 126
244 127
244 128
244 129
244 130
244 131
244 132
244 133
244 134
244 135
244 146
244 147
244 148
244 168
245 118
245 119
245 120
245 121
245 136
245 137
245 138
245 139
245 140
245 141
245 142
245 143
245 144
245 145
245 179
246 115
246 116
246 117
246 169
246 177
247 113
247 114
247 174
247 175
247 176
248 110
248 111
248 112
248 151
248 152
248 153
248 172
249 107
249 108
249 109
249 154
249 155
249 156
250 105
250 106
250 107
250 135
250 136
250 137
250 138
250 139
250 140
250 157
250 158
250 159
250 160
250 198
251 103
251 104
251 131
251 161
251 164
251 171
251 197
252 101
252 102
252 132
252 165
252 166
252 197
253 100
253 101
253 197
254 99
254 171
254 197
255 97
255 98
255 171
255 172
256 96
256 97
256 172
257 94
257 95
257 189
258 93
258 94
258 174
258 189
259 91
259 92
259 175
259 176
259 177
259 178
259 189
260 90
260 91
260 189
260 195
260 231
261 89
261 90
261 179
261 180
261 189
261 195
261 230
262 88
262 89
262 180
262 189
262 194
262 229
263 88
263 180
263 181
263 188
263 229
264 86
264 87
264 181
264 182
264 188
264 193
265 182
265 183
265 193
265 198
266 183
266 188
267 184
267 188
267 197
268 184
268 185
268 188
268 197
269 185
269 188
269 196
270 185
270 186
270 188
270 196
271 188
271 195
272 185
272 189
273 184
273 185
273 189
273 190
274 184
274 191
275 183
275 184
275 192
276 183
276 192
276 221
277 183
277 191
278 182
278 191
278 220
279 182
279 190
279 219
279 220
280 189
281 180
281 189
282 179
282 180
282 189
282 213
283 179
283 188
283 189
283 212
283 213
284 176
284 178
284 187
285 176
285 186
285 187
286 176
286 185
286 186
287 175
287 184
287 204
288 136
288 183
288 203
288 222
289 182
289 200
289 202
290 181
290 182
290 200
290 228
291 180
291 181
291 197
291 198
292 179
292 180
292 227
293 178
293 179
293 194
293 226
294 168
294 177
294 178
294 191
294 225
295 167
295 177
295 188
295 189
295 190
295 225
296 176
296 187
296 224
296 225
297 165
297 175
297 184
297 185
297 224
298 137
298 174
298 175
298 181
298 183
298 223
299 137
299 173
299 174
299 179
299 180
299 181
299 222
299 223
300 138
300 172
300 173
300 221
301 138
301 139
301 172
301 196
301 219
301 221
302 139
302 140
302 171
303 141
303 142
303 170
303 171
303 194
303 195
303 216
303 217
304 142
304 143
304 170
305 170
305 220
306 169
306 214
307 168
307 169
307 205
307 212
308 168
308 205
308 223
309 167
309 205
309 222
310 167
310 204
310 221
310 222
311 166
311 188
311 189
311 204
311 220
311 221
312 166
312 205
312 206
312 221
313 165
313 221
314 183
314 184
314 185
314 220
315 182
315 183
315 203
315 207
315 208
315 220
316 180
316 181
316 182
316 204
316 220
317 180
317 220
318 220
319 179
319 220
320 172
320 173
320 178
320 220
320 221
321 174
321 176
321 178
321 221
322 221
323 173
324 154
324 163
324 173
325 153
325 163
325 170
325 172
326 152
326 153
326 163
326 169
326 170
327 151
327 152
327 169
327 221
328 168
328 221
329 149
329 154
329 167
329 168
329 220
330 149
330 154
330 161
330 219
331 148
331 154
331 160
331 219
332 155
332 159
335 216
336 162
337 143
338 142
338 156
339 141
339 154
339 155
339 212
340 153
341 138
341 150
341 151
341 204
342 137
342 149
342 201
342 203
343 135
343 136
343 137
343 138
343 147
343 199
343 200
344 198
344 199
345 139
345 140
345 142
345 143
345 197
346 196
346 197
347 195
347 196
348 195
349 194
350 193
351 192
352 191
353 191
354 190
355 190
356 190
357 190
358 191
