269 85 37 102
253 132
254 133
255 133
256 133
257 133
258 133
259 133
260 132
260 179
261 132
261 180
262 132
262 180
263 133
264 133
264 182
265 133
266 134
267 134
268 134
269 135
270 135
271 135
272 135
273 135
274 135
275 135
276 135
277 135
278 89
278 92
278 135
279 91
279 92
279 135
280 92
280 136
281 88
281 136
281 180
282 136
283 135
284 135
284 178
285 91
286 92
286 93
286 94
286 95
286 101
286 176
286 185
287 96
287 102
287 103
287 175
287 184
288 96
288 97
288 104
288 136
288 173
288 183
289 97
289 105
289 136
289 172
289 182
290 97
290 136
290 171
290 181
290 182
291 136
291 170
291 180
291 181
292 136
292 169
292 179
292 180
293 136
293 168
293 169
293 178
293 179
294 136
294 167
294 168
294 177
294 178
295 136
295 166
295 167
295 177
296 136
296 165
296 166
296 176
297 136
297 165
297 175
298 101
298 137
298 164
298 165
298 181
299 137
299 179
299 180
299 181
300 100
300 138
300 178
301 98
301 99
301 138
301 139
302 88
302 89
302 90
302 91
302 92
302 93
302 94
302 95
302 96
302 97
302 98
302 139
302 140
303 141
303 142
304 142
304 143
324 154
