366 96 127 136
367 194
368 193
370 190
371 189
371 190
372 90
372 188
372 189
373 90
374 91
374 92
375 92
376 93
377 94
377 95
378 96
379 97
445 95
446 96
447 97
447 100
447 101
448 98
448 99
448 102
449 103
450 104
450 105
450 106
450 107
451 107
451 108
452 108
462 111
463 111
463 226
464 111
464 229
465 111
465 209
466 115
466 150
466 207
467 110
467 115
467 149
468 115
468 148
468 207
468 229
469 109
469 115
469 148
469 207
469 224
469 229
470 109
470 115
470 148
470 208
470 224
470 229
471 109
471 148
471 170
471 171
471 172
471 224
471 229
472 108
472 147
472 223
472 224
472 228
473 108
473 147
473 173
473 174
473 204
473 223
473 227
473 228
474 82
474 113
474 204
474 223
474 228
475 108
475 113
475 146
475 204
475 223
476 107
476 113
476 146
476 172
476 203
476 222
476 227
477 85
477 113
477 146
477 172
477 203
477 209
477 212
477 227
478 89
478 101
478 145
478 150
478 172
478 203
478 208
478 212
478 227
479 90
479 91
479 101
479 112
479 145
479 149
479 171
479 202
479 226
480 91
480 112
480 144
480 149
480 171
480 202
480 207
480 211
480 221
480 226
481 100
481 144
481 148
481 170
481 202
481 207
481 211
481 221
481 226
482 143
482 170
482 202
482 207
482 221
482 226
483 106
483 112
483 143
483 170
483 201
483 221
483 226
484 111
484 142
484 169
484 201
484 221
484 226
485 108
485 142
485 201
485 221
485 225
486 142
486 200
486 209
486 221
487 142
487 201
488 201
488 202
488 222
489 143
489 148
489 149
489 164
489 165
489 200
489 208
489 222
490 149
490 150
490 173
490 200
490 220
491 161
491 171
491 172
491 176
491 177
491 205
