158 188 71 81
155 200
156 199
156 200
156 201
156 202
156 203
156 207
156 208
156 209
157 204
157 205
157 206
157 210
158 211
158 228
159 212
160 190
160 191
161 191
161 192
161 230
162 193
162 194
162 226
162 227
162 229
163 228
164 226
164 227
165 226
168 212
168 217
168 218
168 220
169 202
172 191
172 192
172 193
174 175
174 176
174 177
174 178
174 179
174 180
175 174
176 201
176 202
176 203
176 204
176 205
176 206
176 207
177 193
177 194
177 195
177 196
178 190
178 191
178 192
181 205
182 205
185 205
186 205
187 206
189 206
190 206
192 207
193 207
194 207
195 208
196 268
197 207
197 231
197 266
197 267
198 230
198 231
198 265
198 266
199 229
199 230
199 264
199 265
200 228
200 263
200 264
201 229
201 262
201 263
202 229
202 261
202 262
203 260
203 261
204 229
204 258
204 259
205 226
205 229
205 230
205 231
205 232
205 257
205 258
206 226
206 257
207 226
207 254
207 255
208 252
208 253
209 252
210 250
210 251
210 257
210 258
211 248
211 249
211 257
211 260
212 247
213 245
214 243
215 240
215 241
215 242
216 239
217 237
219 221
219 222
219 223
219 224
220 189
220 234
221 232
222 230
223 228
224 224
224 225
224 240
225 223
225 233
225 234
225 235
225 239
226 230
226 231
226 232
226 236
226 238
227 218
227 237
227 238
228 238
231 212
232 210
232 211
233 209
233 210
234 208
234 209
235 207
235 208
236 206
236 207
237 205
237 206
238 204
238 205
239 204
240 203
241 202
241 203
242 202
243 201
243 202
244 201
245 201
246 200
247 200
248 201
