108 146 70 36
88 145
89 145
90 144
91 144
92 145
93 145
94 144
109 151
116 154
116 155
117 154
120 171
120 173
120 175
121 165
121 166
121 167
121 168
121 169
121 170
121 178
124 163
124 174
125 161
125 162
125 163
125 174
126 161
126 162
126 174
126 175
127 162
127 172
127 173
128 162
128 170
128 171
129 168
129 169
130 166
130 167
132 160
132 161
133 160
152 175
153 176
154 176
155 177
156 177
157 178
158 178
159 178
160 178
161 177
162 177
163 175
163 176
164 173
164 174
164 175
165 172
165 173
166 171
167 170
168 170
169 169
170 169
171 168
172 168
172 169
173 169
173 170
174 170
174 171
175 172
