252 211 135 68
254 270
256 233
256 268
257 232
257 268
258 231
258 232
258 258
258 259
258 260
258 261
258 267
259 231
259 266
260 256
260 262
260 265
261 255
261 264
262 230
262 253
262 254
262 263
263 253
263 263
264 229
264 252
264 263
265 229
265 250
265 251
265 263
266 229
266 249
266 250
266 251
266 262
267 228
267 248
267 261
267 262
268 227
268 228
268 246
268 247
268 248
268 259
268 260
269 227
269 244
269 245
269 256
269 257
269 258
270 226
270 227
270 243
270 244
270 254
270 255
271 225
271 226
271 241
271 242
271 253
271 254
272 224
272 225
272 240
272 251
272 252
273 223
273 224
273 238
273 249
273 250
273 251
274 222
274 223
274 236
274 237
274 246
274 247
274 248
274 249
275 222
275 234
275 235
275 243
275 244
275 245
276 222
276 234
276 240
276 241
276 242
276 243
277 221
277 240
278 240
279 218
279 219
279 234
279 235
279 236
279 237
279 239
279 240
280 216
280 217
280 218
280 234
280 238
280 239
281 214
281 215
281 234
282 214
282 228
282 234
283 225
283 226
283 228
284 211
284 212
284 225
284 226
284 227
284 232
284 233
285 210
285 211
285 231
285 232
286 206
286 207
286 208
286 209
286 230
287 205
287 219
287 220
287 221
287 222
287 223
287 229
288 202
288 219
288 222
288 229
289 201
289 218
289 219
289 228
290 199
290 218
291 217
291 218
291 227
292 195
292 196
293 193
294 192
294 226
296 186
296 187
297 184
297 185
298 182
298 183
300 217
300 221
300 222
301 218
301 220
302 217
304 215
304 216
304 220
305 214
305 215
305 219
306 213
307 213
309 215
310 214
310 215
310 221
310 222
311 213
311 214
311 220
311 221
312 208
312 209
312 210
312 211
312 212
330 219
331 219
335 216
339 212
369 259
370 259
370 265
371 260
371 265
372 257
372 260
372 266
373 232
373 240
373 241
373 256
373 260
373 267
374 231
374 232
374 257
374 267
375 232
375 233
375 244
375 257
375 267
375 268
376 233
376 234
376 250
376 258
377 251
377 263
378 252
378 256
378 258
378 263
379 252
379 256
379 259
379 263
379 264
380 255
380 256
380 260
380 261
381 256
