91 191 24 51
95 236
96 236
96 237
97 238
97 239
98 239
98 240
99 204
99 205
99 240
99 241
100 203
101 197
101 198
101 199
101 201
101 202
101 224
101 225
102 196
102 198
102 219
102 220
102 221
102 222
102 223
102 226
102 227
102 228
102 229
103 197
103 198
103 217
103 218
103 230
103 231
103 232
103 233
103 234
103 235
103 236
104 197
104 198
104 214
104 215
104 216
105 197
105 198
105 212
105 213
106 199
106 210
106 211
107 200
107 201
107 202
107 203
107 204
107 205
107 206
107 207
107 208
107 209
109 230
109 231
110 228
110 232
111 214
111 216
111 233
111 234
112 210
112 234
113 235
