104 144 31 66
107 206
111 178
111 179
113 182
114 157
114 158
114 159
114 160
114 161
114 162
114 163
114 164
114 208
114 209
115 155
115 156
115 157
115 207
116 206
117 205
118 205
120 171
120 172
120 173
120 176
120 177
121 165
121 166
121 167
121 168
121 169
121 170
121 175
121 177
121 178
121 179
121 187
121 208
122 180
122 181
123 183
123 188
124 163
124 183
124 189
125 161
125 162
125 163
125 189
126 183
126 189
127 161
127 172
127 173
127 183
128 183
128 189
129 162
129 164
129 165
129 183
129 189
130 183
130 189
131 161
131 162
131 163
131 182
132 182
133 182
134 182
134 187
135 181
135 182
136 181
137 181
138 180
139 180
140 180
141 180
142 181
143 180
144 180
145 179
146 177
146 178
147 177
148 176
149 176
150 175
151 175
