277 32 82 177
253 132
254 133
255 133
256 133
257 133
258 133
259 133
260 132
261 132
262 132
263 133
264 133
265 133
266 134
267 134
268 134
269 135
270 135
271 135
272 135
273 135
274 135
275 135
276 135
277 135
278 90
278 135
279 135
280 136
281 136
282 136
283 135
284 135
285 135
286 135
286 176
286 185
287 135
287 175
287 176
287 184
288 96
288 104
288 173
288 174
288 175
288 183
289 105
289 136
289 172
289 173
289 182
290 136
290 171
290 181
290 182
291 51
291 52
291 53
291 136
291 170
291 180
291 181
292 42
292 43
292 44
292 45
292 46
292 47
292 48
292 49
292 50
292 136
292 169
292 179
292 180
293 34
293 35
293 36
293 37
293 38
293 39
293 40
293 41
293 136
293 168
293 169
293 178
293 179
294 26
294 27
294 28
294 29
294 30
294 31
294 32
294 33
294 34
294 136
294 167
294 177
294 178
295 23
295 24
295 25
295 136
295 166
295 177
296 22
296 136
296 165
296 166
296 176
297 136
297 175
298 101
298 164
298 165
298 181
298 204
298 206
299 163
299 164
299 179
299 180
299 181
299 198
299 199
299 202
299 203
299 205
300 76
300 100
300 160
300 161
300 162
300 163
300 178
300 197
300 198
300 199
300 200
300 201
301 98
301 99
301 153
301 154
301 155
301 156
301 157
301 158
301 159
301 196
301 197
301 200
302 88
302 89
302 93
302 94
302 95
302 96
302 97
302 98
302 152
302 153
302 201
303 151
303 194
303 195
304 144
304 145
304 146
304 147
304 148
304 149
304 150
304 194
305 194
306 194
306 205
306 206
307 194
307 206
308 75
308 193
308 194
308 205
309 74
309 75
309 192
309 193
310 73
310 74
310 190
310 191
311 72
311 73
311 188
311 189
312 71
312 72
312 187
312 188
312 206
313 70
313 71
313 186
313 187
314 70
314 183
314 184
314 185
314 208
315 69
315 163
315 183
315 203
315 207
315 208
316 67
316 68
316 162
316 163
316 204
316 205
316 206
316 207
317 66
317 67
317 161
317 162
317 179
317 205
317 206
318 65
318 160
318 161
318 167
319 64
319 159
319 167
320 63
320 158
320 159
320 167
320 179
321 62
321 158
321 175
321 177
322 61
322 156
322 157
322 162
323 60
323 61
323 155
323 156
323 162
323 163
324 59
324 60
324 153
324 154
324 169
324 172
325 58
325 66
325 153
325 171
326 56
326 57
326 152
326 153
327 54
327 55
327 151
327 152
329 149
329 150
330 149
331 148
331 160
332 154
332 156
332 157
332 158
336 162
337 143
338 156
339 53
339 154
339 155
340 54
340 55
340 153
341 138
341 150
341 151
341 204
341 205
341 206
341 207
342 137
342 149
342 201
342 202
342 203
343 89
343 135
343 136
343 137
343 138
343 147
343 199
343 200
344 198
344 199
345 84
345 125
345 139
345 140
345 142
345 143
345 197
345 207
346 59
346 112
346 196
346 197
346 206
347 61
347 127
347 195
347 196
347 204
347 205
348 61
348 62
348 194
348 203
349 129
349 193
349 200
349 201
350 64
350 130
351 115
352 92
352 106
352 125
352 191
353 66
353 91
353 107
353 123
353 124
353 125
354 108
355 109
355 120
355 121
355 190
356 120
356 190
357 99
357 119
358 99
358 118
358 119
359 98
359 117
359 118
360 97
360 115
360 116
361 96
361 97
362 95
362 96
363 95
364 94
365 93
365 94
366 93
367 92
367 93
368 92
369 91
370 90
371 90
