204 130 102 67
203 169
204 169
204 170
205 170
206 174
207 174
208 168
208 174
209 170
209 171
209 172
209 174
210 174
211 174
211 175
212 163
213 177
214 161
214 177
214 178
215 159
215 161
215 179
215 180
216 180
217 182
218 183
218 184
219 155
219 162
219 185
220 153
220 154
220 186
221 151
221 152
221 186
223 148
224 146
224 147
225 144
225 145
225 188
226 144
226 152
229 190
230 190
231 190
233 138
234 137
235 136
236 135
236 154
237 144
237 154
237 155
238 144
238 155
238 156
238 186
239 157
239 158
240 159
240 160
240 161
241 146
241 161
241 162
241 163
242 146
242 164
242 184
243 166
243 181
243 182
244 122
244 123
244 124
244 125
244 126
244 127
244 128
244 129
244 130
244 131
244 132
244 133
244 134
244 135
244 146
244 166
244 167
244 168
244 179
244 180
245 118
245 119
245 120
245 121
245 136
245 137
245 138
245 168
245 178
245 179
246 115
246 116
246 117
246 176
246 177
247 113
247 114
247 170
247 171
247 174
247 175
247 176
248 110
248 111
248 112
248 152
248 153
248 173
249 107
249 108
249 109
249 154
249 155
249 156
249 172
250 105
250 106
250 107
250 135
250 136
250 137
250 138
250 139
250 140
250 157
250 158
250 159
250 160
250 172
251 103
251 104
251 131
251 161
251 162
251 163
252 101
252 102
252 132
252 164
252 171
253 100
253 101
253 171
254 99
255 97
255 98
256 96
256 97
256 173
257 94
257 95
257 173
258 93
258 94
259 91
259 92
260 90
260 91
260 179
261 89
261 90
261 180
262 88
262 89
262 180
263 88
263 180
263 181
264 86
264 87
264 181
264 182
264 188
265 182
265 183
266 183
267 184
268 184
268 185
273 189
277 191
281 180
284 178
286 176
286 185
287 175
287 184
288 136
288 183
289 182
290 181
290 182
291 180
291 181
292 179
292 180
293 178
293 179
294 168
294 177
294 178
295 167
295 177
296 176
297 165
297 175
298 137
298 174
298 175
298 181
299 137
299 173
299 174
299 179
299 180
299 181
300 138
300 172
300 173
301 138
301 139
301 172
302 139
302 140
302 171
303 141
303 142
303 170
303 171
303 194
303 195
304 142
304 143
304 170
305 170
306 169
307 168
307 169
308 168
309 167
310 167
311 166
312 166
313 165
324 154
