88 57 91 215
82 128
83 129
83 130
84 131
84 132
85 132
86 132
87 133
87 134
87 253
89 135
89 257
89 258
106 97
107 98
109 64
109 65
109 73
109 76
109 77
109 78
109 79
109 80
109 81
109 82
109 83
109 84
109 85
109 86
109 87
109 88
109 89
109 90
109 91
109 92
109 98
109 99
109 100
109 101
109 102
109 103
109 104
109 105
109 229
109 231
110 62
110 63
110 66
110 67
110 68
110 69
110 70
110 71
110 72
110 75
110 93
110 94
110 95
110 96
110 97
110 98
110 106
110 218
110 219
110 220
110 221
110 222
110 223
110 224
110 225
110 226
110 227
110 228
111 60
111 61
111 62
111 213
111 215
111 217
112 211
112 212
113 182
114 62
114 208
115 62
115 207
116 206
117 205
117 235
117 236
118 205
118 228
118 229
118 230
118 231
118 232
118 233
118 234
118 237
119 62
119 220
119 221
119 222
119 223
119 224
119 225
119 226
119 227
120 171
120 173
120 175
120 217
120 218
120 219
121 62
121 165
121 166
121 167
121 168
121 169
121 170
121 178
121 187
121 208
121 215
121 216
121 217
122 63
122 213
122 214
122 215
123 63
123 183
123 188
124 63
124 163
124 174
124 183
125 62
125 161
125 162
125 163
125 174
126 62
126 161
126 162
126 174
126 175
126 183
126 189
127 62
127 162
127 172
127 173
128 162
128 170
128 171
128 189
129 63
129 168
129 169
129 183
129 189
130 63
130 166
130 167
130 189
131 62
131 182
133 62
133 182
134 63
134 182
134 187
135 63
135 182
136 63
138 180
139 180
139 209
140 180
140 186
141 185
142 181
143 180
143 185
144 180
144 185
145 179
145 184
146 177
146 178
146 184
147 177
147 183
148 176
149 176
149 182
150 175
150 182
151 182
152 175
152 183
153 176
153 183
154 176
154 183
154 184
155 177
155 184
155 185
156 177
156 223
156 224
156 225
157 178
157 223
157 227
157 228
158 178
159 178
159 221
160 178
161 177
162 177
163 175
163 176
163 193
164 173
164 174
164 175
165 172
165 173
166 171
166 225
166 226
167 170
167 221
167 222
167 223
167 224
168 170
168 219
169 169
169 203
169 204
169 205
169 210
169 211
169 214
169 215
169 216
170 169
170 196
170 197
170 198
170 199
170 200
170 201
170 202
170 206
170 207
170 208
170 209
171 168
171 194
171 195
171 222
171 223
172 148
172 149
172 168
172 169
172 219
172 220
172 221
173 149
173 169
173 170
173 181
173 182
173 183
173 184
173 185
173 186
173 187
173 188
173 189
173 190
173 216
173 217
173 218
174 150
174 170
174 171
174 175
174 176
174 177
174 178
174 179
174 180
174 213
174 214
174 215
174 216
175 149
175 172
175 174
175 206
175 207
175 208
175 209
175 210
175 211
178 190
