472 198 25 31
469 224
470 224
471 224
472 223
472 224
473 223
474 223
475 223
476 209
476 222
476 227
477 212
477 227
478 212
478 227
479 208
479 212
479 226
480 221
480 226
481 221
481 226
482 221
482 226
483 221
483 226
484 221
484 226
485 221
485 225
486 221
486 225
487 209
488 222
488 224
488 225
489 201
489 208
489 222
489 226
490 200
490 220
491 177
491 178
491 181
491 182
491 183
491 184
491 185
491 186
491 187
491 188
491 189
491 190
491 191
491 192
491 193
491 194
491 195
491 196
491 205
492 179
492 180
