180 164 49 80
181 205
182 205
184 205
185 205
186 205
188 206
189 206
190 206
191 207
196 207
203 168
203 229
204 175
205 232
206 225
206 229
207 225
208 225
208 226
209 225
210 172
210 224
211 223
212 163
212 176
214 161
214 169
215 159
215 160
215 161
215 167
216 165
216 166
216 181
217 183
219 155
219 184
219 221
219 222
219 223
219 224
220 153
220 154
220 189
220 234
221 151
221 152
221 232
222 230
223 228
224 224
224 225
225 223
225 233
225 234
225 235
226 230
226 231
226 232
227 218
228 238
232 211
233 210
234 209
235 208
236 207
238 205
239 204
240 203
241 202
241 203
242 202
243 201
243 202
244 201
245 201
246 200
247 200
248 201
