76 192 49 76
75 247
87 253
89 257
89 258
95 214
95 215
95 216
96 212
96 213
96 214
97 210
97 211
97 238
97 239
98 206
98 207
98 208
98 209
98 239
98 240
99 204
99 205
99 240
99 241
100 203
101 197
101 198
101 199
101 201
101 202
101 224
101 225
102 196
102 198
102 219
102 220
102 221
102 222
102 223
102 226
102 227
102 228
102 229
103 197
103 198
103 217
103 218
103 230
103 231
103 232
103 233
103 234
103 235
103 236
104 197
104 198
104 214
104 215
104 216
105 197
105 198
105 212
105 213
106 199
106 210
106 211
107 200
107 201
107 202
107 203
107 204
107 205
107 206
107 207
107 208
107 209
109 230
110 228
110 232
110 233
110 235
111 214
111 216
111 233
111 234
112 210
112 234
113 235
114 208
114 209
115 207
119 205
119 238
119 239
120 205
120 206
121 207
121 209
122 209
