8 188 85 71
24 223
33 226
34 226
35 226
36 226
37 227
38 228
39 228
40 229
41 229
41 230
42 230
42 231
42 247
42 248
42 249
43 232
43 246
43 247
44 217
44 218
44 246
45 246
46 190
46 191
46 192
46 193
46 207
46 208
47 208
47 209
47 210
47 235
47 236
48 202
48 203
48 204
48 205
48 211
48 212
48 213
48 214
48 215
48 216
48 228
48 229
48 230
48 234
48 237
48 238
48 239
48 240
48 241
48 242
49 200
49 201
49 202
49 231
49 232
49 233
50 195
50 196
50 197
50 198
50 199
50 233
50 248
51 188
51 189
51 190
51 191
51 192
51 193
51 194
52 187
52 239
52 240
52 242
52 245
53 185
54 185
54 245
55 245
56 183
56 246
57 181
57 246
58 179
58 180
58 181
59 179
60 178
60 256
61 177
61 257
62 175
62 176
63 174
63 175
63 176
73 247
75 247
85 247
86 247
87 247
88 248
