108 152 31 39
113 182
120 171
120 173
120 175
121 165
121 166
121 167
121 168
121 169
121 170
121 178
121 187
123 183
123 188
124 163
124 174
124 183
125 161
125 162
125 163
126 161
126 162
126 183
126 189
127 161
127 173
128 183
128 189
129 162
129 164
129 165
129 183
129 189
130 183
130 189
131 161
131 162
131 163
131 182
132 182
133 182
134 182
134 187
135 181
135 182
136 181
137 181
138 180
139 180
140 180
140 186
142 181
143 180
144 180
145 179
146 177
146 178
147 177
148 176
149 176
150 175
151 175
