85 188 305 133
62 279
63 279
64 280
65 280
66 280
67 280
68 280
69 280
70 280
71 246
71 280
72 247
72 280
73 280
74 247
74 280
75 247
75 280
76 247
76 280
77 247
77 281
78 248
78 281
79 248
79 249
79 281
80 249
80 281
81 249
81 281
82 250
82 281
83 250
83 281
84 249
84 250
84 281
85 250
85 281
86 251
86 281
87 251
87 252
87 253
87 281
88 253
88 254
88 281
89 249
89 254
89 257
89 258
89 281
90 249
90 258
90 281
91 249
91 258
91 281
92 249
92 259
92 281
93 259
93 282
94 259
94 282
95 259
95 282
96 259
96 282
97 260
97 283
98 260
98 283
99 261
99 283
100 241
100 261
100 266
100 283
101 261
101 266
101 283
102 261
102 266
102 283
103 261
103 266
103 283
103 284
104 261
104 266
104 284
105 261
105 266
105 285
106 261
106 266
106 276
106 285
106 286
107 262
107 266
107 274
107 275
107 286
108 262
108 266
108 274
108 286
109 229
109 231
109 262
109 266
109 274
109 287
110 218
110 219
110 220
110 221
110 222
110 223
110 224
110 225
110 226
110 227
110 262
110 266
110 273
110 287
111 178
111 179
111 213
111 215
111 217
111 262
111 273
111 287
112 179
112 180
112 181
112 211
112 212
112 262
112 273
112 288
113 262
113 272
113 288
114 182
114 262
114 272
114 288
115 183
115 262
115 272
115 289
116 184
116 185
116 206
116 262
116 272
116 289
117 185
117 186
117 205
117 235
117 236
117 262
117 272
117 288
118 186
118 205
118 228
118 229
118 230
118 231
118 232
118 233
118 234
118 237
118 262
118 272
118 288
119 187
119 205
119 220
119 221
119 222
119 223
119 224
119 225
119 226
119 227
119 262
119 272
119 288
120 187
120 205
120 217
120 218
120 219
120 263
120 272
120 288
121 188
121 208
121 215
121 216
121 217
121 263
121 272
121 288
122 188
122 213
122 214
122 215
122 263
122 264
122 272
122 273
122 288
123 264
123 265
123 273
123 288
124 189
124 265
124 273
124 288
125 189
125 266
125 267
125 273
125 288
126 267
126 268
126 272
126 288
127 189
127 269
127 272
127 288
128 269
128 273
128 288
129 273
129 288
130 273
130 274
130 288
131 188
131 274
131 288
132 188
132 274
132 288
133 188
133 274
133 288
134 288
135 275
135 288
136 276
136 289
137 276
137 289
138 276
138 289
139 276
139 289
140 210
140 276
141 211
141 276
141 288
142 212
142 276
142 288
143 213
143 276
143 289
144 213
144 276
144 289
145 213
145 277
145 289
146 213
146 277
146 289
147 213
147 277
147 289
148 213
148 277
148 289
149 212
149 277
149 289
150 212
150 277
150 288
151 278
151 288
152 279
152 287
153 197
153 279
153 281
153 285
153 286
154 183
154 195
154 196
154 278
154 282
154 283
154 284
155 184
155 185
155 194
155 200
155 278
156 185
156 186
156 192
156 193
156 199
156 200
156 201
156 202
156 203
156 207
156 208
156 209
156 223
156 224
156 225
156 278
157 187
157 188
157 189
157 190
157 191
157 204
157 205
157 206
157 210
157 223
157 278
158 211
158 215
158 216
158 217
158 218
158 219
158 222
158 228
158 278
159 212
159 214
159 220
159 222
159 278
160 190
160 191
160 222
160 278
161 191
161 192
161 230
161 278
162 193
162 194
162 226
162 227
162 229
162 278
163 228
163 278
164 226
164 227
164 278
165 226
165 278
166 278
167 278
168 212
168 217
168 218
168 220
168 278
169 202
169 278
170 278
170 290
170 291
171 278
171 292
172 191
172 192
172 193
172 278
172 296
172 297
173 277
173 278
173 280
173 298
174 277
175 276
176 201
176 202
176 203
176 204
176 205
176 206
176 207
176 276
177 193
177 194
177 195
177 196
177 276
178 191
178 192
178 276
179 276
180 276
181 205
181 275
182 205
182 275
183 275
184 275
185 205
185 274
186 205
186 274
187 206
187 273
188 273
189 206
189 272
190 206
190 272
191 236
191 271
192 207
192 235
192 236
192 270
193 207
193 234
193 235
193 270
194 207
194 232
194 233
194 234
194 269
195 208
195 232
195 268
196 231
196 232
197 207
197 231
198 230
198 231
199 229
199 230
200 228
201 229
202 229
203 229
204 229
205 226
205 229
205 230
205 231
206 225
206 226
206 229
206 255
206 256
207 225
207 226
208 225
208 226
209 225
209 251
210 224
210 249
210 259
210 260
210 261
210 262
211 223
211 261
212 222
212 246
213 222
213 244
214 220
214 221
214 242
214 268
215 220
215 267
216 219
216 238
217 204
217 205
217 206
217 207
217 208
217 234
217 235
217 236
218 193
218 194
218 203
218 206
218 209
218 225
218 226
218 227
219 185
219 191
219 192
219 195
219 196
219 210
220 185
220 189
220 197
220 198
220 199
220 200
220 201
220 202
220 211
220 213
220 214
220 215
220 216
220 217
220 218
220 219
220 220
220 232
220 233
221 212
221 230
221 231
222 186
222 187
222 229
222 314
223 187
223 227
223 242
223 313
224 187
224 223
224 226
224 240
224 241
224 312
225 221
225 222
225 239
226 188
226 219
226 220
226 232
226 236
226 238
226 310
226 317
227 189
227 217
227 237
227 238
227 258
227 316
228 189
228 215
228 216
228 238
228 315
229 214
229 215
229 257
229 309
229 310
229 311
229 312
229 314
230 213
230 214
230 256
230 308
231 212
231 213
231 256
231 309
232 191
232 210
232 235
232 236
232 255
232 300
232 301
232 302
232 308
233 191
233 209
233 236
233 254
233 255
233 297
233 298
233 299
233 303
233 304
233 305
233 306
233 307
233 308
234 191
234 208
234 236
234 253
234 254
234 296
234 303
234 304
235 191
235 207
235 236
235 252
235 253
235 294
235 295
235 303
236 191
236 206
236 235
236 252
236 294
236 302
236 303
237 191
237 205
237 206
237 235
237 238
237 251
237 292
237 293
237 302
238 191
238 204
238 235
238 238
238 250
238 251
238 291
238 292
239 191
239 235
239 239
239 250
240 191
240 238
240 249
241 191
241 202
241 238
241 248
241 249
242 190
242 202
242 238
242 247
242 248
243 190
243 201
243 202
243 237
243 247
244 191
244 201
244 237
244 246
244 290
245 192
245 201
245 237
245 246
245 285
245 286
245 287
245 288
245 289
246 192
246 193
246 200
246 237
246 245
246 283
246 284
247 192
247 200
247 236
247 244
247 245
247 272
247 273
247 283
248 186
248 187
248 192
248 201
248 236
248 244
248 281
249 187
249 188
249 191
249 192
249 202
249 235
249 243
249 280
250 187
250 191
250 198
250 202
250 235
250 243
250 268
251 191
251 197
251 202
251 235
251 242
251 267
251 268
251 276
251 309
252 190
252 197
252 201
252 234
252 241
253 190
253 197
253 201
253 234
253 240
253 241
253 265
253 271
254 190
254 197
254 201
254 233
254 239
254 240
255 190
255 197
255 201
255 233
255 239
255 263
255 268
255 269
256 190
256 197
256 201
256 232
256 233
256 238
257 189
257 196
257 201
257 232
257 237
257 238
257 267
257 304
257 305
258 189
258 201
258 231
258 232
258 236
258 237
258 304
259 189
259 196
259 201
259 231
259 236
259 257
259 261
259 303
260 189
260 195
260 201
260 230
260 231
260 235
260 302
261 189
261 195
261 200
261 230
261 234
261 235
261 301
262 189
262 194
262 195
262 200
262 229
262 230
262 233
262 234
263 188
263 194
263 199
263 229
263 263
263 300
264 193
264 198
264 229
264 298
264 299
265 193
265 198
265 229
265 298
266 188
266 198
266 229
266 298
267 188
267 197
267 228
268 188
268 197
268 198
268 227
268 228
268 297
269 188
269 196
269 227
270 188
270 196
270 226
270 227
271 188
271 195
271 225
271 226
272 189
272 224
272 225
272 293
272 294
273 189
273 190
273 223
273 224
274 191
274 222
274 223
274 292
275 192
275 222
275 244
275 315
276 192
276 221
276 222
276 313
277 191
277 221
277 313
278 191
278 220
278 290
278 313
279 190
279 218
279 219
279 220
279 290
279 312
280 189
280 290
281 189
281 289
282 189
282 213
283 188
283 189
283 212
283 213
283 233
283 234
285 232
286 230
287 204
287 229
288 203
288 222
288 229
289 200
289 202
289 228
290 200
291 197
291 198
291 227
291 286
291 287
293 194
293 289
294 191
294 226
295 188
295 189
295 190
296 187
297 184
297 185
298 183
299 223
300 221
301 196
301 219
301 221
302 217
303 194
303 195
303 216
303 217
304 215
304 216
305 214
305 215
305 219
305 220
306 213
306 214
307 205
307 212
307 213
308 223
309 205
309 222
310 204
310 221
310 222
311 188
311 189
311 204
311 220
311 221
312 205
314 183
314 184
314 185
315 182
315 183
315 203
315 207
315 208
316 180
316 181
316 182
316 204
317 180
320 220
320 221
321 221
322 221
324 266
324 267
324 290
325 266
325 290
326 265
326 266
326 290
327 221
327 265
327 289
328 221
328 264
328 289
329 220
329 262
329 263
330 219
331 219
335 216
339 212
339 296
340 296
341 204
342 201
342 203
343 199
343 200
344 198
344 199
345 197
345 207
346 196
346 197
346 264
347 195
347 196
347 204
347 205
347 265
347 266
347 267
348 194
348 195
348 202
348 203
348 267
348 268
349 193
349 194
349 200
349 201
349 270
349 271
350 192
350 193
350 200
350 271
350 272
351 192
351 199
351 200
351 272
352 273
353 191
353 273
353 274
353 302
354 190
354 274
354 302
355 190
355 274
355 302
356 275
356 301
357 190
357 275
357 301
358 191
358 275
358 276
358 301
359 276
359 301
360 276
360 301
361 195
361 276
361 301
362 194
362 276
362 301
363 193
363 275
363 300
364 192
364 275
364 300
365 192
365 275
365 300
366 194
366 275
366 300
367 193
367 300
368 191
368 192
368 194
368 300
369 191
369 259
369 299
370 259
370 265
370 299
371 260
371 265
371 299
372 257
372 260
372 266
372 299
373 232
373 240
373 241
373 256
373 260
373 267
373 298
374 231
374 232
374 257
374 267
374 298
375 232
375 233
375 244
375 257
375 267
375 268
375 298
376 233
376 234
376 250
376 258
376 298
377 251
377 263
377 270
377 272
377 297
377 298
378 252
378 256
378 258
378 263
378 297
379 252
379 256
379 259
379 263
379 264
379 297
380 255
380 256
380 260
380 261
380 296
381 256
381 296
382 296
383 295
384 295
385 294
386 293
386 294
387 293
388 292
