199 130 74 71
152 151
153 151
154 151
155 151
156 151
157 152
158 152
159 152
160 152
161 152
162 152
163 152
164 152
165 153
166 153
167 153
168 153
169 153
170 154
171 154
172 154
173 154
174 154
175 154
176 154
177 154
178 154
178 155
179 155
180 155
181 155
182 155
183 156
184 156
185 156
186 157
187 157
188 157
189 158
190 158
191 159
192 159
192 160
193 160
194 161
195 161
196 162
196 172
197 163
197 172
197 173
198 164
198 173
199 165
199 173
200 166
200 173
201 167
201 173
201 177
201 178
201 179
201 180
201 181
202 168
202 174
202 177
203 169
203 175
203 176
203 177
204 169
204 170
204 175
205 170
206 174
207 174
208 168
208 174
209 170
209 171
209 172
209 174
210 174
211 174
211 175
212 163
213 177
214 161
214 177
214 178
215 159
215 161
215 179
215 180
216 180
217 182
218 183
218 184
218 193
218 194
219 155
219 162
219 185
219 191
219 192
219 195
219 196
220 153
220 154
220 186
220 190
220 197
220 198
220 199
221 151
221 152
221 186
223 148
224 146
224 147
225 144
225 145
225 151
225 188
226 144
226 152
229 190
230 190
231 190
233 138
234 137
235 136
236 135
238 186
242 146
242 183
242 184
243 146
243 165
243 181
243 182
244 122
244 123
244 124
244 125
244 126
244 127
244 128
244 129
244 130
244 131
244 132
244 133
244 134
244 135
244 147
244 148
244 149
245 118
245 119
245 120
245 121
245 136
245 137
245 138
245 139
245 140
245 141
245 142
245 143
245 144
245 145
245 179
246 115
246 116
246 117
246 169
246 177
247 113
247 114
247 170
247 171
247 174
247 175
247 176
248 110
248 111
248 112
248 151
248 172
248 173
249 107
249 108
249 109
249 172
250 105
250 106
250 107
250 135
250 136
250 137
250 138
250 139
250 140
250 172
250 198
251 103
251 104
251 164
251 171
251 197
252 101
252 102
252 165
252 166
252 171
252 197
253 100
253 101
253 171
253 197
254 99
254 171
254 197
255 97
255 98
255 171
255 172
256 96
256 97
256 172
257 94
257 95
258 93
258 94
258 174
259 91
259 92
259 175
259 176
259 177
260 90
260 91
260 195
261 89
261 90
261 179
261 180
261 195
262 88
262 89
262 180
262 194
263 88
263 180
263 181
264 86
264 87
264 181
264 182
264 188
264 193
265 182
265 183
265 193
265 198
266 183
267 184
267 197
268 184
268 185
268 197
269 196
270 196
278 182
279 182
281 180
282 179
282 180
283 179
284 178
