368 222 84 47
369 259
370 259
371 260
372 257
372 260
373 232
373 240
373 241
373 256
373 260
374 231
374 232
374 242
374 257
375 232
375 233
375 243
375 245
375 257
376 233
376 234
376 245
376 246
376 247
376 248
376 250
376 258
377 234
377 235
377 251
378 235
378 236
378 252
378 256
378 258
379 236
379 237
379 238
379 252
379 256
380 239
380 240
380 255
380 256
380 262
380 263
381 241
381 242
381 243
381 244
381 257
381 261
382 244
382 245
382 246
382 247
382 248
382 256
382 262
383 249
383 250
383 251
383 252
383 253
383 254
383 255
384 253
385 254
433 258
434 258
434 262
435 258
435 262
436 258
436 262
437 258
438 258
438 262
439 257
440 257
440 261
441 258
441 261
442 258
444 257
445 257
446 257
447 257
448 257
449 257
449 260
449 263
449 264
449 265
449 266
450 257
450 260
450 261
450 262
450 263
451 257
451 261
452 256
452 257
452 267
452 268
453 255
453 256
453 265
453 266
453 267
454 254
454 255
454 265
455 253
455 254
455 265
456 252
457 251
458 250
459 249
