98 188 179 164
62 279
63 279
64 280
65 280
66 280
67 280
68 280
69 280
70 280
71 280
72 280
73 280
74 280
75 280
76 280
77 281
78 281
79 281
80 281
81 281
82 281
83 281
84 281
85 281
86 281
87 281
88 281
89 257
89 258
89 281
90 258
90 281
91 258
91 281
92 259
92 281
93 259
93 282
94 259
94 282
95 259
95 282
96 259
96 282
97 260
97 283
98 260
98 283
99 261
99 283
100 241
100 261
100 266
100 283
101 261
101 266
101 283
102 261
102 266
102 283
103 261
103 266
103 283
103 284
104 261
104 266
104 284
105 261
105 266
105 285
106 261
106 266
106 276
106 285
106 286
107 262
107 266
107 274
107 275
107 286
108 262
108 266
108 274
108 286
109 229
109 230
109 231
109 262
109 266
109 274
109 287
110 218
110 219
110 220
110 221
110 222
110 223
110 224
110 225
110 226
110 227
110 232
110 233
110 235
110 262
110 266
110 273
110 287
111 178
111 179
111 213
111 215
111 217
111 233
111 234
111 262
111 273
111 287
112 179
112 180
112 181
112 211
112 212
112 234
112 262
112 273
112 288
113 235
113 262
113 272
113 288
114 182
114 262
114 272
114 288
115 183
115 262
115 272
115 289
116 184
116 185
116 262
116 272
116 289
117 185
117 186
117 235
117 236
117 262
117 272
117 288
118 186
118 228
118 229
118 230
118 231
118 232
118 233
118 234
118 237
118 262
118 272
118 288
119 187
119 205
119 220
119 221
119 222
119 223
119 224
119 225
119 226
119 227
119 238
119 239
119 262
119 272
119 288
120 187
120 205
120 206
120 217
120 218
120 219
120 263
120 272
120 288
121 188
121 207
121 208
121 209
121 215
121 216
121 217
121 263
121 272
121 288
122 188
122 209
122 213
122 214
122 215
122 263
122 264
122 272
122 273
122 288
123 264
123 265
123 273
123 288
124 189
124 265
124 273
124 288
125 189
125 266
125 267
125 273
125 288
126 267
126 268
126 272
126 288
127 189
127 269
127 272
127 288
128 269
128 273
128 288
129 273
129 288
130 273
130 274
130 288
131 188
131 274
131 288
132 188
132 274
132 288
133 188
133 274
133 288
134 288
135 275
135 288
136 276
136 289
137 276
137 289
138 276
138 289
139 276
139 289
140 210
140 276
141 211
141 276
141 288
142 212
142 276
142 288
143 213
143 276
144 213
144 276
145 213
145 277
146 213
146 277
147 213
147 277
148 213
148 277
149 212
149 277
150 212
150 277
151 278
152 279
152 287
153 197
153 279
153 281
153 285
153 286
154 183
154 195
154 196
154 278
154 282
154 283
154 284
155 184
155 185
155 194
155 200
155 278
156 185
156 186
156 192
156 193
156 199
156 200
156 201
156 202
156 203
156 207
156 208
156 209
156 223
156 224
156 225
156 226
156 278
157 187
157 188
157 189
157 190
157 191
157 204
157 205
157 206
157 210
157 223
157 278
158 211
158 215
158 216
158 217
158 218
158 219
158 222
158 228
158 229
158 278
159 212
159 214
159 220
159 222
159 229
159 278
160 190
160 191
160 222
160 278
161 191
161 192
161 230
161 278
162 193
162 194
162 226
162 227
162 229
162 278
163 193
163 228
163 278
164 226
164 227
164 278
165 226
165 278
166 278
167 221
167 278
168 212
168 217
168 218
168 219
168 220
169 202
169 203
169 204
169 205
169 210
169 211
169 214
169 215
169 216
170 196
170 197
170 198
170 199
170 200
170 201
170 202
170 206
170 207
170 208
170 209
170 290
170 291
171 194
171 195
171 222
171 223
171 292
172 191
172 192
172 193
172 219
172 221
172 296
172 297
173 181
173 182
173 183
173 184
173 185
173 186
173 187
173 188
173 189
173 190
173 216
173 217
173 218
173 298
174 175
174 176
174 177
174 178
174 179
174 180
174 213
174 214
174 215
174 216
174 302
175 174
175 206
175 207
175 208
175 209
175 210
175 211
175 303
175 304
176 201
176 202
176 203
176 204
176 205
176 206
176 207
176 304
177 193
177 194
177 195
177 196
178 190
178 191
178 192
178 309
179 311
179 312
179 313
180 314
180 315
180 316
180 317
181 205
181 318
181 319
181 320
181 321
181 322
181 323
181 324
181 325
181 326
182 205
182 326
182 327
182 328
182 329
182 330
182 331
183 205
183 332
183 333
183 334
183 335
183 336
184 337
184 338
185 205
185 338
185 339
186 205
186 339
186 340
186 341
186 342
187 206
187 343
187 344
187 345
188 345
188 346
188 349
189 206
189 347
190 206
191 236
191 271
191 272
192 207
192 235
192 236
192 270
192 271
193 207
193 234
193 235
193 270
194 207
194 232
194 233
194 234
194 269
195 208
195 232
195 268
196 231
196 232
196 267
196 268
196 273
197 207
197 231
197 266
197 267
197 272
198 230
198 231
198 265
198 266
198 272
199 229
199 230
199 264
199 265
199 272
200 228
200 263
200 264
201 229
201 262
201 263
202 229
202 261
202 262
202 275
202 276
203 229
203 260
203 261
203 275
204 229
204 258
204 259
204 274
205 226
205 229
205 230
205 231
205 232
205 257
205 258
205 274
206 226
206 257
206 273
207 226
207 254
207 255
207 272
207 273
208 252
208 253
208 272
209 252
209 271
210 250
210 251
210 257
210 258
210 259
210 260
210 261
210 262
210 271
211 248
211 249
211 257
211 260
211 261
211 270
212 247
212 269
212 332
212 333
212 334
212 335
212 336
212 337
212 338
212 339
212 340
213 245
213 268
213 269
213 328
213 341
213 342
213 343
213 344
213 345
213 346
213 347
213 348
214 243
214 267
214 325
214 326
215 240
215 241
215 242
215 324
215 325
216 239
216 266
216 343
216 344
216 345
217 237
217 265
217 266
217 331
217 346
217 347
217 348
218 193
218 194
218 265
218 327
218 328
218 329
219 185
219 191
219 192
219 221
219 222
219 223
219 224
219 264
219 325
219 327
220 185
220 189
220 234
220 263
221 230
221 231
221 232
221 263
221 323
222 186
222 187
222 229
222 230
222 262
222 320
223 187
223 227
223 228
223 242
223 261
223 262
223 313
224 187
224 223
224 224
224 225
224 226
224 240
224 241
224 261
225 221
225 222
225 223
225 233
225 234
225 235
225 239
225 260
226 188
226 219
226 220
226 230
226 231
226 232
226 236
226 238
226 259
226 260
227 189
227 217
227 218
227 237
227 238
227 258
227 259
228 189
228 215
228 216
228 238
228 258
229 214
229 215
229 257
229 311
229 312
229 313
229 314
230 213
230 214
230 256
230 257
231 212
231 213
231 256
232 191
232 210
232 211
232 235
232 236
232 255
233 191
233 209
233 210
233 236
233 254
233 255
233 304
233 305
233 307
234 191
234 208
234 209
234 236
234 253
234 254
234 304
235 191
235 207
235 208
235 236
235 252
235 253
235 295
235 303
236 191
236 206
236 207
236 235
236 252
236 303
237 191
237 205
237 206
237 235
237 238
237 251
237 293
238 191
238 204
238 205
238 235
238 238
238 250
238 251
239 191
239 204
239 235
239 239
239 250
240 191
240 203
240 238
240 249
241 191
241 202
241 203
241 238
241 248
241 249
242 190
242 202
242 238
242 247
242 248
243 190
243 201
243 202
243 237
243 247
244 191
244 201
244 237
244 246
245 192
245 201
245 237
245 246
246 192
246 193
246 200
246 237
246 245
247 192
247 200
247 236
247 244
247 245
247 272
247 273
247 283
248 186
248 187
248 192
248 201
248 236
248 244
248 281
249 187
249 188
249 191
249 192
249 202
249 235
249 243
249 280
250 187
250 191
250 198
250 202
250 235
250 243
250 268
251 191
251 197
251 202
251 235
251 242
251 267
251 268
251 276
251 309
252 190
252 197
252 201
252 234
252 241
253 190
253 197
253 201
253 234
253 240
253 241
253 265
253 271
254 190
254 197
254 201
254 233
254 239
254 240
255 190
255 197
255 201
255 233
255 239
255 263
255 268
255 269
256 190
256 197
256 201
256 232
256 233
256 238
256 268
257 189
257 196
257 201
257 232
257 237
257 238
257 267
257 268
257 304
257 305
258 189
258 201
258 231
258 232
258 236
258 237
258 267
258 304
259 189
259 196
259 201
259 231
259 236
259 257
259 261
259 266
259 303
260 189
260 195
260 201
260 230
260 231
260 235
260 265
260 302
261 189
261 195
261 200
261 230
261 234
261 235
261 264
261 301
262 189
262 194
262 195
262 200
262 229
262 230
262 233
262 234
262 300
262 301
263 188
263 194
263 199
263 229
263 263
263 299
263 300
263 346
263 347
264 193
264 198
264 229
264 298
264 299
264 344
264 345
265 193
265 198
265 229
265 298
265 343
265 344
266 188
266 198
266 229
266 298
267 188
267 197
267 228
267 297
268 188
268 197
268 198
268 227
268 228
268 296
268 297
269 188
269 196
269 227
269 295
269 296
270 188
270 196
270 226
270 227
270 295
271 188
271 195
271 225
271 226
271 294
271 328
272 189
272 224
272 225
272 293
272 294
273 189
273 190
273 223
273 224
273 293
274 191
274 222
274 223
274 292
275 192
275 222
275 244
275 292
275 315
276 192
276 221
276 222
276 291
276 313
277 191
277 221
277 291
277 313
278 191
278 220
278 290
279 190
279 218
279 219
279 220
279 290
280 189
280 289
280 290
281 289
282 213
283 212
283 213
