278 85 84 57
253 132
254 133
255 133
256 133
257 133
258 133
259 133
260 132
261 132
262 132
263 133
264 133
265 133
266 134
267 134
268 134
269 135
270 135
271 135
272 135
273 135
274 135
275 135
276 135
277 135
278 90
278 135
279 135
280 136
281 136
282 136
283 135
284 135
285 135
286 135
287 135
288 96
289 136
290 105
290 136
291 105
291 136
292 104
292 105
292 136
293 104
293 136
294 103
294 104
294 136
295 103
295 136
296 136
297 136
298 101
300 100
301 98
301 99
302 88
302 89
302 93
302 94
302 95
302 96
302 97
302 98
341 138
342 137
343 89
343 135
343 136
343 137
343 138
345 84
345 125
346 112
347 127
349 129
350 130
351 115
352 92
352 106
352 125
353 91
353 107
353 123
353 124
353 125
354 108
355 109
355 120
355 121
356 120
357 99
357 119
358 99
358 118
358 119
359 98
359 117
359 118
360 97
360 115
360 116
361 96
361 97
361 114
362 95
362 113
362 114
363 95
363 112
363 113
364 94
365 93
365 94
365 110
365 111
366 93
366 110
367 92
367 93
368 92
369 91
369 107
370 90
371 90
