150 165 48 66
148 183
153 183
153 197
154 183
154 184
154 195
154 196
155 184
155 185
155 194
155 200
156 185
156 186
156 192
156 193
156 199
156 200
156 201
156 202
156 203
156 207
156 208
156 209
156 223
156 224
156 225
157 187
157 188
157 189
157 190
157 191
157 204
157 205
157 206
157 210
157 223
158 211
158 215
158 216
158 217
158 218
158 219
158 222
159 212
159 214
159 220
159 222
160 190
160 191
160 222
161 191
161 192
162 193
162 194
164 173
165 172
165 173
166 171
166 225
166 226
167 221
167 222
167 223
167 224
168 212
168 217
168 218
168 219
168 220
169 202
169 211
169 214
169 215
169 216
170 208
170 209
171 222
171 223
172 191
172 192
172 193
172 219
172 220
172 221
173 181
173 182
173 183
173 184
173 185
173 186
173 187
173 188
173 189
173 190
173 216
173 217
173 218
174 175
174 176
174 177
174 178
174 179
174 180
174 213
174 214
174 215
174 216
175 172
175 174
175 206
175 207
175 208
175 209
175 210
175 211
176 203
176 204
176 205
176 206
176 207
178 190
183 205
184 205
187 206
188 206
191 207
192 207
193 207
194 207
195 208
196 207
197 207
