150 275 70 77
133 274
134 275
135 275
135 276
136 276
137 276
138 276
139 276
140 276
141 276
142 276
143 276
144 276
145 277
146 277
147 277
148 277
149 277
150 277
151 278
152 279
152 287
153 279
153 280
153 281
153 285
153 286
154 278
154 282
154 283
154 284
155 278
156 278
157 278
158 278
159 278
160 278
161 278
162 278
163 278
164 278
165 278
166 278
167 278
168 278
169 278
169 285
170 278
170 290
170 291
171 278
171 292
172 278
172 296
172 297
173 277
173 278
173 280
173 281
173 298
174 277
174 281
175 276
175 282
176 276
176 282
176 305
176 306
177 276
177 282
177 307
177 308
178 276
178 282
178 310
179 276
179 282
180 276
180 283
181 275
181 283
181 323
181 324
181 325
181 326
182 275
182 283
182 326
182 327
182 328
182 329
182 330
182 331
183 275
183 283
183 332
183 333
183 334
183 335
183 336
184 275
184 283
184 337
184 338
185 274
185 283
185 338
185 339
186 274
186 283
186 339
186 340
186 341
186 342
187 273
187 282
187 343
187 344
187 345
188 273
188 282
188 345
188 346
188 349
189 272
189 282
189 347
190 272
190 281
191 271
191 272
191 281
192 270
192 281
193 270
193 280
194 269
194 280
195 268
195 280
196 279
197 279
198 278
199 278
200 277
201 276
202 275
202 276
203 275
204 274
205 274
206 273
207 272
207 273
208 272
209 271
210 271
211 270
212 269
213 268
213 269
213 328
214 267
214 325
214 326
215 324
215 325
216 266
216 342
216 345
217 265
217 266
217 331
217 345
217 346
218 265
218 327
218 328
218 329
219 264
219 325
219 326
219 327
220 263
221 263
221 322
221 323
222 262
222 320
223 261
223 262
223 320
224 261
224 319
225 260
226 259
226 260
227 258
227 259
228 258
229 257
230 256
230 257
231 256
232 255
233 254
233 255
234 253
234 254
235 252
235 253
236 252
237 251
238 250
238 251
239 250
240 249
241 248
242 247
