204 150 67 44
203 169
204 169
204 170
205 170
206 174
207 174
208 168
208 174
209 170
209 171
209 172
209 174
210 174
211 174
211 175
212 163
213 177
214 161
214 177
214 178
215 159
215 161
215 179
215 180
216 180
217 182
218 183
218 184
219 155
219 162
219 185
220 153
220 154
220 186
221 151
221 152
221 186
223 148
224 146
224 147
225 144
225 145
225 151
225 188
226 144
226 152
229 190
230 190
231 190
238 186
242 183
243 165
243 181
245 179
246 169
246 177
247 174
247 175
247 176
248 151
248 172
248 173
249 172
250 172
251 164
251 171
252 165
252 166
252 171
253 171
254 171
255 171
255 172
256 172
258 174
259 175
259 176
259 177
259 178
261 179
261 180
262 180
263 180
263 181
264 181
264 182
264 188
265 182
265 183
266 183
267 184
268 184
268 185
269 185
270 185
