9 93 484 259
21 253
21 254
24 223
26 254
27 254
27 255
28 255
28 256
29 256
30 256
31 256
32 256
33 226
34 226
35 226
36 226
37 227
38 142
38 143
38 228
39 142
39 228
40 141
40 229
41 141
41 229
41 230
41 266
41 267
42 140
42 230
42 231
42 247
42 248
42 249
42 267
43 140
43 232
43 246
43 247
44 141
44 217
44 218
44 246
44 269
44 270
45 140
45 246
45 271
46 140
46 190
46 191
46 192
46 193
47 140
47 235
47 236
48 140
48 202
48 204
48 230
48 234
48 237
48 238
48 239
48 240
48 241
48 242
48 243
49 140
49 233
50 139
50 195
50 198
50 248
50 277
50 278
51 188
51 248
51 250
51 251
51 278
51 279
52 187
52 239
52 240
52 242
52 243
52 244
52 245
52 251
52 252
52 279
53 185
53 253
53 254
53 279
54 150
54 151
54 185
54 245
54 253
54 280
55 151
55 245
55 281
56 151
56 158
56 183
56 246
56 253
56 281
57 150
57 159
57 160
57 169
57 176
57 177
57 246
57 253
57 281
58 143
58 144
58 145
58 146
58 147
58 148
58 149
58 150
58 151
58 160
58 161
58 168
58 169
58 174
58 175
58 179
58 180
58 181
58 247
58 280
59 142
59 156
59 161
59 173
59 179
59 248
59 254
59 255
59 280
60 155
60 156
60 172
60 178
60 256
60 280
61 154
61 162
61 177
61 248
61 257
61 280
62 163
62 164
62 165
62 166
62 169
62 170
62 171
62 175
62 176
62 248
62 279
63 160
63 161
63 167
63 168
63 174
63 175
63 247
63 279
64 156
64 157
64 158
64 160
64 247
64 249
64 250
64 280
65 155
65 156
65 249
65 250
65 280
66 250
66 280
67 280
68 152
68 249
68 280
69 151
69 152
69 249
69 280
70 151
70 249
70 280
70 290
71 150
71 246
71 280
72 150
72 247
72 280
72 292
73 149
73 150
73 280
74 149
74 247
74 280
74 290
74 292
74 293
74 294
75 247
75 280
75 289
75 290
76 247
76 280
77 247
77 281
78 248
78 281
79 248
79 249
79 281
80 249
80 281
81 139
81 249
81 281
82 104
82 128
82 140
82 250
82 281
83 102
83 105
83 129
83 130
83 141
83 250
83 281
84 99
84 100
84 101
84 131
84 132
84 249
84 250
84 281
85 132
85 250
85 281
86 132
86 251
86 281
87 133
87 134
87 251
87 252
87 253
87 281
88 253
88 254
88 281
89 135
89 249
89 254
89 257
89 258
89 281
90 249
90 258
90 281
91 249
91 258
91 281
92 249
92 259
92 281
93 259
93 282
94 259
94 282
95 259
95 282
96 259
96 282
97 260
97 283
98 260
98 283
99 261
99 283
100 241
100 261
100 266
100 283
101 261
101 266
101 283
102 261
102 266
102 283
103 261
103 266
103 283
104 261
104 266
105 261
105 266
106 261
106 266
106 276
107 262
107 266
107 274
107 275
108 262
108 266
108 274
109 76
109 77
109 78
109 79
109 81
109 82
109 83
109 84
109 85
109 86
109 87
109 89
109 90
109 91
109 92
109 229
109 231
109 262
109 266
109 274
110 75
110 218
110 219
110 220
110 221
110 222
110 223
110 224
110 225
110 226
110 227
110 262
110 266
110 273
111 178
111 179
111 213
111 215
111 217
111 262
111 273
112 211
112 212
112 262
112 273
113 182
113 262
113 272
114 262
114 272
115 262
115 272
116 206
116 262
116 272
117 185
117 205
117 235
117 236
117 262
117 272
118 205
118 228
118 229
118 230
118 231
118 232
118 233
118 234
118 237
118 262
118 272
119 220
119 221
119 222
119 223
119 224
119 225
119 226
119 227
119 262
119 272
120 171
120 173
120 175
120 217
120 218
120 219
120 263
120 272
121 165
121 166
121 167
121 168
121 169
121 170
121 178
121 187
121 208
121 215
121 216
121 217
121 263
121 272
122 183
122 213
122 214
122 215
122 263
122 264
122 272
122 273
123 183
123 188
123 264
123 265
123 273
124 163
124 174
124 183
124 265
124 273
125 161
125 162
125 163
125 174
125 183
125 266
125 267
125 273
126 161
126 162
126 174
126 175
126 183
126 184
126 189
126 267
126 268
126 272
127 162
127 172
127 189
127 269
127 272
128 162
128 170
128 171
128 189
128 269
129 164
129 165
129 168
129 169
129 183
129 189
130 166
130 167
130 189
131 182
131 188
132 188
133 182
133 188
134 182
134 187
135 182
136 142
136 187
137 142
137 187
138 143
138 180
138 187
139 143
139 180
139 186
140 143
140 144
140 180
140 186
141 144
141 180
141 185
142 145
142 181
142 185
143 145
143 185
144 146
144 185
144 213
145 146
145 179
145 184
145 213
146 147
146 213
147 148
147 183
147 213
148 183
148 213
149 182
149 212
150 182
150 212
151 175
151 182
152 183
152 287
153 197
153 281
153 285
153 286
154 184
154 195
154 196
154 282
154 283
154 284
155 194
155 200
156 185
156 186
156 192
156 193
156 199
156 200
156 201
156 202
156 203
156 207
156 208
156 209
156 223
156 224
156 225
157 187
157 188
157 189
157 190
157 191
157 204
157 205
157 206
157 210
157 223
158 211
158 215
158 216
158 217
158 218
158 219
158 222
158 228
159 212
159 214
159 220
159 222
160 190
160 191
160 222
161 191
161 192
161 230
162 193
162 194
162 226
162 227
162 229
163 228
164 226
164 227
165 226
168 212
168 217
168 218
168 220
169 202
170 290
170 291
171 292
172 191
172 192
172 193
172 296
172 297
173 298
176 201
176 202
176 203
176 204
176 205
176 206
176 207
177 193
177 194
177 195
177 196
178 191
178 192
181 205
182 205
184 205
185 205
186 205
188 206
189 206
190 158
190 206
191 159
191 207
191 236
192 160
192 236
192 271
193 160
194 161
194 232
194 233
194 234
195 161
195 162
195 232
196 162
196 163
196 172
196 207
196 231
196 232
196 267
196 268
197 163
197 164
197 173
197 207
197 266
197 267
198 164
198 173
198 230
198 265
198 266
199 165
199 173
199 229
199 230
199 264
199 265
200 166
200 173
200 228
200 263
200 264
201 167
201 173
201 177
201 178
201 179
201 180
201 181
201 229
201 262
201 263
202 168
202 174
202 229
202 261
202 262
203 168
203 169
203 176
203 229
203 260
203 261
204 169
204 170
204 175
204 229
204 258
204 259
205 170
205 226
205 229
205 230
205 231
205 257
205 258
206 174
206 225
206 226
206 229
206 255
206 256
206 257
207 174
207 225
207 226
207 254
207 255
208 174
208 225
208 226
208 252
208 253
209 172
209 174
209 225
209 251
209 252
210 174
210 224
210 249
210 250
210 251
210 257
210 258
211 174
211 175
211 223
211 248
211 249
212 163
212 176
212 222
212 246
212 247
212 332
212 333
212 334
212 335
212 336
212 337
212 338
212 339
212 340
213 177
213 222
213 244
213 245
213 328
213 329
213 330
213 331
213 341
213 342
213 343
213 344
213 345
213 346
213 347
213 348
214 161
214 177
214 178
214 220
214 221
214 242
214 243
214 268
214 325
214 326
214 327
215 159
215 161
215 179
215 180
215 220
215 241
215 267
215 323
215 324
215 325
216 165
216 180
216 181
216 219
216 238
216 239
216 321
216 322
216 334
216 335
216 336
216 337
216 338
216 343
216 344
216 345
217 182
217 183
217 204
217 205
217 206
217 207
217 208
217 234
217 235
217 236
217 319
217 320
217 330
217 331
217 332
217 333
217 339
217 340
217 341
217 346
217 347
217 348
218 183
218 184
218 193
218 194
218 203
218 206
218 209
218 225
218 226
218 227
218 327
218 328
218 329
219 155
219 162
219 184
219 185
219 191
219 192
219 195
219 196
219 210
219 325
219 327
220 153
220 154
220 185
220 186
220 189
220 197
220 198
220 199
220 200
220 201
220 202
220 211
220 213
220 214
220 215
220 216
220 217
220 218
220 219
220 220
220 232
220 233
220 324
221 151
221 152
221 186
221 212
221 230
221 231
221 321
221 323
222 186
222 187
222 229
222 314
222 320
223 148
223 187
223 227
223 313
224 146
224 147
224 155
224 187
224 223
224 226
224 312
225 144
225 145
225 151
225 153
225 221
225 222
225 319
226 144
226 152
226 188
226 219
226 220
226 310
226 317
226 318
227 189
227 217
227 316
228 189
228 215
228 216
228 315
229 214
229 215
229 309
229 310
229 311
229 312
229 314
230 213
230 214
230 308
231 212
231 213
231 309
232 191
232 210
232 300
232 301
232 302
232 308
233 138
233 191
233 209
233 297
233 298
233 299
233 303
233 304
233 305
233 306
233 307
233 308
234 137
234 191
234 208
234 296
234 303
234 304
235 136
235 191
235 207
235 294
235 295
235 303
236 135
236 191
236 206
236 294
236 302
236 303
237 186
237 187
237 191
237 205
237 206
237 292
237 293
237 302
238 187
238 191
238 204
238 291
238 292
239 185
239 186
239 191
240 185
240 191
241 184
241 185
241 191
241 202
242 146
242 183
242 184
242 190
242 202
243 146
243 165
243 182
243 190
243 201
243 202
244 122
244 123
244 124
244 125
244 126
244 127
244 128
244 129
244 130
244 131
244 132
244 133
244 134
244 135
244 146
244 147
244 148
244 168
244 179
244 180
244 191
244 201
244 290
245 118
245 119
245 120
245 121
245 136
245 137
245 138
245 139
245 140
245 141
245 142
245 143
245 144
245 145
245 178
245 192
245 201
245 285
245 286
245 287
245 288
245 289
246 115
246 116
246 117
246 169
246 176
246 192
246 193
246 200
246 283
246 284
247 113
247 114
247 192
247 200
247 272
247 273
247 283
248 110
248 111
248 112
248 151
248 152
248 153
248 172
248 186
248 187
248 192
248 201
248 271
248 272
248 280
248 281
249 107
249 108
249 109
249 154
249 155
249 156
249 187
249 188
249 191
249 192
249 202
249 269
249 270
249 279
249 280
250 105
250 106
250 107
250 135
250 136
250 137
250 138
250 139
250 140
250 157
250 158
250 159
250 160
250 187
250 191
250 198
250 202
250 268
250 269
250 277
250 278
250 279
251 103
251 104
251 131
251 161
251 162
251 164
251 171
251 191
251 197
251 202
251 267
251 268
251 275
251 276
251 277
251 309
252 101
252 102
252 132
252 164
252 165
252 166
252 190
252 197
252 201
252 266
252 267
252 273
252 274
253 100
253 101
253 190
253 197
253 201
253 265
253 271
254 99
254 171
254 190
254 197
254 201
254 264
254 270
255 97
255 98
255 171
255 172
255 190
255 197
255 201
255 263
255 268
255 269
256 96
256 97
256 172
256 173
256 190
256 197
256 201
256 262
257 94
257 95
257 189
257 196
257 201
257 267
257 304
257 305
258 93
258 94
258 174
258 189
258 201
258 258
258 259
258 260
258 261
258 304
259 91
259 92
259 175
259 176
259 177
259 178
259 189
259 196
259 201
259 257
259 261
259 303
260 90
260 91
260 179
260 189
260 195
260 201
260 230
260 231
260 256
260 262
260 302
261 89
261 90
261 179
261 189
261 195
261 200
261 230
261 255
261 301
262 88
262 89
262 189
262 194
262 195
262 200
262 229
262 253
262 254
262 263
263 88
263 180
263 181
263 188
263 194
263 199
263 229
263 253
263 300
263 346
263 347
264 86
264 87
264 181
264 193
264 198
264 263
264 298
264 299
264 344
264 345
265 182
265 183
265 193
265 198
265 298
265 343
265 344
266 183
266 188
266 198
266 298
267 184
267 188
267 197
267 228
268 184
268 185
268 188
268 197
268 198
268 227
268 228
268 297
269 185
269 188
269 196
269 227
270 185
270 186
270 188
270 196
270 226
270 227
271 188
271 195
271 225
271 226
271 328
272 185
272 189
272 224
272 225
272 293
272 294
273 184
273 185
273 189
273 190
273 223
273 224
274 184
274 191
274 222
274 223
274 292
275 183
275 184
275 192
275 222
275 315
276 183
276 192
276 221
276 222
276 313
277 182
277 183
277 191
277 221
277 313
278 182
278 191
278 220
278 290
278 313
279 181
279 182
279 190
279 218
279 219
279 220
279 290
279 312
280 181
280 189
280 290
281 180
281 189
281 289
282 179
282 180
282 189
282 213
283 179
283 188
283 189
283 212
283 213
283 233
283 234
284 176
284 178
284 187
285 176
285 186
285 187
285 232
286 92
286 93
286 94
286 95
286 101
286 176
286 185
286 186
286 230
287 96
287 102
287 103
287 175
287 176
287 184
287 204
287 229
288 96
288 97
288 104
288 136
288 174
288 175
288 183
288 203
288 222
288 229
289 97
289 105
289 173
289 182
289 200
289 202
289 228
290 97
290 181
290 182
290 200
290 228
291 180
291 181
291 197
291 198
291 227
291 286
291 287
292 179
292 180
292 227
293 178
293 179
293 194
293 226
293 289
294 168
294 177
294 178
294 191
294 225
294 226
295 167
295 177
295 188
295 189
295 190
295 225
296 176
296 187
296 224
296 225
297 165
297 175
297 184
297 185
297 224
298 101
298 137
298 174
298 175
298 181
298 183
298 223
299 137
299 173
299 174
299 179
299 180
299 181
299 222
299 223
300 100
300 138
300 172
300 173
300 221
301 98
301 99
301 138
301 139
301 172
301 196
301 219
301 221
302 88
302 89
302 90
302 91
302 92
302 93
302 94
302 95
302 96
302 97
302 98
302 139
302 140
302 171
303 141
303 142
303 170
303 171
303 194
303 195
303 216
303 217
304 142
304 143
304 170
305 170
305 220
306 169
306 214
307 168
307 169
307 205
307 212
308 168
308 205
308 223
309 167
309 205
309 222
310 167
310 204
310 221
310 222
311 166
311 188
311 189
311 204
311 220
311 221
312 166
312 205
312 206
312 221
313 165
313 221
314 164
314 165
314 183
314 184
314 185
314 220
315 164
315 182
315 183
315 203
315 207
315 208
315 220
316 180
316 181
316 182
316 204
316 220
317 180
317 220
318 220
319 179
319 220
320 172
320 173
320 178
320 220
320 221
321 174
321 176
321 178
321 221
322 221
323 173
324 154
324 163
324 173
325 153
325 163
325 170
325 172
326 152
326 153
326 163
326 169
326 170
327 151
327 152
327 169
327 221
328 150
328 168
328 221
329 149
329 154
329 167
329 168
329 220
330 149
330 154
330 161
330 167
330 219
331 148
331 154
331 160
331 167
331 219
332 155
332 159
332 166
333 165
333 166
334 164
335 162
335 163
335 216
336 160
336 161
336 162
337 143
337 157
337 159
337 160
338 142
338 156
338 157
339 141
339 154
339 155
339 212
340 152
340 153
340 154
341 138
341 150
341 151
341 152
341 204
342 137
342 148
342 149
342 150
342 201
342 203
343 135
343 136
343 137
343 138
343 147
343 148
343 199
343 200
344 146
344 198
344 199
345 125
345 139
345 140
345 142
345 143
345 197
345 207
346 112
346 196
346 197
347 127
347 195
347 196
347 204
347 205
348 194
348 195
348 202
348 203
348 327
349 129
349 193
349 194
349 200
349 201
349 325
349 326
349 327
350 130
350 192
350 193
350 200
351 115
351 192
351 199
351 200
352 92
352 106
352 125
352 191
352 323
352 324
353 91
353 107
353 123
353 124
353 125
353 191
353 324
353 325
354 108
354 190
354 326
355 109
355 120
355 121
355 190
355 327
356 120
356 190
357 99
357 119
357 190
358 99
358 118
358 119
358 191
359 98
359 117
359 118
360 97
360 115
360 116
360 196
361 96
361 97
361 114
361 195
361 196
362 95
362 96
362 113
362 114
362 194
363 95
363 112
363 113
363 193
364 94
364 112
364 192
365 93
365 94
365 110
365 111
365 192
366 93
366 110
366 194
367 92
367 93
367 108
367 109
367 193
367 194
368 92
368 108
368 191
368 192
368 193
368 194
369 91
369 107
369 191
369 259
370 90
370 107
370 259
370 265
371 90
371 105
371 106
371 260
371 265
372 90
372 105
372 257
372 260
372 266
373 90
373 104
373 232
373 240
373 241
373 256
373 260
373 267
374 91
374 92
374 104
374 231
374 232
374 257
374 267
375 92
375 232
375 233
375 244
375 257
375 267
375 268
376 233
376 234
376 250
376 258
377 251
377 263
377 270
377 272
378 252
378 256
378 258
378 263
379 252
379 256
379 259
379 263
379 264
380 255
380 256
380 260
380 261
381 256
415 339
417 344
418 343
418 344
419 342
419 343
420 341
420 342
421 340
421 341
422 339
423 337
423 338
424 268
424 335
424 337
425 267
425 268
425 334
425 335
426 267
426 333
426 334
427 266
427 331
427 332
427 333
428 266
428 329
428 330
428 331
429 265
429 328
429 329
430 264
431 264
432 263
433 258
433 263
434 258
434 259
434 262
435 80
435 258
435 259
435 262
436 258
436 259
436 262
437 83
437 258
438 84
438 258
438 262
438 284
438 285
439 85
439 257
439 262
439 286
439 287
439 288
439 289
440 87
440 88
440 257
440 261
440 279
440 280
440 281
441 88
441 89
441 258
441 261
441 279
442 90
442 258
442 277
442 278
443 275
443 276
443 277
444 257
445 257
445 272
445 273
446 93
446 257
446 269
446 270
446 271
447 257
447 268
448 257
449 257
449 260
449 263
449 264
449 265
449 266
450 257
450 260
450 261
450 262
450 263
451 257
451 261
452 256
452 257
452 267
452 268
453 102
453 255
453 256
453 265
453 266
453 267
454 254
454 255
454 261
454 265
455 253
455 254
455 261
455 265
456 252
456 260
457 243
457 244
457 245
457 246
457 247
457 248
457 251
457 259
458 241
458 250
459 231
459 232
459 233
459 234
459 238
459 240
459 249
460 235
460 238
461 247
462 111
462 228
462 229
462 246
462 247
463 111
463 226
463 228
463 229
463 246
464 111
464 229
464 245
465 111
465 209
465 229
465 244
466 115
466 148
466 150
466 207
466 208
466 243
467 110
467 115
467 148
467 149
467 242
468 115
468 148
468 207
468 229
469 109
469 115
469 148
469 207
469 224
469 229
469 242
470 109
470 115
470 148
470 208
470 224
470 229
470 233
470 241
470 242
471 109
471 148
471 170
471 171
471 172
471 224
471 229
471 233
471 241
472 108
472 147
472 223
472 224
472 228
472 233
473 108
473 147
473 173
473 174
473 204
473 223
473 227
473 228
473 233
474 82
474 113
474 204
474 223
474 228
474 233
475 108
475 113
475 146
475 204
475 223
475 232
475 238
476 107
476 113
476 146
476 172
476 203
476 209
476 222
476 227
476 232
476 235
476 237
477 85
477 113
477 146
477 172
477 203
477 209
477 212
477 227
477 232
478 89
478 101
478 145
478 150
478 172
478 203
478 208
478 212
478 227
478 232
479 90
479 91
479 101
479 112
479 145
479 149
479 171
479 202
479 208
479 212
479 226
479 231
480 91
480 112
480 144
480 149
480 171
480 202
480 207
480 211
480 221
480 226
480 231
481 100
481 144
481 148
481 170
481 202
481 207
481 211
481 221
481 226
481 231
482 143
482 170
482 202
482 207
482 221
482 226
482 231
483 106
483 112
483 143
483 170
483 201
483 221
483 226
483 230
483 231
484 111
484 142
484 169
484 201
484 221
484 226
484 230
485 108
485 142
485 201
485 221
485 225
485 230
486 142
486 200
486 209
486 221
486 229
487 142
487 201
487 209
487 221
487 228
487 229
488 201
488 202
488 222
488 228
489 143
489 148
489 149
489 164
489 165
489 200
489 201
489 208
489 222
490 149
490 150
490 173
490 200
490 220
491 161
491 171
491 172
491 176
491 177
491 205
