9 194 46 85
16 196
16 197
17 190
17 191
17 192
17 193
17 194
17 195
18 188
18 189
18 198
18 199
18 200
19 186
19 187
19 188
20 177
20 178
20 183
20 184
20 185
20 206
20 207
21 178
21 181
21 182
21 203
21 204
21 205
22 179
22 180
24 223
44 216
45 218
45 219
45 220
45 221
46 207
46 208
46 222
46 223
47 208
47 209
47 210
47 223
47 224
47 225
47 226
47 227
47 228
48 203
48 205
48 211
48 212
48 213
48 214
48 215
48 216
48 228
48 229
48 248
48 249
48 274
49 200
49 201
49 202
49 231
49 232
49 249
49 250
49 276
50 196
50 197
50 199
50 233
50 248
50 250
51 191
51 192
51 193
51 194
52 241
52 242
52 243
52 244
52 245
