250 201 243 116
249 202
250 202
251 202
252 201
252 308
253 201
253 307
254 201
254 270
254 307
255 201
255 306
256 201
256 233
256 268
256 305
257 201
257 232
257 268
258 201
258 231
258 232
258 258
258 259
258 260
258 261
258 267
259 201
259 231
259 266
260 201
260 256
260 262
260 265
260 302
261 200
261 255
261 264
261 301
262 200
262 230
262 253
262 254
262 263
262 300
262 301
263 199
263 253
263 263
263 299
264 198
264 229
264 252
264 263
264 298
264 299
265 229
265 250
265 251
265 263
265 298
266 229
266 249
266 250
266 251
266 262
266 298
267 228
267 248
267 261
267 262
267 297
268 227
268 228
268 246
268 247
268 248
268 259
268 260
268 296
268 297
269 227
269 244
269 245
269 256
269 257
269 258
269 295
269 296
270 226
270 227
270 243
270 244
270 254
270 255
270 295
271 225
271 226
271 241
271 242
271 253
271 254
271 294
272 224
272 225
272 240
272 251
272 252
272 293
272 294
273 223
273 224
273 238
273 249
273 250
273 251
273 293
274 222
274 223
274 236
274 237
274 246
274 247
274 248
274 249
274 292
275 222
275 234
275 235
275 243
275 244
275 245
275 292
276 222
276 234
276 240
276 241
276 242
276 243
276 291
277 221
277 240
277 291
278 240
278 290
279 218
279 219
279 234
279 235
279 236
279 237
279 239
279 240
279 290
280 216
280 217
280 218
280 234
280 238
280 239
280 289
280 290
281 214
281 215
281 234
281 289
282 214
282 228
282 234
283 225
283 226
283 228
284 211
284 212
284 225
284 226
284 227
284 232
284 233
285 210
285 211
285 231
285 232
286 206
286 207
286 208
286 209
286 230
287 205
287 219
287 220
287 221
287 222
287 223
287 229
288 202
288 219
288 222
288 229
289 201
289 218
289 219
289 228
290 199
290 218
290 228
291 217
291 218
291 227
292 195
292 196
292 227
292 287
292 288
292 289
293 193
293 290
294 192
294 226
296 186
298 182
298 204
298 206
299 198
299 199
299 202
299 203
299 205
300 197
300 198
300 199
300 200
300 201
300 217
300 221
300 222
301 197
301 200
301 218
301 220
302 201
302 217
304 215
304 216
304 220
305 214
305 215
305 219
306 205
306 206
306 213
307 205
307 206
307 213
309 205
309 215
310 204
310 214
310 215
311 204
311 213
311 214
312 205
312 208
312 209
312 210
312 211
312 212
314 208
316 205
316 206
316 207
317 205
317 206
324 266
324 267
325 266
326 265
326 266
327 265
328 264
328 288
329 262
329 263
329 287
329 288
330 219
330 286
330 287
331 219
332 217
332 218
332 284
332 285
332 286
333 217
333 286
333 287
334 217
336 215
336 216
337 214
337 215
338 213
338 214
339 213
340 211
340 212
341 205
341 206
341 207
341 208
341 209
341 210
341 211
342 202
346 196
346 197
346 206
346 264
347 195
347 196
347 265
347 266
347 267
348 195
348 202
348 203
348 267
348 268
348 269
349 194
349 200
349 201
350 193
350 200
351 192
351 199
351 200
353 191
354 190
355 190
357 190
358 191
369 259
370 259
372 257
373 232
373 240
373 241
373 256
374 231
374 242
374 257
375 232
375 233
375 243
375 244
375 245
375 257
376 233
376 234
376 245
376 246
376 250
376 258
377 234
377 235
377 251
378 235
378 236
378 252
378 256
378 258
378 263
379 236
379 237
379 238
379 252
379 256
379 259
379 263
379 264
380 255
380 256
380 260
380 261
381 256
424 268
425 267
425 268
426 267
427 266
428 266
429 265
430 264
431 264
432 263
433 258
433 263
434 258
434 259
434 262
435 258
435 259
435 262
436 258
436 259
436 262
437 258
438 258
438 262
438 284
438 285
439 257
439 262
439 286
439 287
439 288
439 289
440 257
440 261
440 279
440 280
440 281
441 258
441 261
441 279
442 258
442 277
442 278
443 275
443 276
443 277
444 257
445 257
445 272
445 273
446 257
446 269
446 270
446 271
447 257
447 268
448 257
449 257
449 260
449 263
449 264
449 265
449 266
450 257
450 260
450 261
450 262
450 263
451 257
451 261
452 256
452 257
452 267
452 268
453 255
453 256
453 265
453 266
453 267
454 254
454 255
454 261
454 265
455 253
455 254
455 261
455 265
456 252
456 260
457 243
457 244
457 245
457 246
457 247
457 248
457 251
457 259
458 241
458 250
459 231
459 232
459 233
459 234
459 238
459 240
459 249
460 235
460 238
461 247
462 228
462 229
462 246
462 247
463 226
463 228
463 229
463 246
464 229
464 245
465 209
465 229
465 244
466 208
466 243
467 242
468 229
469 224
469 229
469 242
470 224
470 229
470 233
470 241
470 242
471 171
471 172
471 224
471 229
471 233
471 241
472 223
472 224
472 228
472 233
473 223
473 227
473 228
473 233
474 223
474 228
474 233
475 223
475 232
475 238
476 209
476 222
476 227
476 232
476 235
476 237
477 227
477 232
478 227
478 232
479 208
479 212
479 226
479 231
480 221
480 226
480 231
481 221
481 226
481 231
482 221
482 226
482 231
483 221
483 226
483 230
483 231
484 221
484 226
484 230
485 221
485 225
485 230
486 221
486 229
487 209
487 221
487 228
487 229
488 222
488 228
489 201
489 208
489 222
490 200
490 220
491 177
491 205
