342 88 46 38
342 91
343 88
343 90
343 91
343 92
344 85
344 86
344 87
344 91
345 81
345 82
345 83
345 91
345 92
346 76
346 77
346 78
346 79
346 80
346 92
350 114
351 93
351 94
352 91
352 92
352 106
352 116
353 90
353 107
354 88
354 89
354 108
354 122
355 84
355 85
355 86
355 87
356 70
356 71
356 72
356 73
356 74
356 75
356 76
356 77
356 78
356 79
356 80
356 81
356 82
356 83
357 99
358 99
359 98
360 97
361 96
361 97
362 95
362 96
363 95
364 94
364 111
365 93
365 94
366 93
367 92
367 93
368 92
369 91
369 107
370 90
371 90
372 90
373 90
374 91
374 92
375 92
