276 200 114 106
274 222
275 222
276 222
277 221
279 218
279 219
279 234
279 235
279 236
279 237
279 239
280 216
280 217
280 218
280 234
280 238
280 239
281 214
281 215
281 234
282 214
282 228
282 234
283 225
283 226
283 228
284 211
284 212
284 225
284 226
284 227
284 232
284 233
285 210
285 211
285 231
285 232
286 206
286 207
286 208
286 209
286 230
287 205
287 219
287 220
287 221
287 222
287 223
287 229
288 202
288 219
288 222
288 229
289 201
289 218
289 219
289 228
290 199
290 218
291 217
291 218
291 227
292 195
292 196
293 193
294 192
294 226
296 186
298 182
298 204
298 206
299 198
299 199
299 202
299 203
299 205
300 197
300 198
300 199
300 200
300 201
300 217
300 221
300 222
301 197
301 200
301 218
301 220
302 201
302 217
304 215
304 216
304 220
305 214
305 215
305 219
306 205
306 206
306 213
307 205
307 206
307 213
309 205
309 215
310 204
310 214
310 215
311 204
311 213
311 214
312 205
312 208
312 209
312 210
312 211
312 212
314 208
315 203
315 207
315 208
316 204
316 205
316 206
316 207
317 205
317 206
328 288
329 287
329 288
330 219
330 286
330 287
331 219
332 217
332 218
332 284
332 285
332 286
333 217
333 286
333 287
334 217
335 216
336 215
336 216
337 214
337 215
338 213
338 214
339 212
339 213
340 211
340 212
341 204
341 205
341 206
341 207
341 208
341 209
341 210
341 211
342 201
342 202
342 203
343 199
343 200
344 198
344 199
345 197
345 207
346 196
346 197
346 206
347 195
347 196
347 204
347 205
348 195
348 202
348 203
349 194
349 200
349 201
350 193
350 200
351 192
351 199
351 200
353 191
354 190
355 190
357 190
358 191
369 259
370 259
370 265
371 260
371 265
372 257
372 260
372 266
373 232
373 240
373 241
373 256
373 260
373 267
374 231
374 257
374 267
375 232
375 233
375 244
375 257
375 267
375 268
376 233
376 234
376 250
376 258
377 251
377 263
377 270
378 252
378 256
378 258
378 263
379 252
379 256
379 259
379 263
379 264
380 255
380 256
380 260
380 261
381 256
