15 195 218 95
21 253
21 254
24 223
26 254
27 254
27 255
28 255
28 256
29 256
30 256
31 256
32 256
33 226
34 226
35 226
36 226
37 227
38 228
39 228
40 229
41 229
41 230
41 266
41 267
42 230
42 231
42 247
42 248
42 249
42 267
43 232
43 246
43 247
44 217
44 218
44 246
44 269
44 270
45 246
45 271
47 235
47 236
48 202
48 204
48 230
48 234
48 237
48 238
48 239
48 240
48 241
48 242
48 243
49 233
50 195
50 198
50 248
51 248
51 250
51 251
52 239
52 240
52 242
52 243
52 244
52 245
52 251
52 252
53 253
53 254
54 245
54 253
55 245
56 246
56 253
57 246
57 253
58 247
59 248
59 254
59 255
60 256
61 248
61 257
62 248
63 247
64 247
64 249
64 250
65 249
65 250
66 250
68 249
69 249
70 249
71 246
72 247
74 247
75 247
76 247
77 247
78 248
79 248
79 249
80 249
81 249
82 250
83 250
84 249
84 250
85 250
86 251
87 251
87 252
87 253
88 253
88 254
89 249
89 254
89 257
89 258
90 249
91 249
92 249
100 241
107 200
109 229
109 230
109 231
110 218
110 219
110 220
110 221
110 222
110 223
110 224
110 225
110 226
110 227
110 232
110 233
110 235
111 213
111 215
111 217
111 233
111 234
112 210
112 211
112 212
112 234
113 235
114 209
117 235
117 236
118 228
118 229
118 230
118 231
118 232
118 233
118 234
118 237
119 205
119 220
119 221
119 222
119 223
119 224
119 225
119 226
119 227
119 238
119 239
120 205
120 206
120 217
120 218
120 219
121 207
121 208
121 209
121 215
121 216
121 217
122 209
122 213
122 214
122 215
139 209
140 210
141 211
142 212
143 213
144 213
145 213
146 213
147 213
148 213
149 212
150 212
153 280
154 183
155 184
155 185
156 226
157 227
157 228
158 228
158 229
159 221
159 229
161 230
162 226
162 227
162 229
163 228
164 226
164 227
165 226
166 225
166 226
167 221
167 222
167 223
167 224
168 219
169 203
169 204
169 205
169 210
169 211
169 214
169 215
169 216
170 196
170 197
170 198
170 199
170 200
170 201
170 202
170 206
170 207
170 208
170 209
171 194
171 195
171 222
171 223
172 219
172 220
172 221
173 181
173 182
173 183
173 184
173 185
173 186
173 187
173 188
173 189
173 190
173 216
173 217
173 218
174 175
174 176
174 177
174 178
174 179
174 180
174 213
174 214
174 215
174 216
175 174
175 206
175 207
175 208
175 209
175 210
175 211
178 190
183 205
185 205
186 205
187 206
189 206
190 206
191 236
191 272
192 207
192 235
192 236
192 270
192 271
193 207
193 234
193 235
193 270
194 207
194 232
194 233
194 234
194 269
195 208
195 232
195 268
196 231
196 232
196 267
196 268
197 207
197 231
197 266
197 267
197 272
198 230
198 231
198 265
198 266
198 272
199 229
199 230
199 264
199 265
199 272
200 228
200 263
200 264
201 229
201 262
201 263
202 229
202 261
202 262
203 260
203 261
204 229
204 258
204 259
204 274
205 226
205 229
205 230
205 231
205 232
205 257
205 258
205 274
206 226
206 257
206 273
207 226
207 254
207 255
207 272
207 273
208 252
208 253
208 272
209 252
209 271
210 250
210 251
210 257
210 258
210 259
210 260
210 261
210 262
210 271
211 248
211 249
211 257
211 260
211 261
211 270
212 247
212 269
213 245
213 268
213 269
214 243
214 267
215 240
215 241
215 242
216 239
216 266
217 237
217 265
217 266
218 265
219 221
219 222
219 223
219 224
219 264
220 189
220 234
220 263
221 232
221 263
222 230
222 262
223 228
223 242
223 261
223 262
224 224
224 225
224 240
224 241
224 261
225 223
225 233
225 234
225 235
225 239
225 260
226 230
226 231
226 232
226 236
226 238
226 259
226 260
227 218
227 237
227 238
227 258
227 259
228 238
228 258
229 257
230 256
230 257
231 256
232 211
232 255
233 210
233 254
233 255
234 209
234 253
234 254
235 208
235 252
235 253
236 207
236 252
237 251
238 205
238 250
238 251
239 204
239 250
240 203
240 249
241 202
241 203
241 248
242 202
242 247
243 201
243 202
244 201
245 201
246 200
247 200
248 201
