78 86 181 85
79 128
80 128
81 128
81 139
82 104
82 128
82 140
82 141
83 102
83 105
83 129
83 130
83 141
84 99
84 100
84 101
84 131
84 132
84 141
85 98
85 132
85 141
86 97
86 98
86 132
86 140
87 97
87 133
87 134
87 139
87 140
88 97
88 135
88 137
88 138
88 139
88 145
89 97
89 135
89 140
89 145
90 97
90 135
90 140
90 144
91 97
91 135
91 144
92 97
92 136
92 145
93 97
93 136
93 145
94 136
94 144
95 136
95 144
96 136
96 144
97 136
97 144
98 136
98 144
99 136
99 144
100 137
100 144
101 137
101 145
102 137
102 145
103 137
103 145
104 138
104 145
105 138
105 145
106 138
106 145
107 138
107 146
108 138
108 146
109 76
109 77
109 78
109 79
109 81
109 82
109 83
109 84
109 85
109 86
109 87
109 89
109 90
109 91
109 92
109 138
109 146
110 75
110 119
110 138
110 146
110 150
111 120
111 138
111 146
111 149
112 138
112 148
112 149
113 138
113 147
113 148
114 139
114 147
114 149
115 139
115 145
116 139
116 145
116 154
116 155
117 139
117 145
117 153
117 154
118 139
118 145
118 153
119 139
119 145
119 153
120 139
120 145
120 153
121 140
121 146
121 153
122 140
122 146
122 153
123 140
123 146
123 153
124 140
124 146
124 153
124 163
125 140
125 153
125 154
125 161
125 162
125 163
126 140
126 149
126 153
126 154
126 161
126 162
127 141
127 149
127 153
127 162
128 141
128 149
128 162
129 141
129 149
130 141
130 149
131 141
131 149
132 140
132 150
132 160
132 161
133 140
133 150
133 159
133 160
134 141
134 150
134 159
135 141
135 150
136 142
136 151
137 142
137 151
138 143
138 151
139 143
139 151
140 143
140 144
140 151
141 144
142 145
143 145
143 151
144 146
144 151
144 152
145 146
145 152
146 147
146 152
147 148
147 152
148 151
149 151
150 151
151 151
152 151
153 151
154 151
155 151
156 151
157 152
158 152
159 152
160 152
161 152
162 152
163 152
164 152
165 153
166 153
167 149
167 153
168 131
168 149
168 153
169 131
169 148
169 153
170 132
170 148
170 154
171 132
171 148
171 154
172 133
172 148
172 149
172 154
173 133
173 149
173 154
174 133
174 134
174 150
174 154
175 134
175 149
175 154
176 134
176 154
177 134
177 154
178 134
178 154
178 155
179 155
180 155
181 155
182 155
183 156
184 156
185 156
186 157
187 157
188 157
189 158
190 158
191 159
192 159
192 160
193 160
194 161
195 161
195 162
196 162
196 163
197 163
197 164
198 164
199 165
200 166
201 167
202 168
203 168
203 169
204 169
204 170
205 170
208 168
209 167
209 168
209 169
209 170
210 166
210 167
211 164
211 165
211 166
212 164
213 163
213 170
214 162
214 163
214 169
215 160
215 167
215 168
216 158
216 159
216 165
216 166
217 157
217 158
218 156
219 163
220 160
220 161
221 159
221 160
222 150
222 158
223 149
223 157
224 155
224 156
225 151
225 153
225 154
226 143
227 143
228 142
229 142
230 142
231 142
232 138
232 140
232 142
233 139
233 143
234 138
234 143
235 138
235 143
236 136
236 144
237 135
239 145
239 158
240 145
240 159
240 160
240 161
241 161
241 162
241 163
242 146
242 164
243 146
243 147
243 165
243 166
244 123
244 124
244 125
244 126
244 127
244 128
244 129
244 130
244 131
244 132
244 133
244 134
244 135
244 147
244 148
244 149
244 166
244 167
245 118
245 119
245 120
245 121
245 136
245 137
245 138
245 139
245 140
245 141
245 142
245 143
245 144
245 145
245 168
246 115
246 116
246 117
247 113
247 114
248 110
248 111
248 112
248 151
249 107
249 108
249 109
250 105
250 106
250 107
250 135
250 136
250 137
250 138
250 139
250 140
251 103
251 104
251 163
251 164
252 165
252 166
257 94
257 95
261 89
262 88
262 89
263 88
264 86
264 87
