180 193 172 137
173 280
173 281
174 281
175 276
175 282
176 276
176 282
177 276
177 282
178 276
178 282
179 276
179 282
180 276
180 283
181 205
181 275
181 283
182 205
182 275
182 283
183 275
183 283
184 275
184 283
185 205
185 274
185 283
186 205
186 274
186 283
187 206
187 273
187 282
188 273
188 282
189 206
189 272
189 282
190 206
190 272
190 281
191 236
191 271
191 281
192 207
192 236
192 270
192 281
193 207
193 270
193 274
193 280
194 207
194 232
194 233
194 234
194 269
194 274
194 280
195 208
195 232
195 268
195 274
195 280
196 231
196 232
196 273
196 279
197 207
197 231
197 272
197 279
198 230
198 231
198 272
198 278
199 229
199 230
199 272
199 278
200 228
200 277
201 229
201 276
202 229
202 275
202 276
203 229
203 275
204 229
204 274
205 226
205 229
205 230
205 231
205 274
206 225
206 226
206 229
206 255
206 256
206 273
207 225
207 226
207 272
207 273
208 225
208 226
208 272
209 225
209 251
209 271
210 224
210 249
210 259
210 260
210 261
210 262
210 271
211 223
211 261
211 270
212 222
212 246
212 269
213 222
213 244
213 268
213 269
214 220
214 221
214 242
214 267
214 268
215 220
215 267
216 219
216 238
216 266
217 204
217 205
217 206
217 207
217 208
217 234
217 235
217 236
217 265
217 266
218 193
218 194
218 203
218 206
218 209
218 225
218 226
218 227
218 265
219 191
219 192
219 195
219 196
219 210
219 264
220 189
220 197
220 198
220 199
220 200
220 201
220 202
220 211
220 213
220 214
220 215
220 216
220 217
220 218
220 219
220 220
220 232
220 233
220 263
220 324
221 212
221 230
221 231
221 263
221 321
222 229
222 262
222 314
223 227
223 242
223 261
223 262
223 313
224 223
224 226
224 240
224 241
224 261
224 312
225 221
225 222
225 239
225 260
225 311
225 319
226 219
226 220
226 232
226 236
226 238
226 259
226 260
226 310
226 317
226 318
227 217
227 237
227 238
227 258
227 259
227 316
228 215
228 216
228 238
228 258
228 315
229 214
229 215
229 257
229 309
229 310
230 213
230 214
230 256
230 257
230 308
231 212
231 213
231 256
231 309
232 210
232 235
232 236
232 255
232 300
232 301
232 302
232 308
233 209
233 236
233 254
233 255
233 297
233 298
233 299
233 303
233 306
233 308
234 208
234 236
234 253
234 254
234 296
234 303
235 207
235 236
235 252
235 253
235 294
236 206
236 235
236 252
236 294
236 302
237 205
237 206
237 235
237 238
237 251
237 292
237 302
238 204
238 235
238 238
238 250
238 251
238 291
238 292
239 235
239 239
239 250
240 238
240 249
241 202
241 238
241 248
241 249
242 190
242 202
242 238
242 247
242 248
243 190
243 201
243 202
243 237
243 247
244 191
244 201
244 237
244 246
244 290
245 192
245 201
245 237
245 246
245 285
245 286
245 287
245 288
245 289
246 192
246 193
246 200
246 237
246 245
246 283
246 284
247 192
247 200
247 236
247 244
247 245
247 282
247 283
248 192
248 201
248 236
248 244
248 271
248 272
248 280
248 281
249 191
249 192
249 202
249 235
249 243
249 269
249 270
249 279
249 280
250 191
250 198
250 202
250 235
250 243
250 269
250 277
250 278
250 279
251 191
251 197
251 202
251 235
251 242
251 275
251 277
251 309
252 190
252 197
252 201
252 234
252 241
252 266
252 267
252 273
252 274
253 190
253 197
253 201
253 234
253 240
253 241
254 190
254 197
254 201
254 233
254 239
254 240
254 264
254 270
255 190
255 197
255 201
255 233
255 239
256 190
256 197
256 201
256 232
256 233
256 238
256 262
257 189
257 196
257 201
257 232
257 237
257 238
257 304
257 305
258 189
258 201
258 231
258 232
258 236
258 237
258 258
258 259
258 260
258 261
258 304
259 189
259 196
259 201
259 231
259 236
259 303
260 189
260 195
260 201
260 230
260 235
260 256
260 262
260 302
261 189
261 195
261 200
261 234
261 235
261 255
261 301
262 189
262 194
262 195
262 200
262 230
262 233
262 234
262 253
262 254
262 263
263 188
263 194
263 199
263 253
263 300
264 193
264 198
264 229
264 252
264 263
264 298
264 299
265 193
265 229
265 250
265 251
265 263
265 298
266 198
266 229
266 249
266 250
266 251
266 298
267 228
267 248
268 198
268 227
268 228
268 246
268 247
268 248
268 297
269 227
269 244
269 245
270 226
270 227
270 243
270 244
271 195
271 225
271 226
271 241
271 242
271 328
272 224
272 225
272 240
272 293
272 294
273 223
273 224
273 238
274 222
274 223
274 236
274 237
274 292
275 222
275 234
275 235
275 244
275 315
276 222
276 234
276 313
277 221
277 313
278 290
278 313
279 218
279 219
279 290
279 312
280 216
280 217
280 218
280 290
281 214
281 215
281 289
282 214
283 212
283 213
283 233
283 234
284 211
284 212
285 210
285 211
285 232
286 206
286 207
286 208
286 209
286 230
287 204
287 205
287 229
288 202
288 203
288 222
288 229
289 201
289 202
289 228
290 199
290 200
291 197
291 198
291 227
291 286
291 287
292 195
292 196
293 193
293 194
293 289
294 191
294 192
294 226
295 188
295 189
295 190
296 186
296 187
297 184
297 185
298 182
298 183
299 223
300 221
301 196
301 219
301 221
302 217
303 194
303 195
303 216
303 217
304 215
304 216
305 214
305 215
305 219
305 220
306 213
306 214
307 205
307 212
307 213
308 223
309 205
309 222
310 204
310 221
310 222
311 188
311 189
311 204
311 220
311 221
312 205
314 183
314 184
314 185
315 182
315 183
315 203
315 207
315 208
316 180
316 181
316 182
316 204
317 180
324 266
324 267
325 266
326 265
326 266
327 265
328 264
329 262
329 263
330 219
331 219
335 216
339 212
341 204
342 201
342 203
343 199
343 200
344 198
344 199
345 197
345 207
346 196
346 197
347 195
347 196
347 204
347 205
348 194
348 195
348 202
348 203
348 327
349 193
349 194
349 200
349 201
349 325
349 326
349 327
350 192
350 193
350 200
351 192
351 199
351 200
353 191
354 190
355 190
357 190
358 191
363 300
364 300
365 300
366 300
367 300
368 300
369 299
370 299
371 299
372 299
373 298
374 298
375 298
376 298
377 297
377 298
378 297
379 297
380 296
381 296
382 296
383 295
384 295
385 294
386 293
386 294
387 293
388 292
