102 41 204 146
79 128
80 128
81 128
82 128
83 129
83 130
84 131
84 132
85 132
86 132
87 133
87 134
88 135
88 145
89 135
89 145
90 135
90 144
91 135
91 144
92 136
92 145
93 136
93 145
94 136
94 144
95 136
95 144
96 136
96 144
97 136
97 144
98 136
98 144
99 136
99 144
100 137
100 144
101 137
101 145
102 137
102 145
103 97
103 137
103 145
104 97
104 138
104 145
105 138
105 145
106 138
106 145
107 138
107 146
108 52
108 138
108 146
109 51
109 73
109 76
109 77
109 78
109 79
109 81
109 82
109 83
109 84
109 85
109 86
109 87
109 89
109 90
109 91
109 92
109 138
109 146
109 151
110 51
110 62
110 67
110 68
110 70
110 71
110 72
110 75
110 119
110 138
110 146
110 150
111 51
111 60
111 61
111 62
111 120
111 138
111 146
111 149
112 138
112 148
112 149
113 138
113 147
113 148
114 62
114 139
114 147
114 149
115 51
115 62
115 139
115 145
116 139
116 145
116 154
116 155
117 139
117 145
117 153
117 154
118 139
118 145
118 153
119 62
119 139
119 145
119 153
120 139
120 145
120 153
120 171
120 173
120 175
121 62
121 140
121 146
121 153
121 165
121 166
121 167
121 168
121 169
121 170
121 178
122 51
122 63
122 140
122 146
122 153
123 51
123 63
123 140
123 146
123 153
123 183
124 63
124 140
124 146
124 153
124 163
124 174
124 183
125 51
125 62
125 140
125 153
125 154
125 161
125 162
125 163
125 174
126 51
126 62
126 140
126 149
126 153
126 154
126 161
126 162
126 174
126 175
126 183
127 51
127 62
127 141
127 149
127 153
127 162
127 172
127 173
128 141
128 149
128 162
128 170
128 171
129 63
129 141
129 149
129 168
129 169
129 183
130 51
130 63
130 141
130 149
130 166
130 167
131 51
131 62
131 141
131 149
131 182
132 51
132 140
132 150
132 160
132 161
133 51
133 62
133 140
133 150
133 159
133 160
133 182
134 51
134 63
134 141
134 150
134 159
134 182
135 51
135 63
135 141
135 150
135 182
136 63
136 142
136 151
137 63
137 142
137 151
138 63
138 143
138 151
138 180
139 52
139 63
139 143
139 151
139 180
140 52
140 63
140 143
140 144
140 151
140 180
140 186
141 52
141 63
141 144
141 185
142 52
142 63
142 145
142 181
143 52
143 63
143 145
143 151
143 185
144 63
144 146
144 151
144 152
144 185
145 63
145 146
145 152
145 179
145 184
146 52
146 63
146 147
146 152
146 177
146 178
146 184
147 52
147 63
147 148
147 152
147 177
147 183
148 52
148 63
148 151
148 176
149 52
149 63
149 151
149 176
149 182
150 52
150 63
150 151
150 175
150 182
151 52
151 63
151 151
151 182
152 52
152 64
152 151
152 175
152 183
153 52
153 64
153 151
153 176
154 52
154 64
154 151
154 176
154 184
155 53
155 63
155 151
155 177
156 53
156 63
156 151
156 177
157 53
157 64
157 152
157 178
158 53
158 64
158 152
158 178
159 53
159 64
159 152
159 178
160 53
160 64
160 152
161 53
161 64
161 152
162 53
162 64
162 152
163 53
163 64
163 152
164 53
164 64
164 152
165 53
165 64
165 153
166 53
166 64
166 153
167 53
167 64
167 149
167 153
167 170
168 53
168 63
168 131
168 149
168 153
168 170
169 53
169 63
169 131
169 148
169 153
169 169
170 53
170 63
170 132
170 148
170 154
170 169
171 53
171 63
171 132
171 148
171 154
171 168
172 53
172 64
172 133
172 148
172 149
172 154
172 168
172 169
173 53
173 64
173 133
173 149
173 154
173 169
173 170
174 53
174 64
174 133
174 134
174 150
174 154
174 170
174 171
175 53
175 64
175 134
175 149
175 154
176 53
176 64
176 134
176 154
177 54
177 64
177 134
177 154
178 54
178 64
178 134
178 154
178 155
179 54
179 64
179 155
180 54
180 64
180 155
181 54
181 64
181 155
182 54
182 64
182 155
183 54
183 64
183 156
184 54
184 65
184 156
185 53
185 65
185 156
186 53
186 65
186 157
187 53
187 65
187 157
188 53
188 66
188 157
189 53
189 65
189 158
190 53
190 65
190 158
191 53
191 65
191 159
192 53
192 65
192 159
192 160
193 54
193 65
193 160
194 54
194 65
194 161
195 54
195 66
195 161
195 162
196 54
196 66
196 162
196 163
196 172
197 54
197 66
197 163
197 164
197 172
197 173
198 54
198 66
198 164
198 173
199 54
199 66
199 165
199 173
200 54
200 66
200 166
200 173
201 54
201 66
201 167
201 173
201 177
201 178
201 179
201 180
201 181
202 54
202 66
202 168
202 174
202 177
203 55
203 66
203 169
203 175
203 176
203 177
204 55
204 66
204 169
204 170
204 175
205 55
205 66
205 170
206 55
206 66
206 174
207 55
207 66
207 174
208 55
208 66
208 168
208 174
209 55
209 66
209 167
209 168
209 169
209 170
209 171
209 172
209 174
210 55
210 66
210 166
210 167
210 172
210 174
211 55
211 66
211 164
211 165
211 166
211 174
211 175
212 55
212 66
212 164
213 55
213 66
213 163
213 170
213 177
214 56
214 66
214 162
214 163
214 169
214 177
214 178
215 56
215 66
215 160
215 167
215 168
215 179
215 180
216 56
216 66
216 158
216 159
216 166
216 180
217 56
217 66
217 157
217 158
217 182
218 56
218 65
218 156
218 183
218 184
219 56
219 66
219 163
220 66
220 160
220 161
221 67
221 159
221 160
222 67
222 150
222 158
223 67
223 149
223 157
224 67
224 155
224 156
225 67
225 151
225 153
225 154
226 67
226 143
227 66
227 143
228 142
229 142
230 66
230 142
231 66
231 142
232 56
232 138
232 140
232 142
233 139
233 143
234 138
234 143
235 56
235 138
235 143
236 56
236 136
236 144
236 154
237 135
237 144
237 154
237 155
238 56
238 144
238 155
238 156
238 186
239 56
239 145
239 157
239 158
240 145
240 159
240 160
240 161
241 146
241 161
241 162
241 163
241 185
242 56
242 146
242 164
242 183
243 56
243 146
243 147
243 165
243 166
243 181
244 123
244 124
244 125
244 126
244 127
244 128
244 129
244 130
244 131
244 132
244 133
244 134
244 135
244 147
244 148
244 149
244 166
244 167
245 118
245 119
245 120
245 121
245 136
245 137
245 138
245 139
245 140
245 141
245 142
245 143
245 144
245 145
245 168
245 179
246 67
246 115
246 116
246 117
246 169
246 177
247 57
247 113
247 114
247 170
247 171
247 174
247 175
247 176
248 110
248 111
248 112
248 151
248 172
248 173
249 107
249 108
249 109
249 172
250 105
250 106
250 107
250 135
250 136
250 137
250 138
250 139
250 140
250 172
251 103
251 104
251 131
251 163
251 164
252 132
252 165
252 166
252 171
253 132
253 171
254 133
254 171
255 133
255 171
255 172
256 133
256 172
257 94
257 95
257 133
257 173
258 133
258 174
259 91
259 133
259 175
259 176
259 177
260 90
260 132
261 89
261 90
261 132
261 179
261 180
262 88
262 89
262 132
262 180
263 87
263 88
263 133
263 180
263 181
264 86
264 87
264 133
264 181
264 182
265 85
265 86
265 133
265 182
265 183
266 85
266 134
266 183
267 84
267 134
267 184
268 134
268 184
268 185
269 135
270 135
271 135
272 135
273 135
274 135
275 135
276 135
277 135
278 88
278 89
278 92
278 135
279 91
279 92
279 135
280 92
280 136
281 87
281 88
281 136
281 180
282 87
282 88
282 136
283 88
283 135
284 89
284 135
284 178
285 76
285 89
285 90
285 91
285 135
286 76
286 88
286 89
286 92
286 93
286 94
286 95
286 101
286 135
286 176
286 185
287 75
287 88
287 96
287 102
287 103
287 135
287 175
287 184
288 88
288 97
288 104
288 136
288 183
289 88
289 97
289 105
289 136
289 182
290 53
290 87
290 97
290 98
290 105
290 136
290 181
290 182
291 51
291 52
291 53
291 87
291 98
291 105
291 136
291 180
291 181
292 43
292 44
292 45
292 46
292 47
292 87
292 99
292 104
292 105
292 136
292 179
292 180
293 34
293 35
293 36
293 37
293 38
293 39
293 40
293 41
293 87
293 99
293 100
293 104
293 136
293 178
293 179
294 27
294 28
294 29
294 30
294 31
294 32
294 33
294 34
294 86
294 99
294 100
294 103
294 104
294 136
294 168
294 177
294 178
295 23
295 24
295 25
295 73
295 86
295 103
295 136
295 167
295 177
296 86
296 103
296 136
296 176
297 74
297 87
297 102
297 136
297 165
297 175
298 75
298 87
298 102
298 137
298 181
299 75
299 87
299 101
299 137
299 179
299 180
299 181
300 76
300 87
300 138
301 76
301 86
301 87
301 88
301 138
301 139
302 77
302 88
302 89
302 90
302 91
302 92
302 139
302 140
303 77
303 141
303 142
304 77
304 142
304 143
305 77
306 77
307 76
308 76
315 69
316 67
317 66
317 67
324 154
