140 94 167 79
105 138
106 138
107 138
108 138
109 138
110 138
111 138
112 138
113 138
114 139
115 139
116 139
117 139
118 139
119 139
120 139
121 140
122 140
123 140
124 140
125 140
126 140
126 149
127 141
127 149
128 141
128 149
129 141
129 149
130 141
130 149
131 141
131 149
132 140
132 150
133 140
133 150
134 141
134 150
135 141
135 150
136 142
136 151
137 142
137 151
138 143
138 151
139 143
139 151
140 143
140 144
140 151
141 144
142 145
143 145
143 151
144 146
144 151
144 152
145 146
145 152
146 147
146 152
147 148
147 152
148 151
149 151
150 151
151 151
152 151
153 151
154 151
155 151
156 151
157 152
158 152
159 152
160 152
161 152
162 152
163 152
164 152
165 153
166 153
167 149
167 153
168 131
168 149
168 153
169 131
169 148
169 153
170 132
170 148
170 154
170 169
171 132
171 148
171 154
171 168
172 133
172 148
172 149
172 154
172 168
172 169
173 133
173 149
173 154
173 169
173 170
174 133
174 134
174 150
174 154
174 170
174 171
175 134
175 149
175 154
176 134
176 154
177 134
177 154
178 134
178 154
178 155
179 155
180 155
181 155
182 155
183 156
184 156
185 156
186 157
187 157
188 157
189 158
190 158
191 159
192 159
192 160
193 160
194 161
195 161
195 162
196 162
196 163
196 172
197 163
197 164
197 172
197 173
198 164
198 173
199 165
199 173
200 166
200 173
201 167
201 173
202 168
203 169
204 169
204 170
205 170
208 168
209 167
209 168
209 169
209 170
209 171
209 172
210 166
210 167
210 172
211 164
211 165
211 166
212 164
213 163
213 170
214 162
214 163
214 169
215 160
215 167
215 168
216 158
216 159
216 166
217 157
217 158
218 156
219 163
220 160
220 161
221 152
221 159
221 160
222 150
222 158
223 148
223 149
223 157
224 155
224 156
225 153
225 154
226 143
226 152
227 143
228 142
229 142
230 142
231 142
232 138
232 140
232 142
233 139
233 143
234 138
234 143
235 138
235 143
236 136
236 144
236 154
237 135
237 144
237 154
237 155
238 144
238 155
238 156
239 145
239 157
239 158
240 145
240 159
240 160
240 161
241 146
241 161
241 162
241 163
242 146
242 164
243 146
243 147
243 165
243 166
244 123
244 124
244 125
244 126
244 127
244 128
244 129
244 130
244 131
244 132
244 133
244 134
244 135
244 147
244 148
244 149
244 166
244 167
245 118
245 119
245 120
245 121
245 136
245 137
245 138
245 139
245 140
245 141
245 142
245 143
245 144
245 145
245 168
246 115
246 116
246 117
247 113
247 114
248 110
248 111
248 112
248 151
249 107
249 108
249 109
250 105
250 106
250 107
250 135
250 136
250 137
250 138
250 139
250 140
250 172
251 103
251 104
251 131
251 163
251 164
252 101
252 102
252 132
252 165
252 166
252 171
253 100
253 101
253 132
253 171
254 99
254 133
254 171
255 97
255 98
255 133
255 171
255 172
256 96
256 97
256 133
256 172
257 94
257 95
257 133
257 173
258 93
258 94
258 133
259 91
259 92
259 133
260 90
260 91
260 132
261 89
261 90
261 132
262 88
262 89
262 132
263 88
263 133
264 86
264 87
264 133
265 133
266 134
267 134
268 134
269 135
270 135
271 135
272 135
273 135
274 135
275 135
276 135
277 135
278 135
279 135
280 136
281 136
282 136
283 135
284 135
285 135
286 92
286 93
286 94
286 95
286 101
286 135
287 96
287 102
287 103
287 135
288 97
288 104
288 136
289 97
289 105
289 136
290 97
290 136
291 105
291 136
292 105
292 136
293 136
294 104
294 136
294 168
295 136
295 167
296 103
296 136
297 102
297 136
297 165
298 101
298 102
298 137
299 101
299 137
300 100
300 138
301 99
301 138
301 139
302 88
302 89
302 90
302 91
302 92
302 139
302 140
303 141
303 142
304 142
304 143
308 168
309 167
310 167
311 166
312 166
313 165
324 154
