113 148 51 92
109 229
109 231
110 227
111 178
111 179
112 179
112 180
112 181
114 182
114 208
115 183
115 207
116 184
116 206
117 185
117 205
117 235
117 236
118 205
118 228
118 229
118 230
118 231
118 232
118 233
118 234
118 237
119 220
119 221
119 222
119 223
119 224
119 225
119 226
119 227
120 171
120 173
120 175
120 176
120 177
120 217
120 218
120 219
121 165
121 166
121 167
121 168
121 169
121 170
121 175
121 177
121 178
121 179
121 187
121 208
121 215
121 216
121 217
122 180
122 181
122 183
122 213
122 214
122 215
123 188
124 163
124 174
125 161
125 162
125 163
125 174
125 183
126 161
126 162
126 174
126 175
126 184
127 161
127 162
127 172
127 183
127 189
128 162
128 170
128 171
128 183
129 162
129 164
129 165
129 168
129 169
130 166
130 167
130 183
131 161
131 162
131 163
131 188
132 182
132 188
133 188
135 181
136 181
136 187
137 181
137 187
138 187
139 186
139 209
141 180
142 185
143 180
144 180
146 184
147 177
148 183
151 175
153 183
154 183
155 184
155 185
156 226
157 227
157 228
158 229
159 221
159 229
160 178
161 177
162 177
163 175
163 176
163 193
164 173
164 174
164 175
165 172
165 173
166 171
166 225
166 226
167 221
167 222
167 223
167 224
168 219
169 214
169 215
169 216
