183 210 209 108
173 280
173 281
174 281
175 282
176 282
177 282
178 282
179 282
180 283
181 283
182 283
183 283
184 283
185 283
186 283
187 282
188 282
189 282
190 281
191 236
191 281
192 236
192 281
193 274
193 280
194 232
194 233
194 234
194 274
194 280
195 232
195 274
195 280
196 231
196 232
196 273
196 279
197 272
197 279
198 230
198 272
198 278
199 229
199 230
199 272
199 278
200 228
200 277
201 229
201 276
202 229
202 275
202 276
203 229
203 275
204 229
204 274
205 226
205 229
205 230
205 231
205 274
206 225
206 226
206 229
206 255
206 256
206 273
207 225
207 226
207 272
207 273
208 225
208 226
208 272
209 225
209 251
209 271
210 224
210 249
210 259
210 260
210 261
210 262
210 271
211 223
211 261
211 270
212 222
212 246
212 269
213 222
213 244
213 268
213 269
214 220
214 221
214 242
214 267
214 268
215 220
215 267
216 219
216 238
216 266
217 204
217 205
217 206
217 207
217 208
217 234
217 235
217 236
217 265
217 266
218 203
218 206
218 209
218 225
218 226
218 227
218 265
219 210
219 264
220 211
220 213
220 214
220 215
220 216
220 217
220 218
220 219
220 220
220 232
220 233
220 263
221 212
221 230
221 231
221 263
222 229
222 262
222 314
223 227
223 242
223 261
223 262
223 313
224 223
224 226
224 240
224 241
224 261
224 312
225 221
225 222
225 239
225 260
225 311
226 219
226 220
226 232
226 236
226 238
226 259
226 260
226 310
226 317
227 217
227 237
227 238
227 258
227 259
227 316
228 215
228 216
228 238
228 258
228 315
229 214
229 215
229 257
229 309
229 310
230 213
230 214
230 256
230 257
230 308
231 212
231 213
231 256
231 309
232 210
232 235
232 236
232 255
232 300
232 301
232 302
232 308
233 209
233 236
233 254
233 255
233 297
233 298
233 299
233 303
233 306
233 308
234 208
234 236
234 253
234 254
234 296
234 303
235 207
235 236
235 252
235 253
235 294
236 206
236 235
236 252
236 294
236 302
237 205
237 206
237 235
237 238
237 251
237 292
237 302
238 204
238 235
238 238
238 250
238 251
238 291
238 292
239 235
239 239
239 250
240 238
240 249
241 202
241 238
241 248
241 249
242 202
242 238
242 247
242 248
243 201
243 202
243 237
243 247
244 201
244 237
244 246
244 290
245 201
245 237
245 246
245 285
245 286
245 287
245 288
245 289
246 200
246 237
246 245
246 283
246 284
247 200
247 236
247 244
247 245
247 282
247 283
248 201
248 236
248 244
248 271
248 272
248 280
248 281
249 235
249 243
249 269
249 270
249 279
249 280
250 235
250 243
250 269
250 277
250 278
250 279
251 235
251 242
251 275
251 277
252 234
252 241
252 266
252 267
252 273
252 274
253 234
253 240
253 241
254 233
254 239
254 240
254 264
254 270
255 233
255 239
256 232
256 233
256 238
256 262
256 268
257 232
257 237
257 238
257 268
258 231
258 232
258 236
258 237
258 258
258 259
258 260
258 261
258 267
259 231
259 236
259 266
260 230
260 235
260 256
260 262
260 265
260 302
261 234
261 235
261 255
261 264
261 301
262 230
262 233
262 234
262 253
262 254
262 263
263 253
263 263
264 229
264 252
264 263
264 298
264 299
265 229
265 250
265 251
265 263
265 298
266 229
266 249
266 250
266 251
266 262
266 298
267 228
267 248
267 261
267 262
268 227
268 228
268 246
268 247
268 248
268 259
268 260
268 297
269 227
269 244
269 245
269 256
269 257
269 258
270 226
270 227
270 243
270 244
270 254
270 255
271 225
271 226
271 241
271 242
271 253
271 254
272 224
272 225
272 240
272 251
272 252
272 293
272 294
273 223
273 224
273 238
273 249
273 250
273 251
274 222
274 223
274 236
274 237
274 246
274 247
274 248
274 249
274 292
275 222
275 234
275 235
275 243
275 244
275 245
275 315
276 222
276 234
276 240
276 241
276 242
276 243
276 313
277 221
277 240
277 313
278 240
278 290
278 313
279 218
279 219
279 234
279 235
279 236
279 237
279 239
279 240
279 290
279 312
280 216
280 217
280 218
280 234
280 238
280 239
280 290
281 214
281 215
281 234
281 289
282 214
282 228
282 234
283 212
283 213
283 225
283 226
283 228
283 233
284 211
284 212
284 225
284 226
284 227
284 232
284 233
285 210
285 211
285 231
285 232
286 206
286 207
286 208
286 209
286 230
287 204
287 205
287 219
287 220
287 221
287 222
287 223
287 229
288 202
288 203
288 219
288 222
288 229
289 201
289 202
289 218
289 219
289 228
290 199
290 200
290 218
291 197
291 198
291 217
291 218
291 227
291 286
291 287
292 195
292 196
293 193
293 194
293 289
294 191
294 192
294 226
295 188
295 189
295 190
296 186
296 187
297 184
297 185
298 182
298 183
299 223
300 217
300 221
300 222
301 218
301 219
301 220
301 221
302 217
304 215
304 216
304 220
305 214
305 215
305 219
306 213
307 213
308 223
309 222
310 221
310 222
311 220
311 221
324 266
324 267
325 266
326 265
326 266
327 265
328 264
329 262
329 263
330 219
331 219
335 216
339 212
346 264
347 265
347 266
347 267
348 267
348 268
349 270
349 271
350 271
350 272
351 272
352 273
353 273
353 274
354 274
355 274
356 275
357 275
358 275
358 276
359 276
360 276
361 276
362 276
363 275
364 275
365 275
366 275
369 259
370 259
370 265
371 260
371 265
372 257
372 260
372 266
372 299
373 232
373 240
373 241
373 256
373 260
373 267
373 298
374 231
374 232
374 257
374 267
374 298
375 232
375 233
375 244
375 257
375 267
375 268
375 298
376 233
376 234
376 250
376 258
376 298
377 251
377 263
377 270
377 272
377 297
377 298
378 252
378 256
378 258
378 263
378 297
379 252
379 256
379 259
379 263
379 264
379 297
380 255
380 256
380 260
380 261
380 296
381 256
381 296
382 296
383 295
384 295
385 294
386 293
386 294
387 293
388 292
