348 45 38 82
341 56
342 56
342 57
345 59
346 59
347 60
347 61
348 61
348 62
349 63
349 78
349 79
349 80
350 64
350 75
350 76
350 77
350 78
350 114
351 64
351 65
351 71
351 72
351 73
351 74
351 75
351 93
351 94
352 70
352 91
352 92
352 116
353 65
353 66
353 90
353 125
354 67
354 88
354 89
354 122
355 68
355 69
355 84
355 85
355 86
355 87
355 120
355 121
356 70
356 71
356 72
356 73
356 74
356 75
356 76
356 77
356 78
356 79
356 80
356 81
356 82
356 83
356 120
357 119
358 118
358 119
359 117
359 118
360 115
360 116
362 96
362 113
362 114
364 111
366 109
370 106
374 103
384 53
384 54
385 52
385 53
386 51
386 52
387 50
