77 130 37 112
92 225
92 226
92 227
92 228
93 221
93 222
93 223
93 224
93 229
93 230
94 217
94 218
94 219
94 220
94 231
94 232
94 233
94 234
95 214
95 215
95 216
95 234
95 235
95 236
96 212
96 213
96 214
96 236
96 237
97 210
97 211
97 238
97 239
98 206
98 207
98 208
98 209
98 239
98 240
99 204
99 205
99 240
99 241
100 203
101 197
101 198
101 199
101 201
101 202
101 224
101 225
102 196
102 198
102 219
102 220
102 221
102 222
102 223
102 226
102 227
102 228
102 229
103 197
103 198
103 217
103 218
103 230
103 231
103 232
103 233
103 234
103 235
103 236
104 197
104 198
104 214
104 215
104 216
105 197
105 198
105 212
105 213
106 155
106 156
106 157
106 164
106 165
106 166
106 199
106 210
106 211
107 153
107 154
107 158
107 159
107 160
107 161
107 162
107 163
107 167
107 168
107 169
107 170
107 200
107 201
107 202
107 203
107 204
107 205
107 206
107 207
107 208
107 209
108 171
108 172
108 173
108 174
108 175
109 229
109 231
110 223
110 224
110 225
110 226
110 227
110 228
111 214
111 216
112 210
114 157
114 158
114 159
114 160
114 161
114 162
114 163
114 164
114 165
114 166
114 167
114 168
114 169
114 170
114 171
114 172
114 173
114 176
114 177
115 155
115 156
115 157
115 175
115 176
