466 140 27 102
454 114
454 115
454 116
455 113
455 117
457 119
458 120
458 121
458 122
458 123
458 124
458 125
459 126
459 127
459 128
460 129
460 130
460 131
461 132
461 133
461 134
462 135
462 136
462 137
462 138
463 139
463 140
463 141
463 142
463 143
464 144
464 145
464 146
464 203
464 204
464 205
465 146
465 147
465 198
465 199
465 200
465 201
465 202
465 206
466 147
466 151
466 152
466 153
466 191
466 192
466 193
466 194
466 195
466 196
466 197
466 207
467 154
467 158
467 159
467 160
467 161
467 184
467 185
467 186
467 187
467 188
467 189
467 190
468 148
468 155
468 156
468 157
468 162
468 163
468 164
468 165
468 175
468 176
468 177
468 178
468 182
468 183
468 207
468 229
469 148
469 166
469 167
469 168
469 174
469 179
469 180
469 181
469 207
469 224
469 229
470 169
470 173
470 208
470 224
470 229
470 233
471 170
471 171
471 172
471 173
471 224
471 229
471 233
472 147
472 223
472 224
472 228
472 233
473 147
473 173
473 204
473 223
473 227
473 228
473 233
474 204
474 223
474 228
474 233
475 146
475 204
475 223
475 232
475 238
476 146
476 172
476 203
476 222
476 227
476 232
476 235
476 237
477 146
477 172
477 203
477 209
477 212
477 227
477 232
478 145
478 150
478 172
478 203
478 208
478 212
478 227
478 232
479 145
479 149
479 171
479 202
479 226
479 231
480 144
480 149
480 171
480 202
480 207
480 211
480 221
480 226
480 231
481 144
481 148
481 202
481 207
481 211
481 221
481 226
481 231
482 143
482 202
482 207
482 221
482 226
482 231
483 112
483 143
483 170
483 201
483 221
483 226
483 230
483 231
484 110
484 111
484 113
484 114
484 142
484 169
484 201
484 221
484 226
484 230
485 115
485 116
485 117
485 118
485 142
485 201
485 221
485 225
485 230
486 119
486 120
486 121
486 122
486 123
486 142
486 200
486 209
486 221
486 225
486 229
487 123
487 124
487 125
487 126
487 127
487 128
487 129
487 141
487 142
487 201
487 229
488 130
488 131
488 132
488 133
488 134
488 135
488 136
488 140
488 201
488 202
488 221
488 222
488 224
488 225
488 227
488 228
489 137
489 138
489 139
489 143
489 148
489 149
489 163
489 164
489 165
489 166
489 200
489 208
489 221
489 222
489 223
489 226
489 227
490 144
490 145
490 146
490 147
490 149
490 150
490 162
490 173
490 200
490 218
490 219
490 220
491 151
491 152
491 153
491 154
491 155
491 156
491 157
491 158
491 159
491 160
491 161
491 171
491 172
491 176
491 177
491 205
