443 54 51 157
431 73
431 74
432 75
433 76
434 76
434 77
434 78
434 79
435 80
435 81
436 81
436 82
437 83
438 84
438 85
439 85
439 86
440 87
440 88
441 88
441 89
441 90
442 90
442 91
443 91
443 92
444 92
445 95
446 93
446 96
447 72
447 97
447 100
447 101
448 72
448 98
448 99
448 102
449 71
449 103
450 104
450 105
450 106
450 107
451 107
451 108
452 108
452 109
452 110
453 54
453 109
454 114
454 115
454 116
455 113
455 117
456 57
456 118
457 57
457 58
457 119
458 58
458 60
458 120
458 121
458 122
458 123
458 124
458 125
459 126
459 127
459 128
460 129
460 130
460 131
461 132
461 133
461 134
462 65
462 111
462 135
462 136
462 137
462 138
463 111
463 139
463 140
463 141
463 142
463 143
464 111
464 144
464 145
464 146
464 203
464 204
464 205
465 88
465 111
465 146
465 147
465 198
465 199
465 200
465 201
465 202
465 206
465 209
466 115
466 147
466 148
466 150
466 151
466 152
466 153
466 191
466 192
466 193
466 194
466 195
466 196
466 197
466 207
467 68
467 110
467 115
467 148
467 149
467 154
467 158
467 159
467 160
467 161
467 184
467 185
467 186
467 187
467 188
467 189
467 190
468 115
468 155
468 156
468 157
468 162
468 163
468 164
468 165
468 175
468 176
468 177
468 178
468 182
468 183
468 207
469 71
469 109
469 115
469 166
469 167
469 168
469 174
469 179
469 180
469 181
469 207
470 109
470 115
470 148
470 169
470 173
470 208
471 109
471 148
471 173
472 75
472 82
472 108
473 78
473 108
473 174
473 204
474 80
474 82
474 113
474 204
475 83
475 108
475 113
475 204
476 84
476 87
476 107
476 113
476 203
477 85
477 88
477 113
477 203
477 209
478 89
478 101
478 203
478 208
479 90
479 91
479 101
479 112
479 202
480 91
480 93
480 94
480 95
480 96
480 101
480 112
480 202
480 207
481 97
481 100
481 170
481 202
481 207
482 98
482 170
482 202
482 207
483 106
483 112
483 201
484 111
484 201
485 108
485 201
486 142
486 200
486 209
487 142
487 201
488 201
488 202
489 143
489 148
489 149
489 165
489 200
489 202
490 149
490 150
490 173
490 200
491 161
491 171
491 172
491 176
491 177
491 188
491 189
491 190
491 191
491 192
491 193
491 194
491 195
491 196
491 197
491 198
491 199
