279 20 35 87
278 88
278 90
281 87
282 87
282 88
283 88
284 89
285 89
285 90
285 91
286 88
286 89
286 92
286 93
286 94
286 95
286 101
287 88
287 96
287 102
287 103
288 88
288 96
288 97
289 88
289 97
290 87
290 97
290 98
290 105
291 87
291 98
291 105
292 42
292 43
292 44
292 45
292 46
292 47
292 48
292 49
292 50
292 87
292 99
292 104
292 105
293 34
293 35
293 36
293 37
293 38
293 39
293 40
293 41
293 87
293 99
293 100
293 104
294 26
294 27
294 28
294 29
294 30
294 31
294 32
294 33
294 34
294 86
294 99
294 100
294 103
294 104
295 23
295 24
295 25
295 86
295 103
296 22
296 86
296 103
297 87
297 102
298 87
298 102
299 87
299 101
300 87
301 76
301 86
301 87
301 88
301 98
302 77
302 90
302 91
302 92
302 93
302 94
302 95
302 96
302 97
302 98
303 77
304 77
305 77
306 77
307 76
308 76
315 69
