438 53 55 199
431 73
431 74
432 75
433 76
434 77
434 78
434 79
435 80
435 81
436 82
437 83
438 84
439 85
440 87
440 88
441 88
441 89
442 74
442 90
443 74
443 92
445 73
445 95
446 93
446 96
447 72
447 97
447 100
447 101
448 72
448 98
448 99
448 102
449 71
449 103
450 104
450 105
450 106
450 107
451 107
451 108
452 108
452 109
453 54
453 109
454 114
454 115
454 116
455 113
455 117
456 57
457 57
457 58
457 119
457 243
457 244
457 245
457 246
457 247
457 248
458 58
458 60
458 120
458 121
458 122
458 123
458 124
458 125
458 241
458 242
459 126
459 127
459 128
459 231
459 232
459 233
459 234
459 238
459 239
459 240
460 129
460 130
460 131
460 230
460 235
460 236
460 237
460 238
460 248
461 132
461 133
461 134
461 217
461 218
461 219
461 222
461 223
461 224
461 229
461 247
462 65
462 111
462 135
462 136
462 137
462 138
462 216
462 220
462 221
462 225
462 228
462 229
462 246
462 247
463 111
463 139
463 140
463 141
463 142
463 143
463 210
463 211
463 215
463 226
463 228
463 246
464 111
464 144
464 145
464 146
464 203
464 204
464 205
464 212
464 213
464 214
464 229
464 245
465 88
465 111
465 146
465 147
465 198
465 199
465 200
465 201
465 202
465 206
465 209
465 244
466 115
466 147
466 191
466 192
466 193
466 194
466 195
466 196
466 197
466 207
466 243
467 68
467 110
467 115
467 158
467 159
467 160
467 161
467 184
467 185
467 186
467 187
467 188
467 189
467 190
467 242
468 115
468 148
468 162
468 163
468 164
468 165
468 175
468 176
468 177
468 178
468 182
468 183
468 207
468 229
468 242
469 71
469 109
469 115
469 148
469 166
469 167
469 168
469 174
469 179
469 180
469 181
469 207
469 224
469 229
469 242
470 109
470 115
470 169
470 173
470 208
470 224
470 229
470 233
470 241
470 242
471 109
471 173
471 224
471 229
471 233
471 241
472 75
472 82
472 108
472 147
472 223
472 224
472 228
472 233
472 240
473 78
473 108
473 147
473 174
473 204
473 223
473 227
473 228
473 233
474 80
474 82
474 113
474 204
474 223
474 228
474 233
475 83
475 108
475 113
475 146
475 204
475 223
475 232
475 238
476 84
476 87
476 107
476 113
476 146
476 203
476 222
476 227
476 232
476 235
476 237
477 85
477 88
477 113
477 146
477 203
477 209
477 212
477 227
477 232
478 89
478 101
478 145
478 150
478 203
478 208
478 212
478 227
478 232
479 90
479 91
479 101
479 112
479 145
479 149
479 202
479 226
479 231
480 91
480 93
480 94
480 95
480 96
480 101
480 112
480 144
480 149
480 202
480 207
480 211
480 221
480 226
480 231
481 97
481 100
481 105
481 144
481 148
481 170
481 202
481 207
481 211
481 221
481 226
481 231
482 98
482 99
482 104
482 105
482 143
482 170
482 202
482 207
482 221
482 226
482 231
483 106
483 112
483 143
483 201
483 221
483 226
483 230
483 231
484 106
484 111
484 142
484 201
484 221
484 226
484 230
485 108
485 142
485 201
485 221
485 225
485 230
486 142
486 200
486 209
486 221
486 225
486 229
487 142
487 201
487 229
488 201
488 202
488 221
488 222
488 224
488 225
488 227
488 228
489 143
489 148
489 149
489 165
489 200
489 208
489 221
489 222
489 223
489 226
489 227
490 149
490 150
490 173
490 200
490 215
490 216
490 217
490 218
490 219
490 220
491 161
491 171
491 172
491 176
491 177
491 205
493 223
