76 229 56 41
71 246
72 247
74 247
75 247
76 247
77 247
78 248
79 248
79 249
80 249
81 249
82 250
83 250
84 249
84 250
85 250
86 251
87 251
87 252
87 253
88 253
88 254
89 249
89 254
89 257
89 258
90 249
91 249
92 249
93 221
93 222
94 217
94 218
94 219
94 220
95 214
95 215
95 216
96 212
96 213
96 214
97 210
97 211
98 206
98 207
98 208
98 209
99 204
99 205
100 203
100 241
101 201
101 202
101 224
101 225
102 219
102 220
102 221
102 222
102 223
102 226
102 227
102 228
102 229
103 217
103 218
103 230
103 231
103 232
103 233
103 234
103 235
103 236
104 214
104 215
104 216
105 212
105 213
106 210
106 211
107 207
107 208
107 209
109 229
109 230
109 231
110 227
110 228
110 232
110 233
110 235
111 233
111 234
112 234
113 235
119 238
119 239
