105 90 74 123
88 145
89 145
90 144
91 144
92 145
93 145
94 144
95 144
96 144
97 144
98 144
99 144
100 144
101 145
102 145
103 145
104 145
105 138
105 145
106 138
106 145
107 138
107 146
108 138
108 146
109 76
109 77
109 78
109 79
109 81
109 82
109 83
109 84
109 85
109 86
109 87
109 89
109 90
109 91
109 92
109 138
109 146
109 151
110 75
110 138
110 146
110 150
111 146
111 149
112 148
112 149
113 147
113 148
113 182
114 147
114 149
114 208
115 145
115 207
116 145
116 154
116 155
116 206
117 145
117 153
117 154
117 205
118 145
118 153
118 205
119 145
119 153
120 145
120 153
120 171
120 173
120 175
121 146
121 153
121 165
121 166
121 167
121 168
121 169
121 170
121 178
121 187
121 208
122 146
122 153
123 146
123 153
123 183
123 188
124 146
124 153
124 163
124 174
124 183
125 153
125 154
125 161
125 162
125 163
125 174
126 149
126 153
126 154
126 161
126 162
126 174
126 175
126 183
126 189
127 149
127 153
127 162
127 172
127 173
128 149
128 162
128 170
128 171
128 189
129 149
129 168
129 169
129 183
129 189
130 149
130 166
130 167
130 189
131 149
131 182
132 150
132 160
132 161
133 150
133 159
133 160
133 182
134 150
134 159
134 182
134 187
135 150
135 182
136 142
136 151
137 142
137 151
138 143
138 151
138 180
139 151
139 180
139 209
140 151
140 180
140 186
141 185
142 181
143 151
143 180
143 185
144 151
144 152
144 185
145 152
145 179
145 184
146 152
146 177
146 178
146 184
147 152
147 177
147 183
148 151
148 176
149 151
149 176
149 182
150 151
150 175
150 182
151 151
151 182
152 175
152 183
153 176
153 197
154 176
154 184
154 195
154 196
155 177
155 194
155 200
156 177
156 185
156 186
156 192
156 193
156 199
156 200
156 201
156 202
156 203
156 207
156 208
156 209
157 178
157 188
157 189
157 190
157 191
157 204
157 205
157 206
157 210
158 178
158 211
159 178
159 212
160 178
161 177
162 177
163 175
163 176
163 193
164 173
164 174
164 175
165 172
165 173
166 171
167 149
167 170
168 149
168 170
169 148
169 169
169 203
169 204
169 205
169 210
169 211
170 148
170 169
170 196
170 197
170 198
170 199
170 200
170 201
170 202
170 206
170 207
170 208
170 209
171 148
171 168
171 194
171 195
172 148
172 149
172 168
172 169
173 149
173 169
173 170
173 181
173 182
173 183
173 184
173 185
173 186
173 187
173 188
173 189
173 190
174 150
174 170
174 171
174 175
174 176
174 177
174 178
174 179
174 180
175 149
175 172
175 174
175 206
175 207
175 208
175 209
175 210
175 211
178 190
