168 279 61 73
169 285
170 290
170 291
171 292
172 296
172 297
173 280
173 281
173 298
174 281
175 282
176 282
176 305
177 282
178 282
179 282
180 283
181 283
182 283
183 283
184 283
185 283
186 283
187 282
187 343
187 344
187 345
188 282
188 345
188 346
188 349
189 282
189 347
190 281
191 281
192 281
193 280
194 280
195 280
196 279
197 279
198 278
199 278
200 277
201 276
202 275
202 276
203 275
204 274
205 274
206 273
207 272
207 273
208 272
209 271
210 271
211 270
212 269
213 268
213 269
213 328
214 267
214 268
214 325
214 326
215 267
215 324
215 325
216 266
216 342
216 345
217 265
217 266
217 331
217 345
217 346
218 265
218 327
218 328
218 329
219 264
219 325
219 327
220 263
221 263
221 322
221 323
222 262
222 320
223 261
223 262
223 313
223 320
224 261
224 319
225 260
226 259
226 260
227 258
227 259
228 258
229 257
229 311
229 312
229 313
229 314
230 256
230 257
231 256
232 255
233 254
233 255
233 304
233 305
233 307
234 253
234 254
234 304
235 252
235 253
235 303
236 252
236 303
237 251
238 250
238 251
239 250
240 249
241 248
242 247
