135 63 97 176
105 138
106 138
107 138
108 138
109 138
110 138
111 138
112 138
113 138
114 62
114 139
115 62
115 139
116 139
117 139
118 139
119 62
119 139
120 139
121 62
121 140
122 63
122 140
123 63
123 140
124 63
124 140
125 62
125 140
126 62
126 140
126 149
127 62
127 141
127 149
128 141
128 149
129 63
129 141
129 149
130 63
130 141
130 149
131 62
131 141
131 149
132 140
132 150
133 62
133 140
133 150
134 63
134 141
134 150
135 63
135 141
135 150
136 63
136 142
136 151
137 63
137 142
137 151
138 63
138 143
138 151
139 63
139 143
139 151
140 63
140 143
140 144
140 151
140 186
141 63
141 144
141 185
142 63
142 145
143 63
143 145
143 151
143 185
144 63
144 146
144 151
144 152
144 185
145 63
145 146
145 152
145 184
146 63
146 147
146 152
146 184
147 63
147 148
147 152
147 183
148 63
148 151
149 63
149 151
149 182
150 63
150 151
150 182
151 63
151 151
151 182
152 64
152 151
152 175
152 183
153 64
153 151
153 176
153 197
154 64
154 151
154 176
154 184
154 195
154 196
155 63
155 151
155 177
155 194
155 200
156 63
156 151
156 177
156 185
156 186
156 192
156 193
156 199
156 200
156 201
156 202
156 203
156 207
156 208
156 209
156 223
156 224
156 225
157 64
157 152
157 178
157 187
157 188
157 189
157 190
157 191
157 204
157 205
157 206
157 210
157 223
157 227
157 228
158 64
158 152
158 178
158 211
158 215
158 216
158 217
158 218
158 219
158 222
159 64
159 152
159 178
159 212
159 214
159 220
159 221
159 222
160 64
160 152
160 190
160 191
160 222
161 64
161 152
161 191
161 192
162 64
162 152
162 193
162 194
163 64
163 152
164 64
164 152
165 64
165 153
166 64
166 153
166 225
166 226
167 64
167 149
167 153
167 170
167 221
167 222
167 223
167 224
168 63
168 149
168 153
168 170
168 212
168 217
168 218
168 219
168 220
169 63
169 148
169 153
169 169
169 202
169 203
169 204
169 205
169 210
169 211
169 214
169 215
169 216
170 63
170 148
170 154
170 169
170 196
170 197
170 198
170 199
170 200
170 201
170 202
170 206
170 207
170 208
170 209
171 63
171 148
171 154
171 168
171 194
171 195
171 222
171 223
172 64
172 148
172 149
172 154
172 168
172 169
172 191
172 192
172 193
172 219
172 220
172 221
173 64
173 149
173 154
173 169
173 170
173 181
173 182
173 183
173 184
173 185
173 186
173 187
173 188
173 189
173 190
173 216
173 217
173 218
174 64
174 150
174 154
174 170
174 171
174 175
174 176
174 177
174 178
174 179
174 180
174 213
174 214
174 215
174 216
175 64
175 149
175 154
175 172
175 174
175 206
175 207
175 208
175 209
175 210
175 211
176 64
176 154
176 201
176 202
176 203
176 204
176 205
176 206
176 207
177 64
177 154
177 193
177 194
177 195
177 196
178 64
178 154
178 155
178 190
178 191
178 192
179 64
179 155
180 64
180 155
181 64
181 155
181 205
182 64
182 155
182 205
183 64
183 156
183 205
184 65
184 156
184 205
185 65
185 156
186 157
187 157
188 157
188 206
189 158
190 158
191 159
191 207
192 159
192 160
193 160
194 161
195 161
195 162
196 162
196 163
196 172
196 207
197 163
197 164
197 172
197 173
198 164
198 173
199 165
199 173
200 166
200 173
201 167
201 173
201 177
201 178
201 179
201 180
201 181
202 168
202 174
202 177
203 168
203 169
203 175
203 176
203 177
203 229
204 169
204 170
205 170
205 232
206 174
206 225
206 229
207 174
207 225
208 168
208 174
208 225
208 226
209 167
209 168
209 169
209 170
209 171
209 172
209 174
209 225
210 166
210 167
210 172
210 174
210 224
211 164
211 165
211 166
211 174
211 175
211 223
212 164
212 176
212 222
213 163
213 170
213 177
214 162
214 163
214 169
214 177
214 178
215 160
215 167
215 168
215 179
215 180
216 158
216 159
216 165
216 166
216 180
216 181
217 157
217 158
217 182
217 183
218 156
218 184
219 163
219 184
219 221
219 222
219 223
219 224
220 160
220 161
220 189
220 190
220 234
221 159
221 160
221 232
222 150
222 158
222 230
223 149
223 157
223 228
224 155
224 156
224 224
224 225
225 151
225 153
225 154
225 223
226 143
227 143
227 218
228 142
229 142
230 142
231 142
232 138
232 140
232 211
233 139
233 210
234 138
234 209
235 138
235 208
236 207
238 205
239 204
240 203
241 203
