140 14 126 186
105 138
106 138
107 138
108 138
109 138
110 138
111 51
111 138
112 138
113 138
114 139
115 51
115 139
116 139
117 139
118 139
119 139
120 139
121 140
122 51
122 140
123 51
123 140
124 140
125 51
125 140
126 51
126 140
126 149
127 51
127 141
127 149
128 141
128 149
129 141
129 149
130 51
130 141
130 149
131 51
131 141
131 149
132 51
132 140
132 150
133 51
133 140
133 150
134 51
134 141
134 150
135 51
135 141
135 150
136 142
136 151
137 63
137 142
137 151
138 63
138 143
138 151
139 52
139 63
139 143
139 151
140 52
140 63
140 143
140 144
140 151
141 52
141 63
141 144
141 185
142 52
142 63
142 145
143 52
143 63
143 145
143 151
143 185
144 63
144 146
144 151
144 152
144 185
145 63
145 146
145 152
145 184
146 52
146 63
146 147
146 152
146 184
147 52
147 63
147 148
147 152
147 183
148 52
148 63
148 151
149 52
149 63
149 151
149 182
150 52
150 63
150 151
150 182
151 52
151 63
151 151
151 182
152 52
152 64
152 151
152 175
152 183
153 52
153 64
153 151
153 176
153 197
154 52
154 64
154 151
154 176
154 184
154 195
154 196
155 53
155 63
155 151
155 177
155 194
156 53
156 63
156 151
156 177
156 185
156 186
156 192
156 193
157 53
157 64
157 152
157 178
157 187
157 188
157 189
157 190
157 191
158 53
158 64
158 152
158 178
159 53
159 64
159 152
159 178
160 53
160 64
160 152
160 190
160 191
161 53
161 64
161 152
161 191
161 192
162 53
162 64
162 152
162 193
162 194
163 53
163 64
163 152
164 53
164 64
164 152
165 53
165 64
165 153
166 53
166 64
166 153
167 53
167 64
167 149
167 153
167 170
168 53
168 63
168 131
168 149
168 153
168 170
169 53
169 63
169 131
169 148
169 153
169 169
170 53
170 63
170 132
170 148
170 154
170 169
171 53
171 63
171 132
171 148
171 154
171 168
172 53
172 64
172 133
172 148
172 149
172 154
172 168
172 169
173 53
173 64
173 133
173 149
173 154
173 169
173 170
174 53
174 64
174 133
174 134
174 150
174 154
174 170
174 171
175 53
175 64
175 134
175 149
175 154
176 53
176 64
176 134
176 154
177 54
177 64
177 134
177 154
177 193
177 194
177 195
177 196
178 54
178 64
178 134
178 154
178 155
178 190
178 191
178 192
179 54
179 64
179 155
180 54
180 64
180 155
181 54
181 64
181 155
182 54
182 64
182 155
183 54
183 64
183 156
184 54
184 65
184 156
185 53
185 65
185 156
186 53
186 65
186 157
187 53
187 65
187 157
188 53
188 66
188 157
189 53
189 65
189 158
190 53
190 65
190 158
191 53
191 65
191 159
192 53
192 65
192 159
192 160
193 54
193 65
193 160
194 54
194 65
194 161
195 54
195 66
195 161
195 162
196 54
196 66
196 162
196 163
196 172
197 54
197 66
197 163
197 164
197 172
197 173
198 54
198 66
198 164
198 173
199 54
199 66
199 165
199 173
200 54
200 66
200 166
200 173
201 54
201 66
201 167
201 173
201 177
201 178
201 179
201 180
201 181
202 54
202 66
202 168
202 174
202 177
203 55
203 66
203 169
203 175
203 176
203 177
204 55
204 66
204 169
204 170
204 175
205 55
205 66
205 170
206 55
206 66
206 174
207 55
207 66
207 174
208 55
208 66
208 168
208 174
209 55
209 66
209 167
209 168
209 169
209 170
209 171
209 172
209 174
210 55
210 66
210 166
210 167
210 172
210 174
211 55
211 66
211 164
211 165
211 166
211 174
211 175
212 55
212 66
212 164
213 55
213 66
213 163
213 170
213 177
214 56
214 66
214 162
214 163
214 169
214 177
214 178
215 56
215 66
215 160
215 167
215 168
215 179
215 180
216 56
216 66
216 158
216 159
216 166
216 180
217 56
217 66
217 157
217 158
217 182
218 56
218 65
218 156
218 183
218 184
218 193
218 194
219 56
219 66
219 163
219 185
219 191
219 192
219 195
219 196
220 66
220 160
220 161
220 186
220 190
220 197
220 198
220 199
221 67
221 152
221 159
221 160
221 186
222 67
222 150
222 158
223 67
223 149
223 157
224 67
224 155
224 156
225 67
225 151
225 153
225 154
225 188
226 67
226 143
227 66
227 143
228 142
229 142
229 190
230 66
230 142
230 190
231 66
231 142
231 190
232 56
232 138
232 140
232 142
233 139
233 143
234 138
234 143
235 56
235 138
235 143
236 56
236 136
236 144
236 154
237 135
237 144
237 154
237 155
238 56
238 144
238 155
238 156
238 186
238 191
239 56
239 145
239 157
239 158
240 145
240 159
240 160
240 161
241 146
241 161
241 162
241 163
241 185
241 191
242 56
242 146
242 164
242 183
243 56
243 146
243 147
243 165
243 166
243 181
244 123
244 124
244 125
244 126
244 127
244 128
244 129
244 130
244 131
244 132
244 133
244 134
244 135
244 147
244 148
244 149
244 166
244 167
245 118
245 119
245 120
245 121
245 136
245 137
245 138
245 139
245 140
245 141
245 142
245 143
245 144
245 145
245 168
245 179
246 67
246 115
246 116
246 117
246 169
246 177
247 57
247 113
247 114
247 170
247 171
247 174
247 175
247 176
248 110
248 111
248 112
248 151
248 172
248 173
249 107
249 108
249 109
249 172
250 105
250 106
250 107
250 135
250 136
250 137
250 138
250 139
250 140
250 172
250 198
251 103
251 104
251 163
251 164
251 197
252 165
252 166
252 171
252 197
253 171
253 197
254 171
254 197
255 171
255 172
256 172
257 94
257 95
257 173
260 195
261 195
262 194
264 188
264 193
265 193
268 84
269 83
270 83
271 82
272 82
273 81
274 81
275 80
276 80
277 79
278 79
279 79
280 78
281 78
282 78
283 77
284 77
285 77
288 74
289 74
290 73
291 73
292 73
295 73
297 74
298 75
299 75
