7 49 247 303
24 223
33 226
34 226
35 226
36 226
37 227
38 228
39 228
40 229
41 229
41 230
42 230
42 231
42 247
42 248
42 249
43 232
43 246
43 247
44 217
44 218
44 246
45 246
46 190
46 191
46 192
46 193
47 235
47 236
48 202
48 204
48 230
48 234
48 237
48 238
48 239
48 240
48 241
48 242
49 233
50 195
50 198
50 248
51 188
52 187
52 239
52 240
52 242
52 245
53 185
54 150
54 185
54 245
55 151
55 245
56 151
56 158
56 183
56 246
57 150
57 159
57 160
57 169
57 176
57 177
57 246
58 143
58 144
58 145
58 146
58 147
58 148
58 149
58 150
58 151
58 160
58 161
58 168
58 169
58 174
58 175
58 179
58 180
58 181
59 142
59 156
59 161
59 173
59 179
60 155
60 156
60 172
60 178
60 256
61 154
61 162
61 177
61 257
62 163
62 164
62 165
62 166
62 169
62 170
62 171
62 175
62 176
63 160
63 161
63 167
63 168
63 174
63 175
64 156
64 157
64 158
64 160
65 155
65 156
72 292
74 292
74 293
74 294
75 247
81 139
82 104
82 128
82 140
83 102
83 105
83 129
83 130
83 141
84 99
84 100
84 101
84 131
84 132
85 132
86 132
87 133
87 134
87 253
89 135
89 257
89 258
104 53
105 53
105 97
106 53
106 97
107 53
107 98
108 52
109 51
109 64
109 65
109 73
109 76
109 77
109 78
109 79
109 80
109 81
109 82
109 83
109 84
109 85
109 86
109 87
109 88
109 89
109 90
109 91
109 92
109 98
109 99
109 100
109 101
109 102
109 103
109 104
109 105
109 107
109 108
109 112
109 113
109 114
109 115
109 116
109 117
109 118
109 229
109 231
110 51
110 62
110 63
110 66
110 67
110 68
110 69
110 70
110 71
110 72
110 75
110 93
110 94
110 95
110 96
110 97
110 98
110 106
110 109
110 110
110 111
110 218
110 219
110 220
110 221
110 222
110 223
110 224
110 225
110 226
110 227
111 51
111 60
111 61
111 62
111 178
111 179
111 213
111 215
111 217
112 179
112 180
112 181
112 211
112 212
114 62
114 157
114 158
114 159
114 160
114 161
114 182
114 208
115 51
115 62
115 155
115 156
115 157
115 183
115 207
116 184
116 185
116 206
117 185
117 186
117 205
117 235
117 236
118 186
118 205
118 228
118 229
118 230
118 231
118 232
118 233
118 234
118 237
119 62
119 187
119 220
119 221
119 222
119 223
119 224
119 225
119 226
119 227
120 171
120 172
120 173
120 175
120 176
120 177
120 187
120 217
120 218
120 219
121 62
121 165
121 166
121 167
121 168
121 169
121 170
121 175
121 177
121 179
121 188
121 208
121 215
121 216
121 217
122 51
122 63
122 180
122 181
122 183
122 188
122 213
122 214
122 215
123 51
123 63
124 63
124 163
124 174
124 189
125 51
125 62
125 161
125 162
125 163
125 174
125 183
125 189
126 51
126 62
126 161
126 162
126 174
126 175
126 184
127 51
127 62
127 161
127 162
127 172
127 183
127 189
128 162
128 170
128 171
128 183
129 63
129 162
129 164
129 165
129 168
129 169
130 51
130 63
130 166
130 167
130 183
131 51
131 62
131 161
131 162
131 163
131 188
132 51
132 182
132 188
133 51
133 62
133 188
134 51
134 63
135 51
135 63
135 181
136 63
136 181
136 187
137 63
137 181
137 187
138 63
138 187
139 52
139 63
139 186
139 209
140 52
140 63
140 210
141 52
141 63
141 180
141 211
142 52
142 63
142 185
142 212
143 52
143 63
143 180
143 213
144 63
144 180
145 63
146 52
146 63
146 184
147 52
147 63
147 177
148 52
148 63
148 183
149 52
149 63
150 52
150 63
151 52
151 63
151 175
152 52
152 64
152 287
153 52
153 64
153 183
153 281
153 285
153 286
154 52
154 64
154 183
154 282
154 283
154 284
155 53
155 63
155 184
155 185
156 53
156 63
156 226
157 53
157 64
157 227
157 228
158 53
158 64
158 229
159 53
159 64
159 221
159 229
160 53
160 64
160 178
161 53
161 64
161 177
162 53
162 64
162 177
163 53
163 64
163 175
163 176
163 193
164 53
164 64
164 173
164 174
164 175
165 53
165 64
165 172
165 173
166 53
166 64
166 171
166 225
166 226
167 53
167 64
167 221
167 222
167 223
167 224
168 53
168 63
168 219
169 53
169 63
169 203
169 204
169 205
169 210
169 211
169 214
169 215
169 216
169 286
169 287
170 53
170 63
170 196
170 197
170 198
170 199
170 200
170 201
170 202
170 206
170 207
170 208
170 209
170 288
170 289
171 53
171 63
171 194
171 195
171 222
171 223
171 293
171 294
171 295
172 53
172 64
172 219
172 220
172 221
173 53
173 64
173 181
173 182
173 183
173 184
173 185
173 186
173 187
173 188
173 189
173 190
173 216
173 217
173 218
173 299
174 53
174 64
174 175
174 176
174 177
174 178
174 179
174 180
174 213
174 214
174 215
174 216
174 299
174 300
174 301
174 302
175 53
175 64
175 172
175 174
175 206
175 207
175 208
175 209
175 210
175 211
175 303
175 304
176 53
176 64
176 304
176 305
176 306
177 54
177 64
177 307
177 308
178 54
178 64
178 190
178 309
178 310
179 54
179 64
179 311
179 312
179 313
180 54
180 64
180 314
180 315
180 316
180 317
181 54
181 64
181 318
181 319
181 320
181 321
181 322
181 323
181 324
181 325
181 326
182 54
182 64
182 326
182 327
182 328
182 329
182 330
182 331
183 54
183 64
183 205
183 332
183 333
183 334
183 335
183 336
184 54
184 65
184 205
184 337
184 338
185 53
185 65
185 205
185 338
185 339
186 53
186 65
186 205
186 339
186 340
186 341
186 342
187 53
187 65
187 206
187 343
187 344
187 345
188 53
188 66
188 206
188 345
188 346
188 349
189 53
189 65
189 206
189 347
190 53
190 65
190 206
191 53
191 65
191 207
191 272
192 53
192 65
192 207
192 235
192 271
193 54
193 65
193 207
193 234
193 235
194 54
194 65
194 207
195 54
195 66
195 208
196 54
196 66
196 207
196 267
196 268
197 54
197 66
197 207
197 231
197 266
197 267
198 54
198 66
198 231
198 265
198 266
199 54
199 66
199 264
199 265
200 54
200 66
200 228
200 263
200 264
201 54
201 66
201 229
201 262
201 263
202 54
202 66
202 177
202 229
202 261
202 262
203 55
203 66
203 168
203 175
203 177
203 260
203 261
204 55
204 66
204 229
204 258
204 259
205 55
205 66
205 226
205 229
205 230
205 231
205 232
205 257
205 258
206 55
206 66
206 226
206 257
207 55
207 66
207 226
207 254
207 255
208 55
208 66
208 168
208 252
208 253
209 55
209 66
209 167
209 168
209 169
209 170
209 171
209 252
210 55
210 66
210 166
210 167
210 172
210 250
210 251
210 257
210 258
211 55
211 66
211 164
211 165
211 166
211 248
211 249
211 257
211 260
212 55
212 66
212 163
212 164
212 176
212 247
213 55
213 66
213 163
213 170
213 245
213 328
214 56
214 66
214 161
214 162
214 163
214 169
214 243
214 325
214 326
215 56
215 66
215 159
215 160
215 161
215 167
215 168
215 240
215 241
215 242
215 324
215 325
216 56
216 66
216 158
216 159
216 165
216 166
216 181
216 239
216 342
216 345
217 56
217 66
217 157
217 158
217 183
217 237
217 331
217 345
217 346
218 56
218 65
218 156
218 327
218 328
218 329
219 56
219 66
219 155
219 162
219 163
219 184
219 221
219 222
219 223
219 224
219 325
219 327
220 66
220 153
220 154
220 160
220 161
220 185
220 189
220 190
220 234
221 67
221 151
221 159
221 160
221 232
221 323
222 67
222 150
222 158
222 186
222 187
222 230
222 320
223 67
223 149
223 157
223 187
223 228
223 313
224 67
224 146
224 147
224 155
224 156
224 187
224 224
224 225
225 67
225 144
225 145
225 151
225 153
225 154
225 188
225 223
225 233
225 234
225 235
225 239
226 67
226 144
226 188
226 230
226 231
226 232
226 236
226 238
227 66
227 189
227 218
227 237
227 238
228 189
228 238
229 190
229 311
229 312
229 313
229 314
230 66
230 190
231 66
231 190
232 138
232 191
232 211
232 235
232 236
233 138
233 139
233 191
233 210
233 236
233 304
233 305
233 307
234 137
234 138
234 191
234 209
234 236
234 304
235 136
235 138
235 191
235 208
235 236
235 295
235 303
236 135
236 136
236 191
236 207
236 235
236 303
237 135
237 186
237 187
237 191
237 235
237 238
237 293
238 186
238 187
238 191
238 205
238 235
238 238
239 185
239 186
239 191
239 204
239 235
239 239
240 185
240 191
240 203
240 238
241 184
241 185
241 191
241 202
241 203
241 238
242 146
242 183
242 190
242 202
242 238
243 146
243 165
243 181
243 190
243 201
243 202
243 237
244 123
244 124
244 125
244 126
244 127
244 128
244 129
244 130
244 131
244 132
244 133
244 134
244 135
244 147
244 148
244 149
244 191
244 201
244 237
244 246
245 118
245 119
245 120
245 121
245 136
245 137
245 138
245 139
245 140
245 141
245 142
245 143
245 144
245 145
245 179
245 192
245 201
245 237
245 246
246 67
246 115
246 116
246 117
246 169
246 177
246 192
246 193
246 200
246 237
246 245
247 113
247 114
247 174
247 175
247 176
247 192
247 200
247 236
247 244
247 245
247 272
247 273
247 283
248 110
248 111
248 112
248 151
248 172
248 173
248 186
248 187
248 192
248 201
248 236
248 244
248 281
249 107
249 108
249 109
249 172
249 187
249 188
249 191
249 192
249 202
249 235
249 243
249 280
250 105
250 106
250 107
250 135
250 136
250 137
250 138
250 139
250 140
250 187
250 191
250 198
250 202
250 235
250 243
250 268
251 103
251 104
251 164
251 191
251 197
251 202
251 235
251 242
251 267
251 268
251 276
251 309
252 101
252 102
252 165
252 166
252 190
252 197
252 201
252 234
252 241
253 100
253 101
253 190
253 197
253 201
253 234
253 240
253 241
253 265
253 271
254 99
254 190
254 197
254 201
254 233
254 239
254 240
255 97
255 98
255 190
255 197
255 201
255 233
255 239
255 263
255 268
255 269
256 96
256 97
256 190
256 197
256 201
256 232
256 238
257 94
257 95
257 189
257 196
257 201
257 237
257 238
257 267
257 304
257 305
258 93
258 94
258 189
258 201
258 236
258 237
258 304
259 91
259 92
259 189
259 201
259 236
259 303
260 90
260 91
260 189
260 201
260 235
260 302
261 89
261 90
261 189
261 200
261 234
261 235
261 301
262 88
262 89
262 189
262 200
262 233
262 234
263 88
263 188
263 199
263 300
264 86
264 87
264 188
264 198
264 298
264 299
265 298
266 298
268 297
272 293
272 294
274 292
278 290
279 290
280 290
281 289
