230 127 88 208
219 185
220 185
220 186
221 186
222 186
222 187
223 187
224 187
226 188
227 189
228 189
230 214
232 191
232 236
232 300
232 301
232 302
233 138
233 191
233 236
233 297
233 298
233 299
234 137
234 191
234 296
235 136
235 191
235 236
235 294
236 135
236 154
236 191
236 294
237 144
237 154
237 155
237 186
237 187
237 191
237 235
237 238
237 292
238 155
238 156
238 187
238 191
238 235
238 238
238 291
238 292
239 157
239 158
239 185
239 186
239 191
239 235
239 239
240 159
240 160
240 161
240 185
240 191
240 238
241 161
241 162
241 163
241 184
241 185
241 191
241 238
242 146
242 164
242 184
242 190
242 238
243 146
243 165
243 166
243 182
243 190
243 237
244 122
244 123
244 124
244 125
244 126
244 127
244 128
244 129
244 130
244 131
244 132
244 133
244 134
244 135
244 146
244 147
244 148
244 166
244 167
244 168
244 179
244 180
244 191
244 237
244 290
245 118
245 119
245 120
245 121
245 136
245 137
245 138
245 139
245 140
245 141
245 142
245 143
245 144
245 145
245 168
245 178
245 192
245 237
245 285
245 286
245 287
245 288
245 289
246 115
246 116
246 117
246 169
246 176
246 192
246 193
246 237
246 283
246 284
247 113
247 114
247 170
247 171
247 192
247 236
247 282
247 283
248 110
248 111
248 112
248 151
248 152
248 153
248 172
248 186
248 187
248 192
248 236
248 271
248 272
248 280
248 281
249 107
249 108
249 109
249 154
249 155
249 156
249 187
249 188
249 191
249 192
249 202
249 235
249 269
249 270
249 279
249 280
250 105
250 106
250 107
250 135
250 136
250 137
250 138
250 139
250 140
250 157
250 158
250 159
250 160
250 187
250 191
250 198
250 202
250 235
250 269
250 277
250 278
250 279
251 103
251 104
251 131
251 161
251 162
251 164
251 171
251 191
251 197
251 202
251 235
251 275
251 277
251 309
252 101
252 102
252 132
252 164
252 165
252 166
252 190
252 197
252 201
252 234
252 266
252 267
252 273
252 274
253 100
253 101
253 190
253 197
253 201
253 234
254 99
254 171
254 190
254 197
254 201
254 233
254 239
254 264
254 270
255 97
255 98
255 171
255 172
255 190
255 197
255 201
255 233
256 96
256 97
256 172
256 173
256 190
256 197
256 201
256 232
256 233
256 238
256 262
257 94
257 95
257 189
257 196
257 201
257 232
257 237
257 238
257 304
257 305
258 93
258 94
258 174
258 189
258 201
258 231
258 232
258 236
258 237
258 258
258 259
258 260
258 261
258 304
259 91
259 92
259 175
259 176
259 177
259 178
259 189
259 196
259 201
259 231
259 236
259 303
260 90
260 91
260 179
260 189
260 195
260 201
260 235
260 256
260 262
260 302
261 89
261 90
261 179
261 189
261 195
261 200
261 234
261 235
261 255
261 301
262 88
262 89
262 189
262 194
262 195
262 200
262 230
262 233
262 234
262 253
262 254
262 263
263 88
263 180
263 181
263 188
263 194
263 199
263 253
263 300
264 86
264 87
264 181
264 193
264 198
264 229
264 252
264 263
264 298
264 299
265 182
265 183
265 193
265 229
265 250
265 251
265 298
266 183
266 188
266 198
266 229
266 249
266 250
266 251
266 298
267 184
267 188
267 228
267 248
268 184
268 185
268 188
268 198
268 227
268 228
268 246
268 247
268 248
268 259
268 260
268 297
269 185
269 188
269 227
269 244
269 245
269 256
269 257
269 258
270 185
270 186
270 188
270 226
270 227
270 243
270 244
270 254
270 255
271 188
271 195
271 225
271 226
271 241
271 242
271 253
271 254
271 328
272 185
272 189
272 224
272 225
272 240
272 251
272 252
272 293
272 294
273 184
273 185
273 189
273 190
273 223
273 224
273 238
273 249
273 250
273 251
274 184
274 191
274 222
274 223
274 236
274 237
274 246
274 247
274 248
274 249
274 292
275 183
275 184
275 192
275 222
275 234
275 235
275 243
275 245
275 315
276 183
276 192
276 222
276 240
276 241
276 242
276 243
276 313
277 182
277 183
277 191
277 221
277 240
277 313
278 182
278 191
278 290
278 313
279 181
279 182
279 190
279 218
279 219
279 220
279 290
279 312
280 181
280 189
280 216
280 290
281 189
281 214
281 289
282 179
282 180
282 189
282 213
283 179
283 188
283 189
283 212
283 213
283 233
283 234
284 176
284 187
285 176
285 186
285 187
285 232
286 186
286 230
287 176
287 204
287 229
288 136
288 173
288 174
288 175
288 203
288 222
288 229
289 172
289 173
289 200
289 202
289 228
290 171
290 200
290 228
291 170
291 197
291 198
291 227
291 286
291 287
292 169
292 227
293 168
293 169
293 194
293 226
293 289
294 167
294 168
294 191
294 225
294 226
295 166
295 167
295 188
295 189
295 190
295 225
296 165
296 166
296 187
296 224
296 225
297 165
297 184
297 185
297 224
298 137
298 164
298 165
298 174
298 175
298 181
298 183
298 223
299 137
299 163
299 164
299 173
299 174
299 179
299 180
299 181
299 222
299 223
300 138
300 160
300 161
300 162
300 163
300 172
300 173
300 221
301 138
301 139
301 153
301 154
301 155
301 156
301 157
301 158
301 159
301 172
301 196
301 219
301 221
302 139
302 140
302 152
302 153
302 171
302 217
303 141
303 142
303 151
303 170
303 171
303 194
303 195
303 216
303 217
304 142
304 143
304 144
304 145
304 146
304 147
304 148
304 149
304 150
304 170
304 215
304 216
305 170
305 214
305 215
305 220
306 169
306 213
306 214
307 168
307 169
307 205
307 212
307 213
308 168
308 223
309 167
309 205
309 222
310 167
310 204
310 221
310 222
311 166
311 188
311 189
311 204
311 220
311 221
312 166
312 205
312 221
313 165
313 221
314 164
314 165
314 183
314 184
314 185
314 220
315 164
315 182
315 183
315 203
315 207
315 208
315 220
316 180
316 181
316 182
316 204
316 220
317 180
317 220
318 220
319 220
320 220
320 221
321 221
322 221
324 154
