195 50 191 243
152 151
153 151
154 151
155 151
156 151
157 152
158 152
159 152
160 53
160 152
161 53
161 152
162 53
162 152
163 53
163 152
164 53
164 152
165 53
165 153
166 53
166 153
167 53
167 153
168 53
168 153
169 53
169 153
170 53
170 154
171 53
171 154
172 53
172 154
173 53
173 154
174 53
174 154
175 53
175 154
176 53
176 154
177 54
177 154
178 54
178 154
178 155
179 54
179 155
180 54
180 155
181 54
181 155
181 205
182 54
182 155
182 205
183 54
183 156
184 54
184 156
184 205
185 53
185 156
185 205
186 53
186 65
186 157
186 205
187 53
187 65
187 157
188 53
188 66
188 157
188 206
189 53
189 65
189 158
189 206
190 53
190 65
190 158
190 206
191 53
191 65
191 159
191 207
192 53
192 65
192 159
192 160
193 54
193 65
193 160
194 54
194 65
194 161
195 54
195 66
195 161
195 162
196 54
196 66
196 162
196 163
196 172
196 207
196 268
197 54
197 66
197 163
197 164
197 172
197 173
197 207
197 266
197 267
198 54
198 66
198 164
198 173
198 265
198 266
199 54
199 66
199 165
199 173
199 264
199 265
200 54
200 66
200 166
200 173
200 263
200 264
201 54
201 66
201 167
201 173
201 177
201 178
201 179
201 180
201 181
201 262
201 263
202 54
202 66
202 168
202 174
202 177
202 261
202 262
203 55
203 66
203 169
203 175
203 176
203 177
203 229
203 260
203 261
204 55
204 66
204 169
204 170
204 175
204 258
204 259
205 55
205 66
205 170
205 232
205 257
205 258
206 55
206 66
206 174
206 225
206 229
206 255
206 256
206 257
207 55
207 66
207 174
207 225
207 254
207 255
208 55
208 66
208 168
208 174
208 225
208 226
208 252
208 253
209 55
209 66
209 170
209 171
209 172
209 174
209 225
209 251
209 252
210 55
210 66
210 174
210 224
210 249
210 250
210 251
210 257
210 258
211 55
211 66
211 174
211 175
211 223
211 248
211 249
212 55
212 66
212 163
212 222
212 246
212 247
213 55
213 66
213 177
213 222
213 244
213 245
214 56
214 66
214 161
214 177
214 178
214 220
214 221
214 242
214 243
215 56
215 66
215 159
215 161
215 179
215 180
215 220
215 241
216 56
216 66
216 180
216 219
216 238
216 239
217 56
217 66
217 182
217 204
217 205
217 206
217 207
217 208
217 234
217 235
217 236
218 56
218 65
218 183
218 184
218 193
218 194
218 203
218 206
218 209
218 225
218 226
218 227
219 56
219 66
219 155
219 162
219 185
219 191
219 192
219 195
219 196
219 210
220 66
220 153
220 154
220 186
220 190
220 197
220 198
220 199
220 200
220 201
220 202
220 211
220 213
220 214
220 215
220 216
220 217
220 218
220 219
220 220
220 232
220 233
220 234
221 67
221 151
221 152
221 186
221 212
221 230
221 231
222 67
222 229
222 230
223 67
223 148
223 227
224 67
224 146
224 147
224 223
224 224
224 225
224 226
225 67
225 144
225 145
225 188
225 221
225 222
225 223
226 67
226 144
226 152
226 219
226 220
227 66
227 217
227 218
228 215
228 216
229 190
229 214
229 215
230 66
230 190
230 213
230 214
231 66
231 190
231 212
231 213
232 56
232 191
232 210
232 211
233 138
233 191
233 209
233 210
234 137
234 191
234 208
234 209
235 56
235 136
235 191
235 207
235 208
236 56
236 135
236 154
236 191
236 206
236 207
237 144
237 154
237 155
237 186
237 187
237 205
237 206
238 56
238 144
238 155
238 156
238 187
238 204
238 205
239 56
239 157
239 158
239 185
239 186
239 191
239 204
240 159
240 160
240 161
240 185
240 191
240 203
241 146
241 161
241 162
241 163
241 184
241 203
242 56
242 146
242 164
242 184
242 190
243 56
243 166
243 182
243 190
244 122
244 146
244 166
244 167
244 168
244 179
244 180
244 290
245 168
245 178
245 285
245 286
245 287
245 288
245 289
246 67
246 176
246 283
246 284
247 57
247 170
247 171
247 283
248 152
248 153
248 173
248 186
248 187
248 271
248 272
248 280
248 281
249 154
249 155
249 156
249 172
249 187
249 269
249 270
249 279
249 280
250 157
250 158
250 159
250 160
250 172
250 187
250 268
250 269
250 277
250 278
250 279
251 161
251 162
251 163
251 171
251 267
251 268
251 275
251 276
251 277
252 101
252 102
252 164
252 171
252 266
252 267
252 273
252 274
253 100
253 101
253 171
253 265
253 271
254 99
254 264
254 270
255 97
255 98
255 263
255 268
255 269
256 96
256 97
256 173
256 262
257 173
257 267
258 93
258 94
258 258
258 259
258 260
258 261
259 91
259 92
259 178
259 257
259 261
260 90
260 91
260 179
260 231
260 256
260 262
261 89
261 90
261 180
261 230
261 255
262 88
262 89
262 180
262 229
262 253
262 254
262 263
263 87
263 88
263 229
263 253
264 86
264 87
264 182
264 188
264 252
264 263
265 85
265 86
265 198
265 250
265 251
266 85
266 249
266 250
266 251
267 84
267 197
267 248
268 197
268 246
268 247
268 248
268 259
268 260
269 196
269 244
269 245
269 256
269 257
269 258
270 196
270 243
270 244
270 254
270 255
271 241
271 242
271 253
271 254
272 240
272 251
272 252
273 238
273 249
273 250
273 251
274 236
274 237
274 246
274 247
274 248
274 249
275 234
275 235
275 243
275 245
276 221
276 234
276 240
276 241
276 242
276 243
277 182
277 240
278 89
278 92
278 220
278 240
279 91
279 92
279 181
279 220
279 234
279 235
279 236
279 237
279 239
279 240
280 92
280 181
280 216
280 217
280 218
280 234
280 238
280 239
281 88
281 180
281 214
281 215
281 234
282 213
282 214
282 228
282 234
283 212
283 213
283 225
283 226
283 228
283 233
283 234
284 178
284 211
284 212
284 225
284 226
284 227
284 232
284 233
285 76
285 91
285 210
285 211
285 231
286 76
286 92
286 93
286 94
286 95
286 101
286 176
286 185
286 206
286 207
286 208
286 209
287 75
287 96
287 102
287 103
287 175
287 176
287 184
287 204
287 205
287 219
287 220
287 221
287 222
287 223
288 96
288 97
288 104
288 136
288 173
288 174
288 175
288 183
288 202
288 203
288 219
289 97
289 105
289 172
289 173
289 182
289 200
289 201
289 202
289 218
289 219
290 53
290 97
290 171
290 181
290 182
290 199
290 200
290 218
290 228
291 51
291 52
291 53
291 180
291 181
291 197
291 198
291 217
291 218
291 286
291 287
292 49
292 50
292 179
292 180
292 195
292 196
292 227
293 178
293 179
293 193
293 194
293 226
293 289
294 168
294 177
294 178
294 191
294 192
294 225
295 73
295 167
295 177
295 188
295 189
295 190
295 225
296 176
296 186
296 187
296 224
296 225
297 74
297 165
297 175
297 184
297 185
297 224
298 75
298 101
298 137
298 174
298 181
298 183
298 204
298 206
298 223
299 75
299 137
299 173
299 174
299 179
299 180
299 181
299 198
299 199
299 202
299 203
299 205
299 222
299 223
300 76
300 100
300 138
300 172
300 173
300 197
300 198
300 199
300 200
300 201
300 217
300 222
301 98
301 99
301 138
301 139
301 172
301 196
301 200
301 218
301 219
301 220
301 221
302 88
302 89
302 90
302 91
302 92
302 93
302 94
302 95
302 96
302 97
302 98
302 139
302 140
302 171
302 201
303 141
303 142
303 170
303 171
303 194
303 195
303 216
303 217
304 142
304 143
304 170
304 220
305 170
305 220
306 169
306 214
307 168
307 169
307 212
308 75
308 168
308 205
308 223
309 74
309 75
309 167
309 222
310 73
310 74
310 167
310 221
310 222
311 72
311 73
311 166
311 188
311 189
311 220
311 221
312 71
312 72
312 166
312 205
312 206
312 221
313 70
313 71
313 165
313 221
314 70
314 183
314 184
314 185
314 220
315 69
315 183
315 203
315 207
315 208
315 220
316 67
316 68
316 180
316 181
316 204
316 220
317 66
317 67
317 180
317 220
318 65
318 220
319 64
319 179
319 220
320 63
320 172
320 173
320 178
320 220
320 221
321 62
321 174
321 176
321 178
321 221
322 61
322 221
323 60
323 61
323 173
324 59
324 60
324 154
324 163
324 173
325 58
325 66
325 153
325 163
325 170
325 172
326 56
326 57
326 152
326 153
326 163
326 169
326 170
327 54
327 55
327 151
327 152
327 169
327 221
328 150
328 168
328 221
328 288
329 149
329 154
329 167
329 168
329 220
329 287
329 288
330 149
330 154
330 161
330 286
330 287
331 148
331 154
331 160
332 155
332 159
332 284
332 285
332 286
333 286
333 287
335 216
336 162
337 143
338 142
338 156
339 53
339 141
339 154
339 155
339 212
340 54
340 55
340 153
341 138
341 150
341 151
341 204
342 137
342 148
342 149
342 201
342 203
343 89
343 135
343 136
343 137
343 138
343 147
343 148
343 199
343 200
344 146
344 198
344 199
345 84
345 125
345 139
345 140
345 142
345 143
345 197
345 207
346 59
346 112
346 196
346 197
347 61
347 127
347 195
347 196
347 204
347 205
348 61
348 62
348 194
348 195
348 203
349 129
349 193
349 194
349 200
349 201
350 64
350 130
350 192
350 193
351 115
351 192
352 92
352 106
352 125
352 191
353 66
353 91
353 107
353 123
353 124
353 125
353 191
354 108
354 190
355 109
355 120
355 121
355 190
356 120
356 190
357 99
357 119
357 190
358 99
358 118
358 119
358 191
359 98
359 117
359 118
360 97
360 115
360 116
360 196
361 96
361 97
361 114
361 195
361 196
362 95
362 96
362 113
362 114
362 194
363 95
363 112
363 113
363 193
364 94
364 112
364 192
365 93
365 94
365 110
365 111
365 192
366 93
366 110
366 194
367 92
367 93
367 108
367 109
367 193
367 194
368 92
368 108
368 191
368 192
368 193
368 194
369 91
369 107
369 191
370 90
370 107
371 90
371 105
371 106
372 90
372 105
373 90
373 104
374 91
374 92
374 104
374 232
375 92
375 244
378 263
379 263
379 264
380 260
380 261
381 256
384 53
384 54
385 52
385 53
386 51
386 52
387 50
