152 198 72 41
155 200
156 199
156 200
156 201
156 202
156 203
156 207
156 208
156 209
156 223
156 224
156 225
157 204
157 205
157 206
157 210
157 223
158 211
158 215
158 216
158 217
158 218
158 219
158 222
158 228
159 212
159 214
159 220
159 222
160 222
162 226
162 227
163 228
164 226
164 227
165 226
168 212
168 217
168 218
168 220
169 202
172 191
172 192
172 193
173 181
174 175
174 176
174 177
174 178
174 179
174 180
175 174
176 201
176 202
176 203
176 204
176 205
176 206
176 207
181 205
182 205
183 205
185 205
186 205
187 206
189 206
190 206
192 207
193 207
194 207
195 208
197 207
197 231
198 231
205 232
219 221
219 222
219 223
219 224
220 189
220 234
221 232
222 230
223 228
224 224
224 225
225 223
227 218
