304 201 85 67
304 216
304 220
305 215
305 219
306 205
306 206
307 205
307 206
307 213
309 205
309 215
310 204
310 214
310 215
311 204
311 213
311 214
312 205
312 208
312 209
312 210
312 211
312 212
312 221
313 221
314 208
316 205
316 206
316 207
317 205
317 206
330 219
331 219
332 217
332 218
333 217
334 217
336 215
336 216
337 214
337 215
338 213
338 214
339 212
339 213
340 211
340 212
341 204
341 205
341 206
341 207
341 208
341 209
341 210
341 211
342 201
342 202
342 203
343 199
343 200
344 198
344 199
345 197
345 207
346 196
346 197
346 206
347 195
347 196
347 204
347 205
348 195
348 202
348 203
349 194
349 200
349 201
350 193
350 200
351 192
351 199
351 200
353 191
354 190
355 190
357 190
358 191
373 232
373 240
373 241
374 231
374 232
375 232
375 233
375 244
376 233
376 234
378 263
379 263
379 264
380 260
380 261
381 256
