297 135 92 173
288 136
298 137
298 204
298 206
299 137
299 198
299 199
299 202
299 203
299 205
300 138
300 178
300 197
300 198
300 199
300 200
300 201
301 138
301 139
301 153
301 154
301 155
301 156
301 157
301 158
301 197
301 200
302 139
302 140
302 152
302 153
302 201
303 141
303 142
303 151
304 142
304 143
304 144
304 145
304 146
304 147
304 148
304 149
304 150
304 170
304 194
304 216
304 220
305 170
305 194
305 215
305 219
306 169
306 194
306 205
306 206
307 168
307 169
307 194
307 205
307 206
307 213
308 168
308 193
308 194
309 167
309 192
309 193
309 205
309 215
310 167
310 190
310 191
310 204
310 214
310 215
311 166
311 204
311 213
311 214
312 166
312 187
312 188
312 205
312 208
312 209
312 210
312 211
312 212
312 221
313 165
313 186
313 187
313 221
314 164
314 165
314 208
314 220
315 163
315 164
315 182
315 220
316 162
316 163
316 180
316 181
316 182
316 205
316 206
316 207
316 220
317 161
317 162
317 179
317 180
317 205
317 206
317 220
318 160
318 161
318 167
318 220
319 159
319 167
319 179
319 220
320 158
320 159
320 167
320 172
320 173
320 178
320 179
320 220
320 221
321 158
321 174
321 175
321 176
321 177
321 178
321 221
322 156
322 157
322 162
322 221
323 155
323 156
323 162
323 163
323 173
324 153
324 163
324 169
324 172
324 173
325 163
325 170
325 171
325 172
326 163
326 169
326 170
327 169
327 221
328 150
328 168
328 221
328 288
329 150
329 154
329 167
329 168
329 220
329 287
329 288
330 154
330 161
330 167
330 219
330 286
330 287
331 148
331 154
331 167
331 219
332 147
332 148
332 154
332 155
332 156
332 157
332 158
332 159
332 166
332 217
332 218
332 284
332 285
332 286
333 146
333 147
333 165
333 166
333 217
333 286
333 287
334 145
334 146
334 164
334 217
335 144
335 145
335 162
335 163
336 143
336 144
336 160
336 161
336 215
336 216
337 142
337 157
337 158
337 159
337 160
337 214
337 215
338 142
338 157
338 213
338 214
339 141
339 213
340 152
340 154
340 211
340 212
341 138
341 152
341 204
341 205
341 206
341 207
341 208
341 209
341 210
341 211
342 137
342 148
342 150
342 201
342 202
342 203
343 135
343 136
343 137
343 138
343 148
343 199
343 200
344 127
344 128
344 129
344 130
344 131
344 132
344 133
344 134
344 144
344 145
344 146
344 198
344 199
345 139
345 140
345 141
345 142
345 143
345 144
345 197
345 207
346 196
346 197
346 206
347 195
347 196
347 204
347 205
348 194
348 195
348 202
348 203
348 269
349 193
349 194
349 200
349 201
350 192
350 193
350 200
351 192
351 199
351 200
353 191
354 190
355 190
357 190
358 191
361 195
362 194
363 193
364 192
365 192
366 194
367 193
368 191
368 192
368 194
369 191
373 232
374 231
374 232
375 232
375 233
375 244
376 233
376 234
378 263
379 263
379 264
380 260
380 261
381 256
