21 244 179 83
21 253
21 254
24 249
26 254
27 254
27 255
28 255
28 256
29 256
30 256
31 256
32 256
41 266
41 267
42 247
42 248
42 249
42 267
43 246
43 247
44 246
44 269
44 270
45 246
45 271
48 248
48 249
49 249
49 250
50 250
50 277
50 278
51 248
51 250
51 251
51 278
51 279
52 239
52 240
52 241
52 243
52 244
52 251
52 252
52 279
53 253
53 254
53 279
54 253
54 280
55 281
56 253
56 281
57 253
57 281
58 247
58 254
58 280
59 248
59 254
59 255
59 280
60 248
60 256
60 280
61 248
61 257
61 280
62 248
62 279
63 247
63 279
64 247
64 249
64 250
64 280
65 249
65 250
65 280
66 250
66 280
67 280
68 249
68 280
69 249
69 280
70 249
70 280
70 290
71 246
71 280
72 247
72 280
72 292
73 247
73 280
74 247
74 280
74 290
74 292
74 293
74 294
75 280
75 289
75 290
76 247
76 280
76 296
77 247
77 281
77 296
78 248
78 281
78 296
79 248
79 249
79 281
79 295
80 249
80 281
81 249
81 281
82 250
82 281
83 250
83 281
84 249
84 250
84 281
85 247
85 250
85 281
86 247
86 251
86 281
87 247
87 251
87 252
87 253
87 281
88 248
88 253
88 254
88 281
89 249
89 254
89 257
89 258
89 281
90 249
90 258
90 281
91 249
91 258
91 281
92 249
92 259
92 281
93 259
93 282
94 259
94 282
95 259
95 282
96 259
96 282
97 260
97 283
98 260
98 283
99 261
99 283
100 261
100 266
100 283
101 261
101 266
101 283
102 261
102 266
102 283
103 261
103 266
103 283
103 284
104 261
104 266
104 284
105 261
105 266
105 285
106 261
106 266
106 276
106 285
106 286
107 262
107 266
107 274
107 275
107 286
108 262
108 266
108 274
109 262
109 266
109 274
110 262
110 266
110 273
111 262
111 273
112 262
112 273
113 262
113 272
114 262
114 272
115 262
115 272
116 262
116 272
117 262
117 272
118 262
118 272
118 288
119 262
119 272
119 288
120 263
120 272
120 288
121 263
121 272
121 288
122 263
122 264
122 272
122 273
122 288
123 264
123 265
123 273
123 288
124 265
124 273
124 288
125 266
125 267
125 273
125 288
126 267
126 268
126 272
126 288
127 269
127 272
127 288
128 269
128 273
128 288
129 273
129 288
130 273
130 274
130 288
131 274
131 288
132 274
132 288
133 274
133 288
134 275
134 288
135 275
135 276
135 288
136 276
136 289
137 276
137 289
138 276
138 289
139 276
139 289
140 276
140 288
141 276
141 288
142 276
142 288
143 276
143 289
144 276
144 289
145 277
145 289
146 277
146 289
147 277
147 289
148 277
148 289
149 277
149 289
150 277
150 288
151 278
151 288
152 279
153 279
153 280
154 278
155 278
156 278
157 278
158 278
159 278
160 278
161 278
162 278
163 278
164 278
165 278
166 278
167 278
168 278
169 278
169 285
169 286
169 287
170 278
170 288
170 289
171 278
171 293
171 294
171 295
172 278
173 277
173 278
173 280
173 281
173 299
174 277
174 281
174 299
174 300
174 301
174 302
175 276
175 282
175 303
175 304
176 276
176 282
176 304
176 305
176 306
177 276
177 282
177 307
177 308
178 276
178 282
178 309
178 310
179 276
179 282
179 311
180 276
180 283
181 275
181 283
182 275
182 283
183 275
183 283
184 275
184 283
185 274
185 283
186 274
186 283
187 273
187 282
188 273
188 282
189 272
189 282
190 272
190 281
191 271
191 272
191 281
192 270
192 271
192 281
193 270
193 274
193 280
194 269
194 274
194 280
195 268
195 274
195 280
196 267
196 268
196 273
196 279
197 266
197 267
197 272
197 279
198 265
198 266
198 272
198 278
199 264
199 265
199 272
199 278
200 263
200 264
200 277
201 262
201 263
201 276
202 261
202 262
202 275
202 276
203 260
203 261
203 275
204 258
204 259
204 274
205 257
205 258
205 274
206 257
206 273
207 254
207 255
207 272
207 273
208 252
208 253
208 272
209 252
209 271
210 250
210 251
210 271
211 248
211 249
211 270
212 247
212 269
213 245
213 268
213 269
214 243
214 267
215 240
215 241
215 242
216 239
216 266
217 237
217 265
217 266
218 265
219 264
220 263
221 263
222 262
223 261
223 262
224 261
225 260
226 259
226 260
227 258
227 259
228 258
229 257
230 256
230 257
231 256
232 255
233 254
233 255
234 253
234 254
235 252
235 253
236 252
237 251
238 250
238 251
239 250
240 249
241 248
242 247
