279 81 73 89
253 132
254 133
255 133
256 133
257 133
258 133
259 133
260 132
261 132
262 132
263 133
264 133
265 133
266 134
267 134
268 134
269 135
270 135
271 135
272 135
273 135
274 135
275 135
276 135
277 135
278 90
278 135
279 135
280 136
281 136
282 136
283 135
284 135
285 135
286 135
287 135
288 96
288 104
288 136
289 105
289 136
290 136
291 136
292 136
293 136
293 168
293 169
294 136
294 167
295 136
295 166
296 136
296 165
296 166
297 136
298 101
298 164
298 165
299 163
299 164
300 100
300 160
300 161
300 162
300 163
301 98
301 99
301 153
301 154
301 155
301 156
301 157
301 158
301 159
302 88
302 89
302 90
302 91
302 92
302 93
302 94
302 95
302 96
302 97
302 98
302 152
302 153
303 151
304 144
304 145
304 146
304 147
304 148
304 149
304 150
315 163
316 162
316 163
317 161
317 162
318 160
318 161
318 167
319 159
319 167
320 158
320 159
320 167
321 158
322 156
322 157
322 162
323 155
323 156
323 162
323 163
324 153
324 154
325 153
326 152
326 153
327 151
327 152
329 149
329 154
330 149
331 148
331 154
331 160
332 155
332 159
336 162
337 143
338 156
339 154
339 155
340 153
341 138
341 150
341 151
342 137
342 149
343 89
343 135
343 136
343 137
343 138
343 147
345 84
345 125
345 139
345 140
345 142
345 143
346 112
347 127
349 129
350 130
351 115
352 92
353 91
