88 224 132 47
87 253
88 253
88 254
89 249
89 254
89 257
89 258
90 249
90 258
91 249
91 258
92 249
92 259
93 259
94 259
95 259
96 259
97 260
98 260
99 261
100 241
100 261
100 266
101 261
101 266
102 261
102 266
103 261
103 266
104 261
104 266
105 261
105 266
106 261
106 266
107 262
107 266
108 262
108 266
109 229
109 231
109 262
110 218
110 219
110 220
110 221
110 222
110 223
110 224
110 225
110 226
110 227
110 262
111 213
111 215
111 217
111 262
112 211
112 212
112 262
113 262
114 262
115 262
116 262
117 235
117 236
117 262
118 228
118 229
118 230
118 231
118 232
118 233
118 234
118 237
119 221
119 222
119 223
119 224
119 225
119 226
119 227
156 223
156 224
156 225
156 226
157 223
157 227
157 228
158 215
158 216
158 217
158 218
158 219
158 222
158 228
158 229
159 214
159 220
159 221
159 222
159 229
160 222
161 230
162 226
162 227
162 229
163 228
164 226
164 227
165 226
166 225
166 226
167 221
167 222
167 223
167 224
168 219
169 214
169 215
169 216
191 236
192 235
192 236
193 234
193 235
194 232
194 233
194 234
195 232
196 231
196 232
196 268
197 231
197 266
197 267
198 230
198 231
198 265
198 266
199 229
199 230
199 264
199 265
200 228
200 263
200 264
201 229
201 262
201 263
202 229
202 261
202 262
203 260
203 261
204 229
204 258
204 259
205 226
205 229
205 230
205 231
205 232
205 257
205 258
206 226
206 257
207 226
207 254
207 255
208 252
208 253
209 252
210 250
210 251
210 257
210 258
210 259
210 260
210 261
210 262
211 248
211 249
211 257
211 260
211 261
212 247
213 245
214 243
215 240
215 241
215 242
216 239
217 237
219 221
219 222
219 223
219 224
220 234
221 232
222 230
223 228
224 224
224 225
225 223
227 218
228 215
228 216
