278 65 108 41
278 88
278 90
281 87
282 87
282 88
283 88
284 89
285 89
285 90
286 88
286 89
287 88
288 88
288 96
289 88
290 87
290 98
290 105
291 87
291 98
291 105
292 87
292 99
292 104
292 105
293 87
293 99
293 100
293 104
294 86
294 99
294 100
294 103
294 104
295 86
295 103
296 86
296 103
297 87
297 102
298 87
298 101
298 102
299 87
299 101
300 87
300 100
301 76
301 86
301 87
301 88
301 98
301 99
302 77
302 93
302 94
302 95
302 96
302 97
302 98
303 77
304 77
305 77
306 77
308 75
309 74
309 75
310 73
310 74
311 72
311 73
312 71
312 72
313 70
313 71
314 70
316 67
316 68
317 66
317 67
318 65
323 60
324 59
325 58
325 66
326 56
326 57
327 54
327 55
343 89
345 84
346 59
347 61
348 61
348 62
350 64
353 66
353 91
361 96
361 97
362 95
363 95
364 94
366 93
367 92
367 93
369 91
370 90
371 90
372 90
373 90
374 91
374 92
375 92
