472 165 21 45
473 173
473 204
474 204
475 204
476 172
476 203
477 172
477 203
477 209
478 172
478 203
478 208
479 171
479 202
480 171
480 202
480 207
481 202
481 207
482 202
482 207
483 170
483 201
484 169
484 201
485 201
486 200
486 209
487 201
488 201
488 202
489 143
489 148
489 149
489 163
489 164
489 165
489 166
489 200
490 144
490 145
490 146
490 147
490 149
490 150
490 162
490 166
490 173
490 200
491 151
491 152
491 153
491 154
491 155
491 156
491 157
491 158
491 159
491 160
491 161
491 171
491 172
491 176
491 177
