153 194 67 86
153 197
154 183
154 195
154 196
155 184
155 185
155 194
155 200
156 185
156 186
156 192
156 193
156 199
156 200
156 201
156 202
156 203
156 207
156 208
156 209
156 223
156 224
156 225
157 187
157 188
157 189
157 190
157 191
157 204
157 205
157 206
157 210
157 223
158 211
158 215
158 216
158 217
158 218
158 219
158 222
158 228
159 212
159 214
159 220
159 222
160 190
160 191
160 222
161 191
161 192
161 230
162 193
162 194
162 226
162 227
162 229
163 228
164 226
164 227
165 226
168 212
168 217
168 218
168 220
169 202
170 196
170 197
170 198
171 194
171 195
172 191
172 192
172 193
173 181
173 182
173 183
173 184
173 185
173 186
173 187
173 188
173 189
173 190
174 175
174 176
174 177
174 178
174 179
174 180
175 174
175 206
175 207
175 208
175 209
175 210
176 201
176 202
176 203
176 204
176 205
176 206
176 207
177 193
177 194
177 195
177 196
178 190
178 191
178 192
181 205
182 205
183 205
185 205
186 205
187 206
189 206
190 206
191 236
192 207
192 235
192 236
192 271
193 207
193 234
193 235
194 207
194 232
194 233
194 234
195 208
195 232
196 231
196 232
196 267
196 268
197 207
197 231
197 266
197 267
198 230
198 231
198 265
198 266
199 229
199 230
199 264
199 265
200 228
200 263
200 264
201 229
201 262
201 263
202 229
202 261
202 262
203 260
203 261
204 229
204 258
204 259
205 226
205 229
205 230
205 231
205 232
205 257
205 258
206 226
206 257
207 226
207 254
207 255
208 252
208 253
209 252
210 250
210 251
210 257
210 258
211 248
211 249
211 257
211 260
212 247
213 245
214 243
215 240
215 241
215 242
216 239
217 237
219 221
219 222
219 223
219 224
220 189
220 234
221 232
222 230
223 228
224 224
224 225
225 223
226 219
226 220
227 217
227 218
228 215
228 216
