23 0 209 177
34 146
34 147
35 56
36 56
36 144
37 57
37 58
37 143
38 59
38 142
38 143
39 142
40 141
41 141
42 140
43 140
44 141
45 140
46 140
47 140
48 140
49 140
50 139
51 138
52 138
53 46
53 137
54 137
54 150
54 151
55 136
55 137
55 151
56 136
56 151
56 158
57 9
57 10
57 11
57 12
57 13
57 14
57 18
57 136
57 150
57 159
57 160
57 169
57 176
57 177
58 15
58 16
58 17
58 19
58 136
58 143
58 144
58 145
58 146
58 147
58 148
58 149
58 150
58 151
58 160
58 161
58 168
58 169
58 174
58 175
59 16
59 19
59 136
59 142
59 156
59 161
59 173
60 20
60 30
60 34
60 136
60 155
60 156
60 172
61 22
61 26
61 27
61 136
61 154
61 162
62 21
62 136
62 163
62 164
62 165
62 166
62 169
62 170
62 171
63 19
63 20
63 135
63 160
63 161
63 167
63 168
64 8
64 9
64 10
64 11
64 12
64 13
64 14
64 15
64 16
64 17
64 18
64 135
64 156
64 157
64 158
64 160
65 134
65 155
65 156
66 134
67 133
67 134
68 133
68 152
69 132
69 151
69 152
70 131
70 151
71 130
71 131
71 150
72 130
72 150
73 129
73 149
73 150
74 129
74 149
75 129
75 148
76 128
76 129
76 148
77 128
77 148
78 128
78 147
79 128
79 147
80 128
80 146
80 147
81 128
81 139
81 146
82 104
82 128
82 140
82 141
82 146
83 102
83 105
83 129
83 130
83 141
83 145
84 99
84 100
84 101
84 131
84 132
84 141
84 145
85 98
85 132
85 141
85 145
86 97
86 98
86 132
86 140
86 145
87 97
87 133
87 134
87 139
87 140
87 145
88 97
88 135
88 137
88 138
88 139
88 145
89 97
89 135
89 140
89 145
90 97
90 135
90 140
90 144
91 97
91 135
91 144
92 97
92 136
92 145
93 97
93 136
93 145
94 97
94 136
94 144
95 97
95 136
95 144
96 97
96 136
96 144
97 97
97 136
97 144
98 97
98 136
98 144
99 97
99 136
99 144
100 98
100 137
100 144
101 98
101 137
101 145
102 98
102 137
102 145
103 97
103 137
103 145
104 97
104 138
104 145
105 138
105 145
106 138
106 145
106 155
106 156
106 157
106 164
106 165
106 166
107 138
107 146
107 153
107 154
107 158
107 159
107 160
107 161
107 162
107 163
107 167
107 168
107 169
107 170
108 52
108 138
108 146
108 152
108 171
108 172
108 173
108 174
108 175
109 51
109 73
109 76
109 77
109 78
109 79
109 81
109 82
109 83
109 84
109 85
109 86
109 87
109 89
109 90
109 91
109 92
109 138
109 146
109 151
110 51
110 62
110 67
110 68
110 70
110 71
110 72
110 75
110 119
110 138
110 146
110 150
111 51
111 60
111 61
111 62
111 120
111 138
111 146
111 149
112 138
112 148
112 149
113 138
113 147
113 148
114 62
114 139
114 147
114 149
114 157
114 158
114 159
114 160
114 161
114 162
114 163
114 164
114 165
114 166
114 167
114 168
114 169
114 170
114 171
114 172
114 173
114 176
114 177
115 51
115 62
115 139
115 145
115 155
115 156
115 157
115 175
115 176
116 139
116 145
116 154
116 155
117 139
117 145
117 153
117 154
118 139
118 145
118 153
119 62
119 139
119 145
119 153
120 139
120 145
120 153
120 171
120 172
120 173
121 62
121 140
121 146
121 153
121 165
121 166
121 167
121 168
121 169
121 170
122 51
122 63
122 140
122 146
122 153
123 51
123 63
123 140
123 146
123 153
124 63
124 140
124 146
124 153
124 163
124 174
125 51
125 62
125 140
125 153
125 154
125 161
125 162
125 174
126 51
126 62
126 140
126 149
126 153
126 154
126 161
126 162
126 174
126 175
127 51
127 62
127 141
127 149
127 153
127 161
127 162
127 173
128 141
128 149
128 162
128 170
128 171
129 63
129 141
129 149
129 162
129 168
129 169
130 51
130 63
130 141
130 149
130 166
130 167
131 51
131 62
131 141
131 149
131 161
131 162
131 163
132 51
132 140
132 150
132 160
132 161
133 51
133 62
133 140
133 150
133 159
133 160
134 51
134 63
134 141
134 150
134 159
135 51
135 63
135 141
135 150
136 63
136 142
136 151
137 63
137 142
137 151
138 63
138 143
138 151
139 52
139 63
139 143
139 151
140 52
140 63
140 143
140 144
140 151
141 52
141 63
141 144
142 52
142 63
142 145
143 52
143 63
143 145
143 151
144 63
144 146
144 151
144 152
145 63
145 146
145 152
146 52
146 63
146 147
146 152
147 52
147 63
147 148
147 152
148 52
148 63
148 151
149 52
149 63
149 151
150 52
150 63
150 151
151 52
151 63
151 151
152 52
152 64
152 151
153 52
153 64
153 151
154 52
154 64
154 151
155 53
155 63
155 151
156 53
156 63
156 151
157 53
157 64
157 152
158 53
158 64
158 152
159 53
159 64
159 152
160 53
160 64
160 152
161 53
161 64
161 152
162 53
162 64
162 152
162 177
163 53
163 64
163 152
163 175
163 176
164 53
164 64
164 152
164 173
164 174
164 175
165 53
165 64
165 153
165 172
165 173
166 53
166 64
166 153
166 171
167 53
167 64
167 149
167 153
167 170
168 53
168 63
168 131
168 149
168 153
168 170
169 53
169 63
169 131
169 148
169 153
169 169
170 53
170 63
170 132
170 148
170 154
170 169
171 53
171 63
171 132
171 148
171 154
171 168
172 53
172 64
172 133
172 148
172 149
172 154
172 168
172 169
173 53
173 64
173 133
173 149
173 154
173 169
173 170
174 53
174 64
174 133
174 134
174 150
174 154
174 170
174 171
175 53
175 64
175 134
175 149
175 154
175 172
176 53
176 64
176 134
176 154
177 54
177 64
177 134
177 154
178 54
178 64
178 134
178 154
178 155
179 54
179 64
179 155
180 54
180 64
180 155
181 54
181 64
181 155
182 54
182 64
182 155
183 54
183 64
183 156
184 54
184 65
184 156
185 53
185 65
185 156
186 53
186 157
187 53
187 157
188 53
188 157
189 53
189 158
190 53
190 158
191 53
191 159
192 53
192 159
192 160
193 54
193 160
194 54
194 161
195 54
195 161
195 162
196 54
196 162
196 163
196 172
197 54
197 163
197 164
197 172
197 173
198 54
198 164
198 173
199 54
199 165
199 173
200 54
200 166
200 173
201 54
201 167
201 173
202 54
202 168
202 174
203 55
203 168
203 169
203 175
203 176
203 177
204 55
204 169
204 170
205 55
205 170
206 55
207 55
208 55
208 168
209 55
209 167
209 168
209 169
209 170
209 171
209 172
210 55
210 166
210 167
210 172
211 55
211 164
211 165
211 166
212 55
212 164
213 55
213 163
213 170
214 56
214 162
214 163
214 169
215 56
215 160
215 167
215 168
216 56
216 158
216 159
216 165
216 166
217 56
217 157
217 158
218 56
218 156
219 56
219 163
220 160
220 161
221 159
221 160
222 150
222 158
223 149
223 157
224 155
224 156
225 151
225 153
225 154
226 143
227 143
228 142
229 142
230 142
231 142
232 138
232 140
233 139
234 138
235 138
