240 19 66 181
186 65
187 65
188 66
189 65
190 65
191 65
192 65
193 65
194 65
195 66
196 66
197 66
198 66
199 66
200 66
201 66
202 66
203 66
204 66
205 66
206 66
207 66
208 66
209 66
210 66
211 66
212 66
213 66
214 66
215 66
216 66
217 66
218 65
219 66
220 66
221 67
222 67
223 67
224 67
225 67
226 67
227 66
230 66
231 66
232 56
232 142
233 143
234 143
235 56
235 143
236 56
236 144
236 154
237 144
237 154
237 155
238 56
238 144
238 155
238 156
239 56
239 145
239 157
239 158
240 145
240 159
240 160
240 161
241 146
241 161
241 162
241 163
242 56
242 164
243 56
243 147
243 166
243 181
244 122
244 146
244 149
244 166
244 167
244 168
244 179
244 180
245 168
245 178
245 179
246 67
246 176
246 177
247 57
247 170
247 171
247 174
247 175
247 176
248 152
248 153
248 173
249 154
249 155
249 156
249 172
250 157
250 158
250 159
250 160
250 172
251 161
251 162
251 163
252 101
252 102
252 164
252 171
253 100
253 101
253 132
253 171
254 99
254 133
255 97
255 98
255 133
256 96
256 97
256 133
256 173
257 133
257 173
258 93
258 94
258 133
259 91
259 92
259 133
260 90
260 91
260 132
260 179
261 89
261 90
261 132
261 180
262 88
262 89
262 132
262 180
263 87
263 88
263 133
264 86
264 87
264 133
264 182
264 188
265 85
265 86
265 133
265 198
266 85
266 134
267 84
267 134
267 197
268 134
268 197
269 135
269 196
270 135
270 196
271 135
272 135
273 135
274 135
275 135
276 135
277 135
278 89
278 92
278 135
279 91
279 92
279 135
280 92
280 136
281 88
281 136
281 180
282 136
283 135
284 135
284 178
285 76
285 91
285 135
286 76
286 92
286 93
286 94
286 95
286 101
286 135
286 176
286 185
287 75
287 96
287 102
287 103
287 135
287 175
287 184
288 97
288 104
288 173
288 183
289 97
289 105
289 136
289 172
289 182
290 53
290 97
290 105
290 136
290 171
290 181
290 182
291 51
291 52
291 53
291 105
291 136
291 170
291 180
291 181
292 42
292 43
292 44
292 45
292 46
292 47
292 48
292 49
292 50
292 104
292 105
292 136
292 169
292 179
292 180
293 34
293 35
293 36
293 37
293 38
293 39
293 40
293 41
293 104
293 136
293 168
293 169
293 178
293 179
294 26
294 27
294 28
294 29
294 30
294 31
294 32
294 33
294 34
294 103
294 104
294 136
294 167
294 168
294 177
294 178
295 23
295 24
295 25
295 73
295 103
295 136
295 166
295 167
295 177
296 22
296 103
296 136
296 165
296 166
296 176
297 74
297 102
297 136
297 165
297 175
298 75
298 102
298 181
299 75
299 101
299 179
299 180
299 181
300 76
300 178
301 138
301 139
302 88
302 89
302 90
302 91
302 92
302 139
302 140
303 141
303 142
303 194
303 195
304 142
304 143
304 194
305 194
306 194
307 76
307 194
308 75
308 76
308 194
309 74
309 75
310 73
310 74
311 72
311 73
312 71
312 72
313 70
313 71
314 70
315 69
316 67
316 68
317 66
317 67
324 154
