436 60 47 43
431 73
431 74
432 75
433 76
434 76
434 77
434 78
434 79
435 81
436 81
436 82
438 85
439 86
441 75
441 90
442 74
442 91
443 74
443 91
443 92
444 92
445 73
445 93
446 92
446 93
447 72
447 92
448 72
449 71
449 91
450 90
451 90
452 89
452 103
453 88
453 89
453 102
454 88
454 102
455 87
455 88
456 57
456 87
456 92
457 57
457 58
457 87
457 92
458 58
458 60
458 86
458 91
458 92
459 86
459 91
460 85
460 86
460 91
461 85
461 90
462 65
462 85
462 90
463 84
463 89
463 94
464 84
464 89
464 94
465 84
465 89
465 94
466 83
466 93
467 68
467 83
467 88
467 93
468 83
468 88
469 71
469 83
469 87
470 82
470 87
471 82
472 75
473 82
476 86
477 85
477 89
477 101
478 89
478 102
479 90
479 91
479 102
480 91
480 92
480 102
481 100
