87 207 60 63
71 246
72 247
74 247
75 247
76 247
77 247
78 248
79 248
79 249
80 249
81 249
82 250
83 250
84 249
84 250
85 250
87 253
89 249
89 257
89 258
90 249
100 241
106 210
106 211
107 207
107 208
107 209
109 229
109 230
109 231
110 218
110 219
110 220
110 221
110 222
110 223
110 224
110 225
110 226
110 227
110 232
110 233
110 235
111 213
111 214
111 215
111 216
111 217
111 233
111 234
112 210
112 211
112 212
112 234
113 235
114 209
117 235
117 236
118 228
118 229
118 230
118 231
118 232
118 233
118 234
119 205
119 220
119 221
119 222
119 223
119 224
119 225
119 226
119 227
119 238
119 239
120 205
120 206
120 217
120 218
120 219
121 207
121 208
121 209
121 215
121 216
121 217
122 209
122 213
122 214
122 215
