218 47 164 190
160 53
161 53
162 53
163 53
164 53
165 53
166 53
167 53
168 53
169 53
170 53
171 53
172 53
173 53
174 53
175 53
176 53
177 54
178 54
179 54
180 54
181 54
182 54
183 54
184 54
185 53
186 53
186 65
187 53
187 65
188 53
188 66
189 53
189 65
190 53
190 65
191 53
191 65
192 53
192 65
193 54
193 65
194 54
194 65
195 54
195 66
196 54
196 66
197 54
197 66
198 54
198 66
199 54
199 66
200 54
200 66
201 54
201 66
202 54
202 66
203 55
203 66
204 55
204 66
205 55
205 66
206 55
206 66
206 174
207 55
207 66
207 174
208 55
208 66
208 174
209 55
209 66
209 174
210 55
210 66
210 174
211 55
211 66
211 174
211 175
212 55
212 66
213 55
213 66
213 177
214 56
214 66
214 177
214 178
215 56
215 66
215 179
215 180
216 56
216 66
216 180
217 56
217 66
217 182
217 204
217 205
217 206
217 207
217 208
218 56
218 65
218 183
218 184
218 193
218 194
218 203
218 206
218 209
218 225
218 226
218 227
219 56
219 66
219 162
219 185
219 191
219 192
219 195
219 196
219 210
220 66
220 186
220 190
220 197
220 198
220 199
220 200
220 201
220 202
220 211
220 213
220 214
220 215
220 216
220 217
220 218
220 219
220 220
220 232
220 233
220 234
221 67
221 186
221 212
221 230
221 231
222 67
222 229
222 230
223 67
223 148
223 227
224 67
224 146
224 147
224 223
224 224
224 225
224 226
225 67
225 144
225 145
225 188
225 221
225 222
225 223
226 67
226 143
226 144
226 152
226 219
226 220
227 66
227 143
227 217
227 218
228 142
228 215
228 216
229 142
229 190
229 214
229 215
230 66
230 142
230 190
230 213
230 214
231 66
231 142
231 190
231 212
231 213
232 56
232 140
232 142
232 210
232 211
233 138
233 143
233 209
233 210
234 137
234 143
234 208
234 209
235 56
235 136
235 143
235 207
235 208
236 56
236 135
236 144
236 154
236 206
236 207
237 144
237 154
237 155
237 205
237 206
238 56
238 144
238 155
238 156
238 186
238 204
238 205
239 56
239 145
239 157
239 158
239 204
240 145
240 159
240 160
240 161
240 203
241 146
241 161
241 162
241 163
241 203
242 56
242 164
242 184
243 56
243 147
243 166
243 181
243 182
244 122
244 146
244 166
244 167
244 168
244 179
244 180
245 168
245 178
245 179
246 67
246 176
246 177
247 57
247 170
247 171
247 174
247 175
247 176
248 152
248 153
248 173
249 154
249 155
249 156
249 172
250 157
250 158
250 159
250 160
250 172
251 161
251 162
251 163
252 101
252 102
252 164
252 171
253 100
253 101
253 132
253 171
254 99
254 133
255 97
255 98
255 133
256 96
256 97
256 133
256 173
257 133
257 173
258 93
258 94
258 133
259 91
259 92
259 133
260 90
260 91
260 132
260 179
260 231
261 89
261 90
261 132
261 180
261 230
262 88
262 89
262 132
262 180
262 229
263 87
263 88
263 133
263 229
264 86
264 87
264 133
264 182
264 188
265 85
265 86
265 133
265 198
266 85
266 134
267 84
267 134
267 197
268 134
268 197
269 135
269 196
270 135
270 196
271 135
272 135
273 135
274 135
275 135
276 135
276 221
277 135
277 182
278 90
278 135
278 220
279 91
279 135
279 181
279 220
280 92
280 136
280 181
280 216
280 217
280 218
281 88
281 136
281 180
281 214
281 215
282 136
282 213
282 214
282 228
283 135
283 212
283 213
283 225
283 226
283 228
284 178
284 211
284 212
284 225
284 226
284 227
285 76
285 91
285 210
285 211
286 76
286 92
286 93
286 94
286 95
286 101
286 176
286 185
286 206
286 207
286 208
286 209
287 75
287 96
287 102
287 103
287 175
287 184
287 204
287 205
287 219
287 220
287 221
287 222
287 223
288 96
288 97
288 104
288 136
288 173
288 183
288 202
288 203
288 219
289 97
289 105
289 172
289 182
289 200
289 201
289 202
289 218
289 219
290 53
290 97
290 171
290 181
290 182
290 199
290 200
290 218
290 228
291 51
291 52
291 53
291 170
291 180
291 181
291 197
291 198
291 217
291 218
292 42
292 43
292 44
292 45
292 46
292 47
292 48
292 49
292 50
292 169
292 179
292 180
292 195
292 196
292 227
293 34
293 35
293 36
293 37
293 38
293 39
293 40
293 41
293 168
293 169
293 178
293 179
293 193
293 194
293 226
294 26
294 27
294 28
294 29
294 30
294 31
294 32
294 33
294 34
294 167
294 168
294 177
294 178
294 191
294 192
294 225
295 23
295 24
295 25
295 73
295 166
295 167
295 177
295 188
295 189
295 190
295 225
296 22
296 165
296 166
296 176
296 186
296 187
296 224
296 225
297 74
297 165
297 175
297 184
297 185
297 224
298 75
298 101
298 137
298 164
298 165
298 181
298 182
298 183
298 204
298 206
298 223
299 75
299 137
299 163
299 164
299 179
299 180
299 181
299 198
299 199
299 202
299 203
299 205
299 222
299 223
300 76
300 100
300 138
300 160
300 161
300 162
300 163
300 178
300 197
300 198
300 199
300 200
300 201
300 217
300 222
301 98
301 99
301 138
301 139
301 153
301 154
301 155
301 156
301 157
301 158
301 159
301 196
301 197
301 200
301 218
301 219
301 220
301 221
302 88
302 89
302 90
302 91
302 92
302 93
302 94
302 95
302 96
302 97
302 98
302 139
302 140
302 152
302 153
302 201
303 141
303 142
303 151
303 194
303 195
303 216
303 217
304 142
304 143
304 194
304 220
305 194
305 220
306 194
306 205
306 206
306 214
307 194
307 206
307 212
308 75
308 193
308 194
308 205
308 223
309 74
309 75
309 192
309 193
309 215
309 222
310 73
310 74
310 190
310 191
310 214
310 215
310 221
310 222
311 72
311 73
311 188
311 189
311 213
311 214
311 220
311 221
312 71
312 72
312 187
312 188
312 206
312 208
312 209
312 210
312 211
312 212
312 221
313 70
313 71
313 186
313 187
313 221
314 70
314 183
314 184
314 185
314 208
314 220
315 69
315 183
315 203
315 207
315 208
315 220
316 67
316 68
316 204
316 205
316 206
316 207
316 220
317 66
317 67
317 205
317 206
317 220
318 65
318 220
319 64
319 220
320 63
320 220
320 221
321 62
321 221
322 61
322 221
323 60
323 61
324 59
324 60
324 154
325 58
325 66
325 153
326 56
326 57
326 152
326 153
327 54
327 55
327 151
327 152
327 221
328 221
329 149
329 154
329 220
330 149
330 154
331 148
331 154
331 160
332 155
332 159
335 216
336 162
337 143
338 142
338 156
339 53
339 141
339 154
339 155
339 212
340 54
340 55
340 153
341 138
341 150
341 151
341 204
342 137
342 149
342 201
342 203
343 89
343 135
343 136
343 137
343 138
343 147
343 199
343 200
344 198
344 199
345 84
345 125
345 139
345 140
345 142
345 143
345 197
345 207
346 59
346 112
346 196
346 197
347 61
347 127
347 195
347 196
347 204
347 205
348 61
348 62
348 194
348 203
349 129
349 193
349 200
349 201
350 64
350 130
351 115
352 92
352 106
352 125
352 191
353 66
353 91
353 107
353 123
353 124
353 125
354 108
355 109
355 120
355 121
355 190
356 120
356 190
357 99
357 119
358 99
358 118
358 119
359 98
359 117
359 118
360 97
360 115
360 116
360 196
361 96
361 97
361 114
361 196
362 95
362 96
362 113
362 114
363 95
363 112
363 113
364 94
364 112
365 93
365 94
365 110
365 111
366 93
366 110
367 92
367 93
367 108
367 109
367 194
368 92
368 108
368 193
369 91
369 107
370 90
370 107
371 90
371 105
371 106
372 90
372 105
373 90
373 104
374 91
374 92
374 104
375 92
384 53
384 54
385 52
385 53
386 51
386 52
387 50
