8 136 85 143
24 223
28 152
28 153
29 151
30 150
31 149
31 150
32 148
32 149
33 147
33 148
33 226
34 226
35 145
35 226
36 226
37 227
38 228
39 228
40 229
41 229
41 230
42 230
42 231
42 247
42 248
42 249
43 232
43 246
43 247
44 217
44 218
44 246
45 220
45 221
45 246
46 190
46 191
46 192
46 193
46 222
46 223
47 223
47 224
47 225
47 226
47 227
47 228
47 235
47 236
48 202
48 204
48 212
48 213
48 214
48 215
48 216
48 228
48 229
48 230
48 234
48 237
48 238
48 239
48 240
48 241
48 242
49 200
49 201
49 202
49 231
49 232
49 233
50 195
50 196
50 197
50 198
50 199
50 233
50 248
51 188
51 189
51 190
51 191
51 192
51 193
51 194
52 187
52 239
52 240
52 242
52 245
53 185
54 185
54 245
55 245
56 151
56 183
56 246
57 159
57 169
57 176
57 177
57 181
57 246
58 143
58 144
58 145
58 146
58 147
58 148
58 149
58 150
58 151
58 160
58 161
58 168
58 169
58 174
58 175
58 179
58 180
58 181
59 142
59 156
59 161
59 173
59 179
60 155
60 156
60 172
60 178
60 256
61 154
61 155
61 162
61 177
61 257
62 163
62 164
62 165
62 166
62 169
62 170
62 171
62 175
62 176
63 160
63 161
63 167
63 168
63 174
63 175
63 176
64 156
64 157
64 158
64 159
64 160
65 155
65 156
66 154
67 153
73 247
75 247
85 247
86 247
87 247
88 248
