180 29 213 139
137 63
138 63
139 63
140 63
141 63
142 63
143 63
144 63
145 63
146 63
147 63
148 63
149 63
150 63
151 63
152 64
152 151
153 64
153 151
154 64
154 151
155 63
155 151
156 63
156 151
157 64
157 152
158 64
158 152
159 64
159 152
160 53
160 64
160 152
161 53
161 64
161 152
162 53
162 64
162 152
163 53
163 64
163 152
164 53
164 64
164 152
165 53
165 64
165 153
166 53
166 64
166 153
167 53
167 64
167 153
168 53
168 63
168 153
169 53
169 63
169 153
170 53
170 63
170 154
171 53
171 63
171 154
172 53
172 64
172 154
173 53
173 64
173 154
174 53
174 64
174 154
175 53
175 64
175 154
176 53
176 64
176 154
177 54
177 64
177 154
178 54
178 64
178 154
178 155
179 54
179 64
179 155
180 54
180 64
180 155
181 54
181 64
181 155
182 54
182 64
182 155
183 54
183 64
183 156
184 54
184 65
184 156
185 53
185 65
185 156
186 53
186 65
186 157
187 53
187 65
187 157
188 53
188 66
188 157
189 53
189 65
189 158
190 53
190 65
190 158
191 53
191 65
191 159
192 53
192 65
192 159
192 160
193 54
193 65
193 160
194 54
194 65
194 161
195 54
195 66
195 161
195 162
196 54
196 66
196 162
196 163
197 54
197 66
197 163
197 164
198 54
198 66
198 164
199 54
199 66
199 165
200 54
200 66
200 166
201 54
201 66
201 167
202 54
202 66
202 168
203 55
203 66
204 55
204 66
205 55
205 66
206 55
206 66
207 55
207 66
208 55
208 66
209 55
209 66
209 167
209 168
210 55
210 66
210 166
210 167
211 55
211 66
211 164
211 165
211 166
212 55
212 66
212 163
212 164
213 55
213 66
213 163
214 56
214 66
214 161
214 162
214 163
215 56
215 66
215 159
215 161
216 56
216 66
216 158
216 159
217 56
217 66
217 157
217 158
218 56
218 65
218 156
219 56
219 66
219 155
219 162
220 66
220 153
220 154
220 160
220 161
221 67
221 151
221 152
221 159
221 160
222 67
222 150
223 67
223 148
223 149
223 157
224 67
224 146
224 147
224 156
225 67
225 144
225 145
225 154
226 67
226 143
226 144
226 152
227 66
227 143
228 142
229 142
230 66
230 142
231 66
231 142
232 56
232 138
232 140
232 142
233 138
233 139
233 143
234 137
234 138
234 143
235 56
235 136
235 138
235 143
236 56
236 135
236 136
236 144
236 154
237 135
237 144
237 154
237 155
238 56
238 144
238 155
238 156
239 56
239 145
239 157
239 158
240 145
240 159
240 160
240 161
241 146
241 161
241 162
241 163
242 56
242 164
243 56
243 147
243 166
244 122
244 146
244 149
244 166
244 167
244 168
245 168
246 67
247 57
248 152
248 153
249 154
249 155
249 156
250 157
250 158
250 159
250 160
251 161
251 162
251 163
252 101
252 102
252 164
253 100
253 101
253 132
254 99
254 133
255 97
255 98
255 133
256 96
256 97
256 133
257 133
258 93
258 94
258 133
259 91
259 92
259 133
260 90
260 91
260 132
261 89
261 90
261 132
262 88
262 89
262 132
263 87
263 88
263 133
264 86
264 87
264 133
265 85
265 86
265 133
266 85
266 134
267 84
267 134
268 134
269 135
270 135
271 135
272 135
273 135
274 135
275 135
276 135
277 135
278 90
278 135
279 135
280 136
281 136
282 136
283 135
284 135
285 76
285 91
285 135
286 76
286 92
286 93
286 94
286 95
286 101
286 135
287 75
287 96
287 102
287 103
287 135
288 97
289 97
289 105
289 136
290 53
290 97
290 98
290 105
290 136
291 51
291 52
291 53
291 98
291 105
291 136
292 42
292 43
292 44
292 45
292 46
292 47
292 48
292 49
292 50
292 99
292 104
292 105
292 136
293 34
293 35
293 36
293 37
293 38
293 39
293 40
293 41
293 99
293 100
293 104
293 136
294 26
294 27
294 28
294 29
294 30
294 31
294 32
294 33
294 34
294 99
294 100
294 103
294 104
294 136
295 23
295 24
295 25
295 73
295 103
295 136
296 22
296 103
296 136
297 74
297 102
297 136
298 75
298 102
299 75
299 101
300 76
301 153
301 154
301 155
301 156
301 157
301 158
302 88
302 89
302 90
302 91
302 92
302 152
302 153
303 151
304 144
304 145
304 146
304 147
304 148
304 149
304 150
307 76
308 75
308 76
309 74
309 75
310 73
310 74
311 72
311 73
312 71
312 72
313 70
313 71
314 70
315 69
316 67
316 68
317 66
317 67
318 65
319 64
320 63
321 62
321 63
322 61
322 62
323 60
323 61
324 59
324 60
325 58
325 66
325 153
326 56
326 57
326 152
326 153
327 54
327 55
327 151
327 152
329 149
329 154
330 149
331 148
331 154
331 160
332 155
332 159
336 162
337 143
338 156
339 53
339 154
339 155
340 54
340 55
340 153
341 138
341 150
341 151
342 137
342 149
343 89
343 135
343 136
343 137
343 138
343 147
345 84
345 125
345 139
345 140
345 142
345 143
346 59
346 112
347 61
347 127
348 61
348 62
349 129
350 64
350 130
351 115
352 106
352 125
353 66
353 91
353 107
353 123
353 124
353 125
354 108
355 109
355 120
355 121
356 120
357 99
357 119
358 99
358 118
358 119
359 98
359 117
359 118
360 97
360 115
360 116
361 96
361 97
361 114
362 95
362 113
362 114
363 95
363 112
363 113
364 94
365 110
365 111
366 93
366 110
367 92
367 93
369 91
369 107
370 90
371 90
372 90
373 90
374 91
374 92
375 92
384 53
384 54
385 52
385 53
386 51
386 52
387 50
407 39
409 37
410 37
411 37
412 36
413 35
414 35
416 32
417 31
418 30
