264 39 66 69
232 56
233 56
234 56
235 56
236 56
237 56
238 56
239 56
240 56
241 57
242 56
243 56
244 57
245 57
246 57
247 57
248 57
249 57
250 57
251 57
252 57
253 57
254 57
255 57
256 57
257 57
258 57
259 58
260 58
265 85
265 86
266 85
267 84
268 84
269 83
270 83
271 82
272 82
273 81
274 81
275 80
276 80
277 79
278 79
278 88
278 90
279 79
280 78
281 78
281 87
282 78
282 87
282 88
283 77
283 88
284 77
284 89
285 76
285 77
285 89
285 90
286 76
286 88
286 89
286 101
287 75
287 88
287 102
287 103
288 74
288 88
288 96
288 97
289 74
289 88
289 97
290 53
290 73
290 87
290 97
290 98
290 105
291 51
291 52
291 53
291 73
291 87
291 98
291 105
292 42
292 43
292 44
292 45
292 46
292 47
292 48
292 49
292 50
292 73
292 87
292 99
292 104
292 105
293 34
293 35
293 36
293 37
293 38
293 39
293 40
293 41
293 72
293 87
293 99
293 100
293 104
294 26
294 27
294 28
294 29
294 30
294 31
294 32
294 33
294 34
294 73
294 86
294 99
294 100
294 103
294 104
295 23
295 24
295 25
295 86
295 103
296 22
296 74
296 86
296 103
297 87
297 102
298 75
298 87
298 102
299 75
299 76
299 87
299 101
300 76
300 87
301 76
301 86
301 87
301 88
301 98
302 77
302 90
302 91
302 92
302 93
302 94
302 95
302 96
302 97
302 98
303 77
304 77
305 77
306 77
307 76
308 76
315 69
319 64
320 63
321 62
321 63
322 61
322 62
323 60
323 61
324 59
324 60
325 58
326 56
326 57
327 54
327 55
