212 177 161 63
206 174
207 174
208 174
209 174
210 174
211 174
211 175
213 177
214 177
214 178
215 179
215 180
216 180
217 182
217 204
217 205
217 206
217 207
217 208
218 183
218 184
218 193
218 194
218 203
218 206
218 209
218 225
218 226
218 227
219 185
219 191
219 192
219 195
219 196
219 210
220 186
220 190
220 197
220 198
220 199
220 200
220 201
220 202
220 211
220 213
220 214
220 215
220 216
220 217
220 218
220 219
220 220
220 232
220 233
221 186
221 212
221 230
221 231
222 229
223 227
224 223
224 226
225 188
225 221
225 222
226 219
226 220
227 217
228 215
228 216
229 190
229 214
229 215
230 190
230 213
230 214
231 190
231 212
231 213
232 191
232 210
233 191
233 209
234 191
234 208
235 191
235 207
236 191
236 206
237 186
237 187
237 205
237 206
238 187
238 204
239 185
239 186
239 191
240 185
240 191
241 184
241 185
241 202
242 184
242 190
242 202
243 182
243 190
243 201
243 202
244 179
244 180
244 191
244 201
245 178
245 192
245 201
246 169
246 176
246 192
246 193
246 200
247 170
247 171
247 192
247 200
248 172
248 186
248 187
248 192
248 201
249 187
249 188
249 191
249 192
249 202
250 187
250 191
250 202
251 191
251 202
252 190
252 201
253 190
253 201
254 190
254 201
255 190
255 197
255 201
256 190
256 197
256 201
257 189
257 196
257 201
258 174
258 189
258 201
259 175
259 176
259 177
259 178
259 189
259 196
259 201
260 179
260 189
260 201
260 231
261 179
261 189
261 195
261 200
261 230
262 189
262 194
262 195
262 200
262 229
263 180
263 181
263 188
263 194
263 199
263 229
264 181
264 193
264 198
265 182
265 183
265 193
266 183
266 188
266 198
267 184
267 188
268 184
268 185
268 188
268 198
269 185
269 188
270 185
270 186
270 188
271 188
271 195
272 185
272 189
273 184
273 185
273 189
273 190
273 238
274 184
274 191
274 236
274 237
275 183
275 184
275 192
275 234
275 235
276 183
276 192
276 221
276 234
277 182
277 183
277 191
278 182
278 191
278 220
279 181
279 182
279 190
279 220
279 234
279 235
279 236
279 237
279 239
280 181
280 189
280 216
280 217
280 218
280 234
280 238
280 239
281 189
281 214
281 215
281 234
282 179
282 180
282 189
282 213
282 214
282 228
282 234
283 179
283 188
283 189
283 225
283 226
283 228
283 233
283 234
284 187
284 211
284 212
284 225
284 226
284 227
284 232
284 233
285 186
285 187
285 210
285 211
285 231
286 186
286 206
286 207
286 208
286 209
287 205
287 219
287 220
287 221
287 222
287 223
288 202
288 219
289 201
289 218
289 219
290 199
290 200
290 218
290 228
291 197
291 198
291 217
291 218
292 195
292 196
292 227
293 193
293 194
293 226
294 191
294 192
294 225
295 188
295 189
295 190
295 225
296 186
296 187
296 224
296 225
297 184
297 185
297 224
298 174
298 175
298 181
298 182
298 183
298 223
299 173
299 174
299 179
299 180
299 181
299 222
299 223
300 172
300 173
300 178
300 221
301 172
301 196
301 219
301 221
302 171
303 170
303 171
303 194
303 195
303 216
303 217
305 220
306 214
307 205
307 212
308 205
308 223
309 205
309 222
310 204
310 221
310 222
311 188
311 189
311 204
311 220
311 221
312 205
312 206
312 221
313 221
314 183
314 184
314 185
314 220
315 182
315 183
315 203
315 207
315 208
315 220
316 180
316 181
316 182
316 204
316 220
317 180
317 220
318 220
319 179
319 220
320 172
320 173
320 178
320 220
320 221
321 174
321 176
321 178
321 221
322 221
327 221
328 221
329 220
330 219
331 219
335 216
339 212
341 204
342 201
342 203
343 199
343 200
344 198
344 199
345 197
345 207
346 196
346 197
347 195
347 196
347 204
347 205
348 194
348 195
348 202
348 203
349 193
349 194
349 200
349 201
350 192
350 193
350 200
351 192
351 199
351 200
352 191
353 191
354 190
355 190
356 190
357 190
358 191
360 196
361 195
361 196
362 194
363 193
364 192
365 192
366 194
367 193
367 194
368 191
368 192
368 193
368 194
369 191
