248 0 239 142
232 56
233 56
234 56
235 56
236 56
237 56
238 56
239 56
240 56
241 57
242 56
243 56
244 57
245 57
246 57
247 57
248 57
249 57
250 57
251 57
252 57
253 57
253 132
254 57
254 133
255 57
255 133
256 57
256 133
257 57
257 133
258 57
258 133
259 58
259 133
260 58
260 132
261 58
261 132
262 58
262 132
263 58
263 87
263 133
264 58
264 133
265 57
265 85
265 86
265 133
266 57
266 85
266 134
267 57
267 84
267 134
268 57
268 84
268 134
269 56
269 83
269 135
270 56
270 83
270 135
271 56
271 82
271 135
272 82
272 135
273 81
273 135
274 81
274 135
275 80
275 135
276 80
276 135
277 79
277 135
278 79
278 88
278 90
278 135
279 79
279 135
280 78
280 136
281 78
281 87
281 136
282 78
282 87
282 88
282 136
283 77
283 88
283 135
284 77
284 89
284 135
285 53
285 76
285 77
285 89
285 90
285 135
286 53
286 76
286 88
286 89
286 135
287 53
287 75
287 88
287 135
288 14
288 54
288 74
288 88
288 96
289 54
289 74
289 88
289 136
290 73
290 87
290 98
290 105
290 136
291 73
291 87
291 98
291 105
291 136
292 42
292 48
292 49
292 50
292 73
292 87
292 99
292 104
292 105
292 136
293 72
293 87
293 99
293 100
293 104
293 136
294 26
294 73
294 86
294 99
294 100
294 103
294 104
294 136
295 86
295 103
295 136
296 22
296 74
296 86
296 103
296 136
297 87
297 102
297 136
298 87
298 101
298 102
299 76
299 87
299 101
300 87
300 100
301 76
301 86
301 87
301 88
301 98
301 99
302 77
302 93
302 94
302 95
302 96
302 97
302 98
303 77
304 77
305 77
306 77
308 75
309 74
309 75
310 73
310 74
311 72
311 73
312 71
312 72
313 70
313 71
314 70
316 67
316 68
317 66
317 67
318 65
326 66
327 66
328 67
329 67
330 68
331 68
332 68
333 68
334 68
335 69
336 69
337 52
337 70
338 53
338 70
339 53
339 70
340 54
340 55
340 64
340 65
341 55
341 56
341 63
341 72
341 138
342 56
342 57
342 63
342 72
342 91
342 137
343 63
343 73
343 88
343 89
343 90
343 91
343 92
343 120
343 121
343 122
343 123
343 135
343 136
343 137
343 138
344 69
344 74
344 85
344 86
344 87
344 91
344 117
344 118
344 119
344 124
344 127
344 128
344 129
344 130
344 131
344 132
344 133
344 134
345 59
345 65
345 66
345 67
345 68
345 75
345 81
345 82
345 83
345 84
345 91
345 92
345 113
345 114
345 115
345 116
345 125
346 59
346 76
346 77
346 78
346 79
346 80
346 92
346 110
346 111
346 126
347 60
347 61
347 106
347 107
347 108
347 109
347 127
348 61
348 62
348 102
348 103
348 104
348 105
348 128
349 63
349 78
349 79
349 80
349 97
349 98
349 99
349 100
349 101
349 102
349 129
350 75
350 76
350 77
350 78
350 95
350 96
350 114
350 130
351 64
351 65
351 71
351 72
351 73
351 74
351 75
351 93
351 94
351 115
352 65
352 70
352 91
352 92
352 116
353 65
353 90
353 91
353 125
354 67
354 88
354 89
354 122
355 68
355 69
355 84
355 85
355 86
355 87
355 109
355 120
355 121
356 70
356 71
356 72
356 73
356 74
356 75
356 76
356 77
356 78
356 79
356 80
356 81
356 82
356 83
356 120
357 119
358 118
358 119
359 117
359 118
360 115
360 116
362 113
362 114
364 111
366 109
370 106
374 103
375 103
376 93
376 102
377 102
378 101
379 100
379 101
384 53
384 54
385 52
385 53
386 51
386 52
387 50
407 39
409 37
410 37
411 37
412 36
413 35
414 35
416 32
416 55
417 31
418 30
418 50
418 57
419 50
420 59
421 49
422 49
423 48
424 48
424 51
425 48
425 51
426 47
426 51
426 65
426 66
426 67
427 47
427 67
428 24
428 25
428 46
428 47
428 50
428 64
428 68
429 23
429 47
429 50
429 64
429 69
430 21
430 22
430 46
430 50
430 71
431 21
431 30
431 38
431 50
432 20
433 19
433 20
433 37
433 62
434 18
434 19
434 62
434 66
435 17
435 61
435 65
435 80
436 16
436 17
436 61
436 65
437 15
437 16
437 61
437 64
437 71
437 83
438 14
438 15
438 60
438 64
438 71
438 84
439 13
439 14
439 60
439 64
439 85
440 12
440 13
440 59
440 64
440 70
440 87
440 88
441 11
441 12
441 58
441 70
441 75
441 88
441 89
442 10
442 11
442 42
442 58
442 70
442 90
443 9
443 10
443 58
443 62
443 69
444 8
444 9
444 50
444 51
444 57
444 62
444 69
444 74
445 8
445 44
445 52
445 57
445 61
445 68
445 69
445 93
445 94
446 46
446 56
446 57
446 61
446 68
446 73
446 92
447 56
447 60
447 67
447 92
447 96
448 55
448 56
448 67
448 72
449 55
449 66
449 72
449 91
450 49
450 50
450 51
450 55
450 66
450 71
450 90
451 52
451 65
451 90
452 52
452 53
452 65
452 70
452 89
452 103
452 110
453 53
453 70
453 88
453 89
453 102
453 110
454 54
454 64
454 69
454 88
454 102
454 109
454 110
455 64
455 69
455 87
455 88
455 109
455 110
456 63
456 68
456 87
456 92
456 108
457 63
457 68
457 87
457 92
457 108
458 62
458 68
458 86
458 91
458 92
458 108
459 62
459 68
459 86
459 91
460 62
460 67
460 85
460 86
460 91
461 85
461 90
462 62
462 64
462 85
462 90
463 84
463 89
463 94
463 116
464 66
464 84
464 89
464 94
464 111
464 116
465 84
465 88
465 89
465 94
465 111
465 116
466 83
466 93
467 68
467 83
467 88
467 93
467 110
468 83
468 88
468 110
469 71
469 83
469 87
469 109
470 82
470 87
470 109
471 82
471 109
471 114
472 75
472 108
472 114
473 82
473 108
473 114
474 108
474 113
475 108
475 113
476 86
476 107
476 113
477 85
477 89
477 101
477 107
477 113
478 89
478 101
478 102
478 107
478 112
479 90
479 91
479 101
479 102
479 112
480 91
480 102
480 112
481 100
481 112
483 106
483 112
484 111
485 108
487 142
