41 142 183 145
33 226
34 226
35 226
36 226
37 227
38 228
39 228
40 229
41 229
41 230
42 230
42 231
42 247
42 248
42 249
43 232
43 246
43 247
44 217
44 218
44 246
45 246
46 190
46 191
46 192
46 193
47 235
47 236
48 202
48 204
48 230
48 234
48 237
48 238
48 239
48 240
48 241
48 242
48 243
49 233
50 195
50 198
50 248
51 188
52 187
52 239
52 240
52 242
52 243
52 244
52 245
53 185
54 150
54 185
54 245
55 151
55 245
56 151
56 158
56 183
56 246
57 150
57 159
57 160
57 169
57 176
57 177
57 246
58 143
58 144
58 145
58 146
58 147
58 148
58 149
58 150
58 151
58 160
58 161
58 168
58 169
58 174
58 175
58 179
58 180
58 181
59 142
59 156
59 161
59 173
59 179
60 155
60 156
60 172
60 178
60 256
61 154
61 162
61 177
61 257
62 163
62 164
62 165
62 166
62 169
62 170
62 171
62 175
62 176
63 160
63 161
63 167
63 168
63 174
63 175
64 156
64 157
64 158
64 160
65 155
65 156
75 247
87 253
89 257
89 258
107 153
109 229
109 231
110 218
110 219
110 220
110 221
110 222
110 223
110 224
110 225
110 226
110 227
111 178
111 179
111 213
111 215
111 217
112 179
112 180
112 181
112 211
112 212
114 157
114 158
114 159
114 160
114 161
114 162
114 163
114 164
114 165
114 166
114 167
114 168
114 169
114 170
114 182
115 155
115 156
115 157
115 183
116 184
116 185
117 185
117 186
117 235
117 236
118 186
118 228
118 229
118 230
118 231
118 232
118 233
118 234
118 237
119 187
119 205
119 220
119 221
119 222
119 223
119 224
119 225
119 226
119 227
120 171
120 172
120 173
120 175
120 176
120 177
120 187
120 205
120 206
120 217
120 218
120 219
121 165
121 166
121 167
121 168
121 169
121 170
121 175
121 177
121 179
121 188
121 207
121 208
121 209
121 215
121 216
121 217
122 180
122 181
122 183
122 188
122 209
122 213
122 214
122 215
124 163
124 174
124 189
125 161
125 162
125 163
125 174
125 183
125 189
126 161
126 162
126 174
126 175
126 184
127 161
127 162
127 172
127 183
127 189
128 162
128 170
128 171
128 183
129 162
129 164
129 165
129 168
129 169
130 166
130 167
130 183
131 161
131 162
131 163
131 188
132 182
132 188
133 188
135 181
136 181
136 187
137 181
137 187
138 187
139 186
139 209
140 210
141 180
141 211
142 185
142 212
143 180
143 213
144 180
144 213
145 213
146 184
146 213
147 213
148 183
148 213
149 212
150 212
151 175
152 287
153 183
153 281
153 285
153 286
154 183
154 282
154 283
154 284
155 184
155 185
156 226
157 227
157 228
158 229
159 221
159 229
160 178
161 177
162 177
162 226
163 175
163 176
163 193
164 173
164 174
164 175
164 226
164 227
165 172
165 173
165 226
166 171
166 225
166 226
167 221
167 222
167 223
167 224
168 219
169 203
169 204
169 205
169 210
169 211
169 214
169 215
169 216
170 196
170 197
170 198
170 199
170 200
170 201
170 202
170 206
170 207
170 208
170 209
171 194
171 195
171 222
171 223
172 219
172 220
172 221
173 181
173 182
173 183
173 184
173 185
173 186
173 187
173 188
173 189
173 190
173 216
173 217
173 218
174 175
174 176
174 177
174 178
174 179
174 180
174 213
174 214
174 215
174 216
175 172
175 174
175 206
175 207
175 208
175 209
175 210
175 211
178 190
183 205
184 205
185 205
186 205
187 206
188 206
189 206
190 206
191 207
191 236
191 272
192 207
192 235
192 236
192 271
193 207
193 234
193 235
194 207
194 232
194 233
194 234
195 208
195 232
196 207
196 231
196 232
196 267
196 268
197 207
197 231
197 266
197 267
198 230
198 231
198 265
198 266
199 229
199 230
199 264
199 265
200 228
200 263
200 264
201 229
201 262
201 263
202 229
202 261
202 262
203 168
203 260
203 261
204 229
204 258
204 259
205 226
205 229
205 230
205 231
205 232
205 257
205 258
206 226
206 257
207 226
207 254
207 255
208 252
208 253
209 167
209 168
209 169
209 252
210 166
210 167
210 172
210 250
210 251
210 257
210 258
211 164
211 165
211 166
211 248
211 249
211 257
211 260
212 163
212 164
212 176
212 247
213 163
213 170
213 245
214 161
214 162
214 163
214 169
214 243
215 159
215 160
215 161
215 167
215 168
215 240
215 241
215 242
216 158
216 159
216 165
216 166
216 181
216 239
217 157
217 158
217 183
217 237
218 156
219 155
219 162
219 163
219 184
219 221
219 222
219 223
219 224
220 153
220 154
220 160
220 161
220 189
220 190
220 234
221 151
221 159
221 160
221 232
222 150
222 158
222 230
223 149
223 157
223 228
223 242
224 146
224 147
224 155
224 156
224 224
224 225
224 240
224 241
225 144
225 145
225 223
225 233
225 234
225 235
225 239
226 144
226 230
226 231
226 232
226 236
226 238
227 218
227 237
227 238
228 238
232 255
233 254
233 255
234 253
234 254
235 252
235 253
236 252
237 251
238 250
238 251
239 250
240 249
241 248
242 247
