338 52 145 65
326 66
327 66
328 67
329 52
329 67
330 52
330 68
331 68
332 68
333 68
334 68
335 69
336 69
337 52
337 70
338 53
338 70
339 53
339 70
340 54
340 55
340 64
340 65
341 55
341 56
341 63
341 72
342 56
342 57
342 63
342 72
342 91
343 58
343 63
343 73
343 88
343 90
343 91
343 92
344 58
344 59
344 69
344 74
344 85
344 86
344 87
344 91
345 59
345 65
345 66
345 67
345 68
345 75
345 81
345 82
345 83
345 91
345 92
346 76
346 77
346 78
346 79
346 80
346 92
347 60
349 63
349 78
349 79
349 80
350 75
350 76
350 77
350 78
350 114
351 64
351 65
351 71
351 72
351 73
351 74
351 75
351 93
351 94
352 65
352 70
352 91
352 92
352 106
352 116
353 65
353 90
353 107
354 64
354 67
354 88
354 89
355 64
355 68
355 69
355 84
355 85
355 86
355 87
356 63
356 70
356 71
356 72
356 73
356 74
356 75
356 76
356 77
356 78
356 79
356 80
356 81
356 82
356 83
357 63
357 99
358 99
359 98
360 97
361 96
361 97
362 95
362 96
363 95
364 94
364 111
364 112
365 93
365 94
366 93
366 109
367 92
367 93
367 108
367 109
368 92
368 108
369 91
370 90
370 106
370 107
371 90
371 105
371 106
372 90
372 105
373 90
373 104
374 91
374 92
374 103
374 104
375 92
375 103
376 93
376 102
377 94
377 95
377 102
378 96
378 101
379 97
379 98
379 100
379 101
380 99
420 59
435 80
437 83
438 64
438 84
439 85
440 64
440 87
440 88
441 64
441 75
441 88
441 89
442 90
444 74
445 61
445 93
445 94
446 73
446 92
447 92
447 96
448 72
449 72
449 91
450 71
450 90
451 90
452 70
452 89
452 103
452 110
453 70
453 88
453 89
453 102
453 110
454 69
454 88
454 102
454 109
454 110
455 69
455 87
455 88
455 109
455 110
456 68
456 87
456 92
456 108
457 68
457 87
457 92
457 108
458 60
458 68
458 86
458 91
458 92
458 108
459 68
459 86
459 91
460 67
460 85
460 86
460 91
461 85
461 90
462 64
462 85
462 90
463 84
463 89
463 94
463 116
464 66
464 84
464 89
464 94
464 116
465 84
465 88
465 89
465 94
465 116
466 83
466 93
467 68
467 83
467 88
467 93
468 83
468 88
468 110
469 71
469 83
469 87
470 82
470 87
471 82
471 109
471 114
472 75
472 108
472 114
473 82
473 108
473 114
474 108
475 108
476 86
476 107
477 85
477 89
477 101
477 107
478 89
478 101
478 102
478 107
478 112
479 90
479 91
479 101
479 102
479 112
480 91
480 102
480 112
481 100
481 112
