16 200 51 80
24 223
38 228
39 228
40 229
41 229
41 230
42 230
42 231
42 247
42 248
42 249
43 232
43 246
43 247
44 216
44 217
44 218
45 218
45 219
45 220
45 221
46 207
46 208
46 222
46 223
47 208
47 209
47 210
47 223
47 224
47 225
47 226
47 227
47 228
48 202
48 203
48 204
48 205
48 211
48 212
48 213
48 214
48 215
48 216
48 228
48 229
48 248
48 249
49 200
49 201
49 202
49 231
49 232
49 249
49 250
50 195
50 196
50 197
50 198
50 199
50 233
50 248
50 250
51 191
51 192
51 193
51 194
52 241
52 242
52 243
52 244
52 245
54 245
55 245
56 246
57 246
58 247
58 254
60 248
61 248
62 248
63 247
64 247
64 249
65 249
66 250
