180 165 42 105
181 205
182 205
185 205
186 205
187 206
189 206
190 206
192 207
193 207
194 207
195 208
196 268
197 207
197 266
197 267
198 265
198 266
199 264
199 265
200 263
200 264
201 262
201 263
202 261
202 262
203 168
203 229
203 260
203 261
204 175
204 258
204 259
205 232
205 257
205 258
206 255
206 256
206 257
207 254
207 255
208 252
208 253
209 251
209 252
210 172
210 249
210 250
210 251
210 257
210 258
211 248
211 249
211 257
211 260
212 163
212 176
212 246
212 247
213 245
214 161
214 169
214 243
215 159
215 160
215 161
215 167
215 240
215 241
215 242
216 165
216 166
216 181
216 239
217 183
217 237
219 155
219 184
219 221
219 222
219 223
219 224
220 153
220 154
220 189
220 234
221 151
221 152
221 232
222 230
223 228
224 224
224 225
225 223
227 218
