326 81 162 88
322 162
323 162
323 163
328 150
329 150
330 154
331 160
331 167
332 147
332 148
332 154
332 156
332 157
332 158
332 166
333 146
333 147
333 165
333 166
334 145
334 146
334 164
335 144
335 145
335 162
335 163
336 143
336 144
336 160
336 161
336 162
337 142
337 157
337 158
337 159
337 160
338 142
338 156
338 157
339 141
339 154
339 155
340 152
340 153
340 154
341 152
342 91
342 148
342 150
343 88
343 90
343 91
343 92
343 120
343 121
343 122
343 123
343 148
344 85
344 86
344 87
344 91
344 117
344 118
344 119
344 124
344 127
344 128
344 129
344 130
344 131
344 132
344 133
344 134
344 144
344 145
344 146
345 81
345 82
345 83
345 91
345 92
345 113
345 114
345 115
345 116
345 141
345 144
346 76
346 77
346 78
346 79
346 80
346 92
346 110
346 111
346 126
347 106
347 107
347 108
347 109
348 102
348 103
348 104
348 105
348 128
349 97
349 98
349 99
349 100
349 101
349 102
350 95
350 96
350 114
351 93
351 94
352 91
352 92
352 106
352 116
352 125
353 90
353 107
353 123
353 124
354 67
354 88
354 89
354 108
354 122
355 68
355 69
355 84
355 85
355 86
355 87
356 70
356 71
356 72
356 73
356 74
356 75
356 76
356 77
356 78
356 79
356 80
356 81
356 82
356 83
357 99
358 99
359 98
360 97
361 96
361 97
361 114
362 95
362 96
363 95
363 112
363 113
364 94
364 111
364 112
365 93
365 94
365 110
365 111
366 93
366 109
366 110
367 92
367 93
367 108
367 109
368 92
368 108
369 91
369 107
370 90
370 106
370 107
371 90
371 105
371 106
372 90
372 105
373 90
373 104
374 91
374 92
374 103
374 104
375 92
375 103
376 93
376 102
377 94
377 95
377 102
378 96
378 101
379 97
379 98
379 100
379 101
380 99
435 80
437 83
438 84
439 85
440 87
440 88
441 88
441 89
442 90
446 93
452 89
453 88
453 89
453 102
453 110
454 88
454 109
454 110
455 88
455 109
455 110
456 92
456 108
456 112
457 108
458 108
462 111
463 89
463 111
463 116
464 111
464 116
465 88
465 111
465 116
466 115
466 148
467 110
467 115
467 148
467 149
468 110
468 115
468 148
469 109
469 115
469 148
470 109
470 115
470 148
471 109
471 114
471 148
472 82
472 108
472 114
472 147
473 108
473 114
473 147
474 82
474 108
474 113
475 108
475 113
475 146
476 107
476 113
476 146
477 85
477 101
477 107
477 113
477 146
478 89
478 101
478 102
478 107
478 112
478 145
478 150
479 90
479 91
479 101
479 102
479 112
479 145
479 149
480 91
480 102
480 112
480 144
480 149
481 100
481 112
481 144
481 148
482 143
483 106
483 112
483 143
484 111
484 142
485 108
485 142
486 142
487 142
