340 58 68 43
340 64
340 65
341 56
341 63
341 72
342 56
342 57
342 63
342 72
342 91
343 63
343 73
343 88
343 90
343 91
343 92
344 69
344 74
344 85
344 86
344 87
344 91
345 59
345 65
345 66
345 67
345 68
345 75
345 81
345 82
345 83
345 91
345 92
346 59
346 76
346 77
346 78
346 79
346 80
346 92
347 60
347 61
348 61
348 62
349 63
349 78
349 79
349 80
350 64
350 75
350 76
350 77
350 78
351 64
351 65
351 71
351 72
351 73
351 74
351 75
351 93
351 94
352 70
352 91
352 92
353 65
353 66
353 90
353 91
354 67
354 88
354 89
355 68
355 69
355 84
355 85
355 86
355 87
356 70
356 71
356 72
356 73
356 74
356 75
356 76
356 77
356 78
356 79
356 80
356 81
356 82
356 83
362 96
365 93
365 94
368 92
376 93
377 94
377 95
378 96
379 97
385 53
386 51
386 52
387 50
