427 0 72 67
422 44
423 44
424 44
425 44
426 44
427 44
428 28
428 50
428 64
429 29
429 50
429 64
430 29
430 50
431 38
431 50
432 30
432 31
432 38
433 31
433 32
433 37
433 62
434 32
434 33
434 62
434 66
435 34
435 61
435 65
436 34
436 35
436 41
436 61
436 65
437 35
437 36
437 41
437 61
437 64
438 36
438 37
438 38
438 60
438 64
439 38
439 39
439 40
439 60
439 64
440 40
440 41
440 59
440 64
441 41
441 58
441 64
442 41
442 58
443 43
443 49
443 50
443 58
443 62
444 43
444 44
444 50
444 51
444 57
444 62
445 44
445 45
445 52
445 57
445 61
446 45
446 46
446 56
446 57
446 61
447 47
447 56
447 60
448 47
448 48
448 55
448 56
449 48
449 49
449 55
450 49
450 51
450 55
451 52
452 52
452 53
453 53
453 54
454 54
454 64
455 55
455 64
456 55
456 56
456 57
456 63
457 57
457 58
457 63
458 58
458 59
492 22
493 22
493 23
494 23
495 24
