58 15 54 108
57 9
57 10
57 11
57 12
57 13
57 14
57 18
58 15
58 16
58 17
58 19
59 16
59 19
60 20
60 30
60 34
61 22
61 26
61 27
62 21
63 19
63 20
64 6
64 7
64 8
64 9
64 10
64 11
64 12
64 13
64 14
64 15
64 16
64 17
64 18
82 104
83 102
83 103
83 105
84 99
84 100
84 101
85 98
86 97
86 98
87 97
88 97
89 97
90 97
91 97
92 97
93 97
94 97
95 97
96 97
97 97
98 97
99 97
100 98
101 98
102 98
103 97
104 53
104 97
105 53
105 97
106 53
106 97
107 53
107 98
108 52
109 51
109 64
109 65
109 80
109 88
109 98
109 99
109 100
109 101
109 102
109 103
109 104
109 105
109 107
109 108
109 112
109 113
109 114
109 115
109 116
109 117
109 118
110 51
110 62
110 63
110 66
110 69
110 93
110 94
110 95
110 96
110 97
110 98
110 106
110 109
110 110
110 111
110 119
111 60
111 61
111 62
111 120
