120 256 70 96
89 257
89 258
90 258
91 258
92 259
93 259
94 259
95 259
96 259
97 260
98 260
99 261
100 261
101 261
102 261
103 261
104 261
105 261
106 261
107 262
108 262
109 262
109 287
110 262
110 287
111 262
111 287
112 262
112 288
113 262
113 288
114 262
114 288
115 262
115 289
116 262
116 289
117 262
117 288
118 262
118 288
119 262
119 288
120 263
120 288
121 263
121 272
121 288
122 263
122 264
122 272
122 273
122 288
123 264
123 265
123 273
123 288
124 265
124 273
124 288
125 266
125 267
125 273
125 288
126 267
126 268
126 272
126 288
127 269
127 272
127 288
128 269
128 273
128 288
129 273
129 288
130 273
130 274
130 288
131 274
131 288
132 274
132 288
133 274
133 288
134 275
134 288
135 275
135 276
135 288
136 276
136 289
137 276
137 289
138 276
138 289
139 276
139 289
140 276
140 288
141 276
141 288
142 276
142 288
143 276
143 289
144 276
144 289
145 277
145 289
146 277
146 289
147 277
147 289
148 277
148 289
149 277
149 289
150 277
150 288
151 278
151 288
152 279
152 287
153 279
153 280
153 281
153 285
153 286
154 278
154 282
154 283
154 284
155 278
156 278
157 278
158 278
159 278
160 278
161 278
162 278
163 278
164 278
165 278
166 278
167 278
168 278
169 278
169 285
169 286
169 287
170 278
170 288
170 289
171 278
171 293
171 294
171 295
172 278
173 277
173 278
173 280
173 281
173 299
174 277
174 281
174 299
174 300
174 301
174 302
175 276
175 282
175 303
175 304
176 276
176 282
176 304
176 305
176 306
177 276
177 282
177 307
177 308
178 276
178 282
178 309
178 310
179 276
179 282
179 311
179 312
179 313
180 276
180 283
180 314
180 315
180 316
180 317
181 275
181 283
181 318
181 319
181 320
181 321
181 322
181 323
181 324
181 325
181 326
182 275
182 283
182 326
182 327
182 328
182 329
182 330
182 331
183 275
183 283
183 332
183 333
183 334
183 335
183 336
184 275
184 283
184 337
184 338
185 274
185 283
185 338
185 339
186 274
186 283
186 339
186 340
186 341
186 342
187 273
187 282
187 343
187 344
187 345
188 273
188 282
188 345
188 346
188 349
189 272
189 282
189 347
190 272
190 281
191 271
191 272
191 281
192 270
192 271
192 281
193 270
193 280
194 269
194 280
195 268
195 280
196 267
196 279
197 279
198 278
199 278
200 277
201 276
202 275
202 276
203 275
204 274
205 274
206 273
207 272
207 273
208 272
209 271
210 271
211 270
212 269
213 268
213 269
214 267
216 266
217 265
217 266
218 265
219 264
220 263
221 263
222 262
223 261
223 262
224 261
225 260
226 259
226 260
227 258
227 259
228 258
229 257
230 256
230 257
231 256
232 255
233 254
233 255
234 253
234 254
235 252
235 253
236 252
237 251
238 250
238 251
239 250
240 249
241 248
242 247
