211 273 32 79
212 332
212 333
212 334
212 335
212 336
212 337
212 338
212 339
212 340
213 329
213 330
213 331
213 341
213 342
213 343
213 344
213 345
213 346
213 347
213 348
214 327
215 323
216 321
216 322
216 334
216 335
216 336
216 337
216 338
216 343
216 344
216 345
217 319
217 320
217 330
217 332
217 333
217 339
217 340
217 341
217 346
217 347
217 348
220 324
221 321
222 314
224 312
225 311
225 319
226 310
226 317
226 318
227 316
228 315
229 311
229 312
229 313
229 314
233 297
233 304
233 305
233 307
234 304
235 295
235 303
236 303
237 293
