246 62 126 79
253 132
254 133
255 133
256 133
257 133
258 133
259 133
260 132
261 132
262 132
263 87
263 133
264 133
265 85
265 86
265 133
266 85
266 134
267 84
267 134
268 134
269 135
270 135
271 135
272 135
273 135
274 135
275 135
276 135
277 135
278 90
278 135
279 135
280 136
281 136
282 136
283 135
284 135
285 76
285 135
286 76
286 135
287 75
287 135
288 96
289 136
290 98
290 105
290 136
291 98
291 105
291 136
292 99
292 104
292 105
292 136
293 72
293 99
293 100
293 104
293 136
294 73
294 99
294 100
294 103
294 104
294 136
295 73
295 103
295 136
296 74
296 136
297 74
297 136
298 75
298 101
299 75
300 76
300 100
301 98
301 99
302 88
302 89
302 93
302 94
302 95
302 96
302 97
302 98
308 75
309 74
309 75
310 73
310 74
311 72
311 73
312 71
312 72
313 70
313 71
314 70
315 69
316 67
316 68
317 66
317 67
318 65
319 64
320 63
321 62
322 61
323 60
323 61
324 59
324 60
325 58
325 66
326 56
326 57
327 54
327 55
341 138
342 137
343 89
343 135
343 136
343 137
343 138
345 84
345 125
346 59
346 112
347 61
347 127
348 61
348 62
349 129
350 64
350 130
351 115
352 106
353 66
353 91
353 107
353 125
354 108
355 109
355 120
355 121
356 120
357 99
357 119
358 99
358 118
358 119
359 98
359 117
359 118
360 97
360 115
360 116
361 96
361 97
361 114
362 95
362 113
362 114
363 95
363 112
363 113
364 94
365 110
365 111
366 93
366 110
367 92
367 93
369 91
369 107
370 90
371 90
384 53
384 54
385 52
385 53
386 51
386 52
387 50
