205 288 61 64
212 332
212 333
212 334
212 335
212 336
212 337
212 338
212 339
212 340
213 329
213 330
213 331
213 341
213 342
213 343
213 344
213 345
213 346
213 347
213 348
214 327
215 323
216 321
216 322
216 334
216 335
216 336
216 337
216 338
216 343
216 344
217 319
217 320
217 330
217 332
217 333
217 339
217 340
217 341
217 347
217 348
219 326
220 324
221 321
221 322
222 314
223 320
224 312
224 319
225 311
225 319
226 310
226 317
226 318
227 316
228 315
229 309
229 310
229 313
230 308
231 309
232 300
232 301
232 302
232 308
233 297
233 298
233 299
233 303
233 304
233 305
233 306
233 307
233 308
234 296
234 303
234 304
235 294
235 295
235 303
236 294
236 302
236 303
237 292
237 293
237 302
238 291
238 292
244 290
245 285
245 286
245 287
245 288
245 289
246 283
246 284
247 282
248 280
249 279
250 277
250 278
250 279
251 275
251 276
251 277
251 309
252 273
252 274
252 308
252 309
253 307
253 308
254 307
255 306
256 305
257 304
257 305
258 304
259 303
262 300
262 301
263 299
263 300
263 346
263 347
264 344
264 345
265 343
265 344
267 297
268 296
269 295
269 296
270 295
271 294
273 293
275 292
276 291
277 291
280 289
