195 227 278 125
193 274
194 274
195 274
196 273
197 272
198 272
199 272
201 229
202 229
203 229
204 229
205 229
205 230
205 231
206 229
206 255
206 256
209 251
210 249
210 259
210 260
210 261
210 262
211 261
212 246
212 332
212 333
212 334
212 335
212 336
212 337
212 338
212 339
212 340
213 244
213 329
213 330
213 331
213 341
213 342
213 343
213 344
213 345
213 346
213 347
213 348
214 242
214 327
215 323
216 238
216 321
216 322
216 334
216 335
216 336
216 337
216 338
216 343
216 344
217 234
217 235
217 236
217 319
217 320
217 330
217 332
217 333
217 339
217 340
217 341
217 347
217 348
218 225
218 226
218 227
219 326
220 220
220 232
220 233
220 324
221 230
221 231
221 321
221 322
222 229
222 314
223 227
223 242
223 320
224 223
224 226
224 240
224 241
224 312
224 319
225 221
225 222
225 239
225 311
225 319
226 219
226 220
226 232
226 236
226 238
226 310
226 317
226 318
227 217
227 237
227 238
227 316
228 215
228 216
228 238
228 315
229 309
229 310
230 308
231 309
232 235
232 236
232 300
232 301
232 302
232 308
233 236
233 297
233 298
233 299
233 303
233 306
233 308
234 236
234 296
234 303
235 236
235 294
236 235
236 294
236 302
237 235
237 238
237 292
237 302
238 235
238 238
238 291
238 292
239 235
239 239
240 238
241 238
241 249
242 238
242 248
243 237
243 247
244 237
244 246
244 290
245 237
245 246
245 285
245 286
245 287
245 288
245 289
246 237
246 245
246 283
246 284
247 236
247 244
247 245
247 282
248 236
248 244
248 271
248 272
248 280
249 235
249 243
249 269
249 270
249 279
250 235
250 243
250 269
250 277
250 278
250 279
251 235
251 242
251 275
251 277
252 234
252 241
252 266
252 267
252 273
252 274
252 308
252 309
253 234
253 240
253 241
253 307
253 308
254 233
254 239
254 240
254 264
254 270
254 307
255 233
255 239
255 306
256 232
256 233
256 238
256 262
256 268
256 305
257 232
257 237
257 238
257 268
258 231
258 232
258 236
258 237
258 258
258 259
258 260
258 261
258 267
259 231
259 236
259 266
260 230
260 235
260 256
260 262
260 265
260 302
261 234
261 235
261 255
261 264
261 301
262 230
262 233
262 234
262 253
262 254
262 263
262 300
262 301
263 253
263 263
263 299
264 229
264 252
264 263
264 298
264 299
265 229
265 250
265 251
265 263
265 298
266 229
266 249
266 250
266 251
266 262
266 298
267 228
267 248
267 261
267 262
267 297
268 227
268 228
268 246
268 247
268 248
268 259
268 260
268 296
268 297
269 227
269 244
269 245
269 256
269 257
269 258
269 295
269 296
270 226
270 227
270 243
270 244
270 254
270 255
270 295
271 225
271 226
271 241
271 242
271 253
271 254
271 294
272 224
272 225
272 240
272 251
272 252
272 293
272 294
273 223
273 224
273 238
273 249
273 250
273 251
273 293
274 223
274 236
274 237
274 246
274 247
274 248
274 249
274 292
275 234
275 235
275 243
275 244
275 245
275 292
276 234
276 240
276 241
276 242
276 243
276 291
277 240
277 291
278 240
278 290
279 234
279 235
279 236
279 237
279 239
279 240
279 290
280 234
280 238
280 239
280 289
280 290
281 234
281 289
282 228
282 234
282 310
283 225
283 226
283 228
283 309
283 310
284 225
284 226
284 227
284 232
284 233
284 308
284 309
285 231
285 232
285 308
286 230
286 307
286 308
287 229
287 307
288 229
288 306
288 307
289 228
289 306
290 305
291 227
291 304
291 305
292 287
292 288
292 289
292 304
293 290
293 303
294 226
294 291
294 292
294 303
295 292
295 302
296 293
296 302
297 293
297 302
298 293
298 301
299 292
299 293
299 301
300 217
300 221
300 222
300 300
301 218
301 220
301 300
302 217
302 299
303 299
304 215
304 299
305 214
305 298
305 299
306 213
306 298
307 298
308 298
309 297
310 297
311 296
311 297
312 293
312 294
312 295
322 291
323 291
324 266
324 267
324 290
324 291
325 266
325 290
326 265
326 266
326 290
327 265
327 289
328 264
328 288
328 289
329 262
329 263
329 287
329 288
330 286
330 287
332 284
332 285
332 286
333 286
333 287
346 264
347 265
347 266
347 267
348 267
348 268
348 327
348 328
349 270
349 271
349 325
349 326
349 327
350 271
350 272
351 272
352 273
352 323
352 324
353 273
353 274
353 324
353 325
354 274
354 326
355 274
355 327
356 275
357 275
358 275
358 276
359 276
360 276
361 276
362 276
363 275
363 300
364 275
364 300
365 275
365 300
366 275
366 300
367 300
368 300
369 259
369 299
370 259
370 265
370 299
371 260
371 265
371 299
372 257
372 260
372 266
372 299
373 232
373 240
373 241
373 256
373 260
373 267
373 298
374 231
374 257
374 267
374 298
375 232
375 233
375 244
375 257
375 267
375 268
375 298
376 233
376 234
376 250
376 258
376 298
377 251
377 263
377 270
377 272
377 297
377 298
378 252
378 256
378 258
378 263
378 297
379 252
379 256
379 259
379 263
379 264
379 297
380 255
380 256
380 260
380 261
380 296
381 256
381 296
382 296
383 295
384 295
385 294
386 293
386 294
387 293
388 292
415 339
417 344
418 343
418 344
419 342
419 343
420 341
420 342
421 340
421 341
422 339
423 337
423 338
424 268
424 335
424 337
425 267
425 268
425 334
425 335
426 267
426 333
426 334
427 266
427 331
427 332
427 333
428 266
428 329
428 330
428 331
429 265
429 328
429 329
430 264
431 264
432 263
433 258
433 263
434 258
434 259
434 262
435 258
435 259
435 262
436 258
436 259
436 262
437 258
438 258
438 262
438 284
438 285
439 257
439 262
439 286
439 287
439 288
439 289
440 257
440 261
440 279
440 280
440 281
441 258
441 261
441 279
442 258
442 277
442 278
443 275
443 276
443 277
444 257
445 257
445 272
445 273
446 257
446 269
446 270
446 271
447 257
447 268
448 257
449 257
449 260
449 263
449 264
449 265
449 266
450 257
450 260
450 261
450 262
450 263
451 257
451 261
452 256
452 257
452 267
452 268
453 255
453 256
453 265
453 266
453 267
454 254
454 255
454 261
454 265
455 253
455 254
455 261
455 265
456 252
456 260
457 243
457 244
457 245
457 246
457 247
457 248
457 251
457 259
458 241
458 250
459 231
459 232
459 233
459 234
459 238
459 240
459 249
460 235
460 238
461 247
462 246
462 247
463 229
463 246
464 245
465 229
465 244
466 243
467 242
469 242
470 233
470 241
470 242
471 233
471 241
472 233
475 238
476 235
476 237
