357 198 135 97
346 264
347 265
347 266
347 267
348 267
348 268
348 269
349 270
349 271
350 271
350 272
351 272
352 273
353 273
353 274
354 274
355 274
369 259
370 259
370 265
371 260
371 265
372 257
372 260
372 266
373 232
373 240
373 241
373 256
373 260
373 267
374 231
374 232
374 242
374 257
375 232
375 233
375 243
375 245
375 257
376 233
376 234
376 245
376 246
376 247
376 248
376 250
376 258
376 269
377 234
377 235
377 251
377 263
378 235
378 236
378 252
378 256
378 258
378 270
378 271
378 272
379 236
379 237
379 238
379 252
379 256
379 259
380 239
380 240
380 255
380 256
380 262
380 263
381 241
381 242
381 243
381 244
381 257
381 261
382 244
382 245
382 246
382 247
382 248
382 256
382 262
383 249
383 250
383 251
383 252
383 253
383 254
383 255
384 253
385 254
433 258
434 258
434 262
435 258
435 262
436 258
436 262
436 293
436 294
437 258
437 290
437 291
437 292
437 293
438 258
438 262
438 284
438 285
438 289
439 286
439 287
439 288
439 289
440 261
440 279
440 280
440 281
441 258
441 261
441 279
442 258
442 277
442 278
443 275
443 276
443 277
444 257
445 257
445 272
445 273
446 257
446 269
446 270
446 271
447 268
448 257
449 257
449 260
449 263
449 264
449 265
449 266
450 260
450 261
450 262
450 263
451 257
452 256
452 257
452 267
452 268
453 255
453 256
453 265
453 266
453 267
454 254
454 255
454 261
454 265
455 253
455 254
455 261
455 265
456 252
456 260
457 243
457 244
457 245
457 246
457 247
457 248
457 251
457 259
458 241
458 250
459 231
459 232
459 233
459 234
459 238
459 240
459 249
460 235
460 238
461 247
462 246
462 247
463 229
463 246
464 245
465 209
465 229
465 244
466 208
466 243
467 242
468 229
469 229
469 242
470 229
470 233
470 241
470 242
471 171
471 172
471 229
471 233
471 241
472 228
472 233
473 227
473 228
473 233
474 228
474 233
475 232
475 238
476 209
476 227
476 232
476 235
476 237
477 227
477 232
478 227
478 232
479 208
479 212
479 226
479 231
480 226
480 231
481 226
481 231
482 226
482 231
483 226
483 230
483 231
484 226
484 230
485 221
485 225
485 230
486 221
486 229
487 209
487 221
487 228
487 229
488 222
488 228
489 201
489 208
489 222
490 200
490 220
491 177
491 205
