171 183 60 60
176 201
176 202
176 203
176 204
176 205
176 206
176 207
177 193
177 194
177 195
177 196
178 191
178 192
181 205
182 205
185 205
186 205
187 206
189 206
190 206
192 207
193 207
194 207
195 208
197 207
203 229
205 232
206 229
212 176
216 181
217 183
219 184
219 221
219 222
219 223
219 224
220 189
220 234
221 232
222 230
223 228
224 224
224 225
225 223
225 233
225 234
225 235
226 230
226 231
226 232
227 218
228 238
232 211
233 210
234 209
235 208
236 207
238 205
239 204
240 203
241 202
241 203
242 202
243 201
243 202
244 201
245 201
246 200
247 200
248 201
