232 144 80 45
236 154
237 144
237 154
237 155
238 144
238 155
238 156
238 186
239 157
239 158
240 159
240 160
240 161
241 146
241 161
241 162
241 163
242 146
242 164
242 184
243 166
243 181
243 182
244 146
244 166
244 167
244 168
244 179
244 180
245 168
245 178
245 179
246 176
246 177
247 170
247 171
248 152
248 153
248 173
249 154
249 155
249 156
249 172
250 157
250 158
250 159
250 160
250 172
251 161
251 162
251 163
251 171
252 164
252 171
253 171
256 173
257 173
260 179
261 180
262 180
264 182
281 180
284 178
286 176
286 185
287 175
287 184
288 183
289 182
290 181
290 182
291 180
291 181
292 179
292 180
293 178
293 179
294 168
294 177
294 178
295 167
295 177
296 176
297 165
297 175
298 174
298 175
298 181
299 173
299 174
299 179
299 180
299 181
300 138
300 172
300 173
301 138
301 172
302 139
302 140
302 171
303 141
303 142
303 170
303 171
304 142
304 143
304 170
305 170
306 169
307 168
307 169
308 168
309 167
310 167
311 166
312 166
313 165
324 154
