241 258 72 58
244 290
245 285
245 286
245 287
245 288
245 289
246 283
246 284
247 282
248 271
248 272
248 280
249 269
249 270
249 279
250 269
250 277
250 278
250 279
251 275
251 277
252 266
252 267
252 273
252 274
254 264
254 270
256 262
256 268
257 268
258 258
258 259
258 260
258 261
258 267
259 266
260 256
260 262
260 265
260 302
261 255
261 264
261 301
262 254
262 263
263 263
264 263
264 298
264 299
265 263
265 298
266 262
266 298
267 261
267 262
268 259
268 260
268 297
269 256
269 257
269 258
270 254
270 255
271 253
271 254
272 251
272 252
272 293
272 294
273 249
273 250
273 251
274 246
274 247
274 248
274 249
274 292
275 243
275 244
275 245
275 315
276 240
276 241
276 242
276 243
276 313
277 240
277 313
278 240
278 290
278 313
279 240
279 290
279 312
280 290
281 289
291 286
291 287
292 287
292 288
292 289
293 289
293 290
294 291
294 292
295 292
296 293
297 293
298 293
299 292
299 293
305 298
306 298
307 298
308 298
309 297
310 297
311 296
311 297
312 293
312 294
312 295
312 301
313 301
314 301
315 300
316 300
317 300
318 300
319 299
320 299
321 299
322 299
323 298
324 298
325 297
326 297
327 297
328 297
329 297
330 297
331 296
332 296
333 296
334 295
335 295
