188 130 68 43
152 151
153 151
154 151
155 151
156 151
157 152
158 152
159 152
160 152
161 152
162 152
163 152
164 152
165 153
166 153
167 153
168 153
169 153
170 154
171 154
172 154
173 154
174 154
175 154
176 154
177 154
178 154
178 155
179 155
180 155
181 155
182 155
183 156
184 156
185 156
186 157
187 157
188 157
189 158
190 158
191 159
192 159
192 160
193 160
194 161
195 161
195 162
196 162
196 163
196 172
197 163
197 164
197 172
197 173
198 164
198 173
199 165
199 173
200 166
200 173
201 167
201 173
202 168
203 169
204 169
204 170
205 170
208 168
209 167
209 168
209 169
209 170
209 171
209 172
210 166
210 167
211 164
211 165
211 166
212 163
212 164
213 163
213 170
214 161
214 162
214 163
215 159
215 161
215 168
216 158
216 159
216 166
217 157
217 158
218 156
219 155
219 163
220 153
220 154
220 160
220 161
221 151
221 152
221 159
221 160
222 158
223 148
223 149
223 157
224 146
224 147
224 155
224 156
225 144
225 145
225 151
225 153
225 154
226 144
232 138
233 138
233 139
234 137
234 138
235 136
235 138
236 135
236 136
237 135
239 145
240 145
240 159
240 160
240 161
241 161
241 162
241 163
242 146
242 164
243 146
243 147
243 165
243 166
244 123
244 124
244 125
244 126
244 127
244 128
244 129
244 130
244 131
244 132
244 133
244 134
244 135
244 147
244 148
244 149
244 166
244 167
245 118
245 119
245 120
245 121
245 136
245 137
245 138
245 139
245 140
245 141
245 142
245 143
245 144
245 145
245 168
246 115
246 116
246 117
247 113
247 114
248 110
248 111
248 112
248 151
249 107
249 108
249 109
250 105
250 106
250 107
250 135
250 136
250 137
250 138
250 139
250 140
251 103
251 104
251 164
252 101
252 102
252 165
252 166
253 100
253 101
254 99
255 97
255 98
256 96
256 97
257 94
257 95
258 93
258 94
259 91
259 92
260 90
260 91
261 89
261 90
262 88
262 89
263 88
264 86
264 87
