211 210 97 142
212 332
212 333
212 334
212 335
212 336
212 337
212 338
212 339
212 340
213 329
213 330
213 331
213 341
213 342
213 343
213 344
213 345
213 346
213 347
213 348
214 327
215 323
216 321
216 322
216 334
216 335
216 336
216 337
216 338
216 343
216 344
217 204
217 205
217 206
217 207
217 208
217 319
217 320
217 330
217 332
217 333
217 339
217 340
217 341
217 347
217 348
218 203
218 206
218 209
218 225
218 226
218 227
219 210
220 211
220 213
220 214
220 215
220 216
220 217
220 218
220 219
220 220
220 232
220 233
220 324
221 212
221 230
221 231
221 321
222 229
222 314
223 227
223 242
223 313
224 223
224 226
224 240
224 241
224 312
225 221
225 222
225 239
225 311
225 319
226 219
226 220
226 232
226 236
226 238
226 310
226 317
226 318
227 217
227 237
227 238
227 316
228 215
228 216
228 238
228 315
229 214
229 215
229 309
229 310
230 213
230 214
230 308
231 212
231 213
231 309
232 210
232 235
232 236
232 300
232 301
232 302
232 308
233 209
233 236
233 297
233 298
233 299
233 303
233 306
233 308
234 208
234 236
234 296
234 303
235 207
235 236
235 294
236 206
236 235
236 294
236 302
237 205
237 206
237 235
237 238
237 292
237 302
238 204
238 235
238 238
238 291
238 292
239 235
239 239
240 238
241 202
241 238
241 249
242 202
242 238
242 248
243 201
243 202
243 237
243 247
244 201
244 237
244 246
244 290
245 201
245 237
245 246
245 285
245 286
245 287
245 288
245 289
246 200
246 237
246 245
246 283
246 284
247 200
247 236
247 244
247 245
247 282
248 201
248 236
248 244
248 271
248 272
248 280
249 235
249 243
249 269
249 270
249 279
250 235
250 243
250 269
250 277
250 278
250 279
251 235
251 242
251 275
251 277
251 309
252 234
252 241
252 266
252 267
252 273
252 274
253 234
253 240
253 241
253 265
254 233
254 239
254 240
254 264
254 270
255 233
255 239
255 263
255 268
255 269
256 232
256 233
256 238
256 262
256 268
257 232
257 237
257 238
257 267
257 268
257 304
257 305
258 231
258 232
258 236
258 237
258 258
258 259
258 260
258 261
258 267
258 304
259 231
259 236
259 257
259 261
259 266
259 303
260 230
260 235
260 256
260 262
260 265
260 302
261 234
261 235
261 255
261 264
261 301
262 230
262 233
262 234
262 253
262 254
262 263
263 253
263 263
263 300
263 346
263 347
264 229
264 252
264 263
264 298
264 299
264 344
264 345
265 229
265 250
265 251
265 263
265 298
265 343
265 344
266 229
266 249
266 250
266 251
266 262
266 298
267 228
267 248
267 261
267 262
268 227
268 228
268 246
268 247
268 248
268 259
268 297
269 227
269 244
269 245
269 256
270 226
270 227
270 243
270 244
270 254
271 225
271 226
271 241
271 242
271 328
272 224
272 225
272 240
272 293
272 294
273 223
273 224
273 238
274 222
274 223
274 236
274 237
274 292
275 222
275 234
275 235
275 244
275 315
276 222
276 234
276 313
277 221
277 313
278 290
278 313
279 218
279 219
279 290
279 312
280 216
280 217
280 218
280 289
280 290
281 214
281 215
281 289
282 214
283 212
283 213
283 233
283 234
284 211
284 212
285 210
285 211
285 232
286 206
286 207
286 208
286 209
286 230
287 204
287 205
287 229
288 202
288 203
288 222
288 229
289 201
289 202
289 228
290 199
290 200
291 197
291 198
291 227
291 286
291 287
292 195
292 196
292 287
292 288
292 289
293 193
293 194
293 289
293 290
294 191
294 192
294 226
294 291
294 292
295 188
295 189
295 190
295 292
296 186
296 187
296 293
297 184
297 185
297 293
298 182
298 183
298 293
299 223
299 292
299 293
300 221
301 219
301 221
302 217
303 216
303 217
303 299
304 215
304 216
304 299
305 214
305 215
305 219
305 220
305 298
305 299
306 213
306 214
306 298
307 212
307 213
307 298
308 223
308 298
309 222
310 221
310 222
310 302
311 220
311 221
311 302
312 301
313 301
314 301
315 300
316 300
317 300
318 300
319 299
320 299
321 299
322 299
323 298
324 298
325 297
326 297
327 297
328 297
329 297
330 297
331 296
332 296
333 296
334 295
335 295
