36 218 70 37
33 226
34 226
35 226
36 226
37 227
38 228
39 228
40 229
41 229
41 230
42 230
42 231
42 247
42 248
42 249
43 232
43 246
43 247
44 217
44 218
44 246
45 246
47 235
47 236
48 230
48 234
48 237
48 238
48 239
48 240
48 241
48 242
48 243
49 233
50 248
52 239
52 240
52 242
52 243
52 245
54 245
55 245
56 246
57 246
75 247
85 247
86 247
87 247
88 248
92 225
92 226
92 227
92 228
93 221
93 222
93 223
93 224
93 229
93 230
94 217
94 218
94 219
94 220
94 231
94 232
94 233
94 234
95 214
95 215
95 216
95 234
95 235
95 236
96 212
96 213
96 214
96 236
96 237
97 210
97 211
97 238
97 239
98 206
98 207
98 208
98 209
98 239
98 240
99 204
99 205
99 240
99 241
100 203
100 241
101 201
101 202
101 224
101 225
102 219
102 220
102 221
102 222
102 223
102 226
102 227
102 228
102 229
103 217
103 218
103 230
103 231
103 232
103 233
103 234
103 235
103 236
104 214
104 215
104 216
105 212
105 213
106 210
106 211
107 207
107 208
107 209
