47 223 183 47
44 217
44 218
47 235
47 236
48 230
48 234
48 237
48 238
48 239
48 240
48 241
48 242
48 243
49 233
50 248
51 248
51 250
51 251
52 239
52 240
52 242
52 243
52 244
52 245
52 251
52 252
53 253
53 254
54 245
54 253
55 245
56 246
56 253
57 246
57 253
58 247
59 248
59 254
59 255
60 256
61 248
61 257
62 248
63 247
64 247
64 249
64 250
65 249
65 250
66 250
68 249
69 249
70 249
71 246
72 247
74 247
75 247
76 247
77 247
78 248
79 248
79 249
80 249
81 249
82 250
83 250
84 249
84 250
85 250
86 251
87 251
87 252
87 253
88 253
88 254
89 249
89 254
89 257
89 258
90 249
90 258
91 249
91 258
92 249
92 259
93 259
94 259
95 259
96 259
97 260
98 260
99 261
100 241
100 261
101 261
109 229
109 230
109 231
110 218
110 219
110 220
110 221
110 222
110 223
110 224
110 225
110 226
110 227
110 232
110 233
111 213
111 215
111 217
111 233
111 234
112 211
112 212
112 234
113 235
117 235
117 236
118 228
118 229
118 230
118 231
118 232
118 233
118 234
118 237
119 221
119 222
119 223
119 224
119 225
119 226
119 227
119 238
156 226
157 227
157 228
158 228
158 229
159 221
159 229
161 230
162 226
162 227
162 229
163 228
164 226
164 227
165 226
166 225
166 226
167 221
167 222
167 223
167 224
168 219
169 214
169 215
169 216
171 222
171 223
172 221
191 236
192 235
192 236
193 234
193 235
194 232
194 233
194 234
195 232
196 231
196 232
196 268
197 231
197 266
197 267
198 230
198 231
198 265
198 266
199 229
199 230
199 264
199 265
200 228
200 263
200 264
201 229
201 262
201 263
202 229
202 261
202 262
203 260
203 261
204 229
204 258
204 259
205 226
205 229
205 230
205 231
205 232
205 257
205 258
206 226
206 257
207 226
207 254
207 255
208 252
208 253
209 252
210 250
210 251
210 257
210 258
210 259
210 260
210 261
210 262
211 248
211 249
211 257
211 260
211 261
212 247
213 245
214 243
215 240
215 241
215 242
216 239
217 237
219 221
219 222
219 223
219 224
220 234
221 232
222 230
223 228
223 242
224 224
224 225
224 240
224 241
225 223
225 233
225 234
225 235
225 239
226 230
226 231
226 232
226 236
226 238
227 218
227 237
227 238
228 238
