230 41 263 166
186 65
187 65
188 66
189 65
190 65
191 65
192 65
193 65
194 65
195 66
196 66
197 66
198 66
199 66
200 66
201 66
202 66
203 66
204 66
205 66
206 66
207 66
208 66
209 66
210 66
211 66
212 66
213 66
214 66
215 66
216 66
217 66
218 65
219 66
219 185
220 66
220 186
221 67
221 186
222 67
223 67
224 67
225 67
225 188
226 67
227 66
229 190
230 66
230 190
231 66
231 190
232 56
232 140
232 142
233 138
233 143
234 137
234 143
235 56
235 136
235 143
236 56
236 135
236 144
236 154
237 144
237 154
237 155
238 56
238 144
238 155
238 156
238 186
239 56
239 145
239 157
239 158
240 145
240 159
240 160
240 161
241 146
241 161
241 162
241 163
242 56
242 164
242 184
243 56
243 147
243 166
243 181
243 182
244 122
244 146
244 166
244 167
244 168
244 179
244 180
245 168
245 178
245 179
246 67
246 176
246 177
247 57
247 170
247 171
247 174
247 175
247 176
248 152
248 153
248 173
249 154
249 155
249 156
249 172
250 157
250 158
250 159
250 160
250 172
251 161
251 162
251 163
252 101
252 102
252 164
252 171
253 100
253 101
253 132
253 171
254 99
254 133
255 97
255 98
255 133
256 96
256 97
256 133
256 173
257 133
257 173
258 93
258 94
258 133
259 91
259 92
259 133
260 90
260 91
260 132
260 179
261 89
261 90
261 132
261 180
262 88
262 89
262 132
262 180
263 87
263 88
263 133
264 86
264 87
264 133
264 182
264 188
265 85
265 86
265 133
265 198
266 85
266 134
267 84
267 134
267 197
268 134
268 197
269 135
269 196
270 135
270 196
271 135
272 135
273 135
274 135
275 135
276 135
277 135
277 182
278 90
278 135
279 135
279 181
280 136
280 181
281 136
281 180
282 136
283 135
284 135
284 178
285 76
285 135
286 76
286 135
286 176
286 185
287 75
287 135
287 175
287 176
287 184
288 96
288 136
288 173
288 174
288 175
288 183
289 136
289 172
289 173
289 182
290 98
290 105
290 136
290 171
290 181
290 182
291 98
291 105
291 136
291 170
291 180
291 181
292 42
292 48
292 49
292 50
292 99
292 104
292 105
292 136
292 169
292 179
292 180
293 72
293 99
293 100
293 104
293 136
293 168
293 169
293 178
293 179
294 26
294 73
294 99
294 100
294 103
294 104
294 136
294 167
294 177
294 178
295 73
295 103
295 136
295 166
295 177
296 22
296 74
296 136
296 165
296 166
296 176
297 74
297 136
297 175
298 75
298 101
298 137
298 164
298 165
298 204
298 206
299 75
299 76
299 137
299 163
299 164
299 198
299 199
299 202
299 203
299 205
300 76
300 100
300 138
300 160
300 161
300 162
300 163
300 178
300 197
300 198
300 199
300 200
300 201
301 98
301 99
301 153
301 154
301 155
301 156
301 157
301 158
301 159
301 197
301 200
302 88
302 89
302 93
302 94
302 95
302 96
302 97
302 98
302 152
302 153
302 201
303 151
304 144
304 145
304 146
304 147
304 148
304 149
304 150
304 194
305 194
306 194
306 205
306 206
307 194
307 206
308 75
308 193
308 194
308 205
309 74
309 75
309 192
309 193
310 73
310 74
310 190
310 191
311 72
311 73
312 71
312 72
312 187
312 188
312 206
313 70
313 71
313 186
313 187
314 70
314 164
314 165
315 163
315 164
316 67
316 68
316 162
316 163
317 66
317 67
317 161
317 162
317 179
318 65
318 160
318 161
318 167
319 159
319 167
320 158
320 159
320 167
320 179
321 158
321 175
321 177
322 156
322 157
322 162
323 155
323 156
323 162
323 163
324 153
324 154
324 169
324 172
325 153
325 171
326 152
326 153
327 151
327 152
328 150
329 149
329 150
330 149
330 167
331 160
331 167
332 147
332 148
332 154
332 156
332 157
332 158
332 166
333 146
333 147
333 165
333 166
334 145
334 146
334 164
335 144
335 145
335 162
335 163
336 143
336 144
336 160
336 161
336 162
337 142
337 143
337 157
337 158
337 159
337 160
338 156
338 157
339 53
339 154
339 155
340 54
340 55
340 152
340 153
340 154
341 72
341 150
341 151
341 152
341 204
341 205
341 206
341 207
342 72
342 91
342 148
342 149
342 150
342 201
342 202
342 203
343 63
343 73
343 88
343 90
343 91
343 92
343 120
343 121
343 122
343 123
343 147
343 148
343 199
343 200
344 74
344 85
344 86
344 87
344 91
344 117
344 118
344 119
344 124
344 127
344 128
344 129
344 130
344 131
344 132
344 133
344 134
344 144
344 145
344 146
344 198
344 199
345 67
345 68
345 75
345 81
345 82
345 83
345 91
345 92
345 113
345 114
345 115
345 116
345 141
345 144
345 197
345 207
346 59
346 76
346 77
346 78
346 79
346 80
346 92
346 110
346 111
346 126
346 196
346 197
346 206
347 61
347 106
347 107
347 108
347 109
347 195
347 196
347 204
347 205
348 61
348 62
348 102
348 103
348 104
348 105
348 128
348 194
348 203
349 78
349 79
349 80
349 97
349 98
349 99
349 100
349 101
349 102
349 193
349 200
349 201
350 64
350 75
350 76
350 77
350 78
350 95
350 96
350 114
351 71
351 72
351 73
351 74
351 75
351 93
351 94
352 70
352 91
352 92
352 106
352 116
352 125
352 191
353 66
353 90
353 107
353 123
353 124
354 88
354 89
354 108
354 122
355 84
355 85
355 86
355 87
355 109
355 190
356 70
356 71
356 72
356 73
356 74
356 75
356 76
356 77
356 78
356 79
356 80
356 81
356 82
356 83
356 190
357 99
358 99
359 98
359 117
359 118
360 97
360 115
360 116
360 196
361 96
361 97
361 114
361 196
362 95
362 96
362 113
362 114
363 95
363 112
363 113
364 94
364 111
364 112
365 93
365 94
365 110
365 111
366 93
366 109
366 110
367 92
367 93
367 108
367 109
367 194
368 92
368 108
368 193
369 91
369 107
370 90
370 107
370 190
371 90
371 105
371 106
371 189
371 190
372 90
372 105
372 188
372 189
373 90
373 104
374 91
374 92
374 104
375 92
407 39
409 37
410 37
411 37
412 36
413 35
414 35
416 32
417 31
418 30
420 59
435 80
437 83
438 64
438 84
439 85
440 64
440 87
440 88
441 64
441 88
441 89
442 42
442 74
442 90
443 74
445 61
445 73
445 93
445 94
446 73
446 92
447 72
447 92
447 96
448 72
449 71
449 72
449 91
450 50
450 90
451 90
452 89
452 103
453 88
453 89
453 102
453 110
454 88
454 102
454 109
454 110
455 87
455 88
455 109
455 110
456 87
456 92
456 108
456 112
457 87
457 92
457 108
458 60
458 86
458 91
458 92
458 108
459 86
459 91
460 85
460 86
460 91
461 85
461 90
462 85
462 90
462 111
463 84
463 89
463 94
463 111
463 116
464 84
464 89
464 94
464 111
464 116
465 84
465 88
465 89
465 94
465 111
465 116
466 83
466 93
466 115
466 148
466 150
466 207
467 68
467 83
467 88
467 93
467 110
467 115
467 148
467 149
468 83
468 88
468 110
468 115
468 148
469 71
469 83
469 87
469 109
469 115
469 148
470 82
470 87
470 109
470 115
470 148
471 82
471 109
471 114
471 148
472 75
472 108
472 114
472 147
473 82
473 108
473 114
473 147
473 174
473 204
474 108
474 113
474 204
475 108
475 113
475 146
475 204
476 86
476 107
476 113
476 146
476 203
477 85
477 89
477 101
477 107
477 113
477 146
477 172
477 203
478 89
478 101
478 102
478 107
478 112
478 145
478 150
478 172
478 203
479 90
479 91
479 101
479 102
479 112
479 145
479 149
479 171
479 202
480 91
480 102
480 112
480 144
480 149
480 171
480 202
481 100
481 112
481 144
481 148
481 170
481 202
482 143
482 170
482 202
483 106
483 112
483 143
483 170
483 201
484 111
484 142
484 169
484 201
485 108
485 142
485 201
486 142
486 200
487 142
487 201
488 201
488 202
489 143
489 148
489 149
489 164
489 165
489 200
490 149
490 150
490 173
490 200
491 161
491 171
491 172
491 176
491 177
