230 0 73 108
186 65
187 65
188 66
189 65
190 65
191 65
192 65
193 65
194 65
195 66
196 66
197 66
198 66
199 66
200 66
201 66
202 66
203 66
204 66
205 66
206 66
207 66
208 66
209 66
210 66
211 66
212 66
213 66
214 66
215 66
216 66
217 66
218 65
219 66
220 66
221 67
222 67
223 67
224 67
225 67
226 67
227 66
228 66
229 66
230 66
231 66
232 56
232 67
233 56
233 67
234 56
234 67
235 56
235 67
236 56
236 67
237 56
237 67
238 56
238 67
239 56
239 67
240 56
240 67
241 57
241 67
242 56
242 67
243 56
243 68
244 57
244 68
245 57
245 67
246 57
247 57
248 57
249 57
250 57
251 57
252 57
253 57
254 57
255 57
256 57
257 57
258 57
259 58
260 58
261 58
262 58
263 58
264 58
265 57
266 57
267 57
268 57
268 84
269 56
269 83
270 56
270 83
271 56
271 82
272 82
273 81
274 81
275 80
276 80
277 79
278 79
278 88
278 89
278 90
278 92
279 79
279 91
279 92
280 78
280 92
281 78
281 87
281 88
282 78
282 87
282 88
283 77
283 88
284 77
284 89
285 5
285 6
285 7
285 8
285 9
285 10
285 53
285 77
285 89
285 90
285 91
286 10
286 11
286 12
286 53
286 88
286 89
286 92
286 93
286 94
286 95
286 101
287 13
287 14
287 53
287 88
287 96
287 102
287 103
288 54
288 74
288 88
288 97
288 104
289 54
289 74
289 88
289 97
289 105
290 53
290 73
290 87
290 97
290 98
290 105
291 51
291 52
291 53
291 73
291 87
291 98
291 105
292 43
292 44
292 45
292 46
292 47
292 73
292 87
292 99
292 104
292 105
293 34
293 35
293 36
293 37
293 38
293 39
293 40
293 41
293 72
293 87
293 99
293 100
293 104
294 27
294 28
294 29
294 30
294 31
294 32
294 33
294 34
294 73
294 86
294 99
294 100
294 103
294 104
295 23
295 24
295 25
295 73
295 86
295 103
296 74
296 86
296 103
297 74
297 87
297 102
298 75
298 87
298 102
299 75
299 76
299 87
299 101
300 87
301 86
301 87
301 88
302 88
302 89
302 90
302 91
302 92
