117 156 61 42
111 178
111 179
113 182
117 185
120 171
120 173
120 175
121 165
121 166
121 167
121 168
121 169
121 170
121 178
121 187
122 183
123 183
123 188
124 163
124 174
124 183
125 161
125 162
125 163
125 174
125 183
126 161
126 162
126 174
126 175
126 183
126 184
126 189
127 162
127 172
128 162
128 170
128 171
128 189
129 164
129 165
129 168
129 169
129 183
129 189
130 166
130 167
130 189
131 182
133 182
134 182
134 187
135 182
138 180
139 180
140 180
140 186
141 185
142 181
143 185
144 185
145 179
145 184
146 177
146 178
146 184
147 177
147 183
149 182
150 182
151 175
151 182
152 175
152 183
153 176
153 183
153 197
154 176
154 183
154 184
154 195
154 196
155 177
155 184
155 185
156 177
157 178
158 178
159 178
160 178
161 177
162 177
163 175
163 176
163 193
164 173
164 174
164 175
165 172
165 173
166 171
167 170
168 170
169 169
170 169
171 168
172 168
172 169
173 169
173 170
174 170
174 171
175 172
178 190
