16 206 149 64
21 253
21 254
24 223
26 254
27 254
27 255
28 255
28 256
29 256
30 256
31 256
33 226
34 226
35 226
36 226
37 227
38 228
39 228
40 229
41 229
41 230
42 230
42 231
42 247
42 248
42 249
43 232
43 246
43 247
44 217
44 218
44 246
45 246
47 235
47 236
48 230
48 234
48 237
48 238
48 239
48 240
48 241
48 242
48 243
49 233
50 248
51 248
51 250
51 251
52 239
52 240
52 242
52 243
52 244
52 245
52 251
52 252
53 253
54 245
55 245
56 246
57 246
58 247
59 248
60 256
61 248
61 257
62 248
63 247
64 247
75 247
87 253
89 257
89 258
92 225
92 226
92 227
92 228
93 221
93 222
93 223
93 224
93 229
93 230
94 217
94 218
94 219
94 220
94 231
94 232
94 233
94 234
95 214
95 215
95 216
95 234
95 235
95 236
96 212
96 213
96 214
96 236
96 237
97 210
97 211
97 238
97 239
98 206
98 207
98 208
98 209
98 239
98 240
99 204
99 205
99 240
99 241
100 203
100 241
101 201
101 202
101 224
101 225
102 219
102 220
102 221
102 222
102 223
102 226
102 227
102 228
102 229
103 217
103 218
103 230
103 231
103 232
103 233
103 234
103 235
103 236
104 214
104 215
104 216
105 212
105 213
106 210
106 211
107 200
107 201
107 202
107 203
107 204
107 205
107 206
107 207
107 208
107 209
109 230
110 228
110 232
110 233
110 235
111 214
111 216
111 233
111 234
112 210
112 234
113 235
114 208
114 209
115 207
119 205
119 238
119 239
120 205
120 206
121 207
121 209
122 209
139 209
140 210
141 211
142 212
143 213
144 213
145 213
146 213
147 213
148 213
149 212
150 212
156 226
157 227
157 228
158 228
158 229
159 221
159 229
161 230
162 226
162 227
162 229
163 228
164 226
164 227
165 226
166 225
166 226
167 221
167 222
167 223
167 224
168 219
169 214
169 215
169 216
