46 236 156 55
32 256
41 266
41 267
42 267
44 217
44 218
44 269
44 270
45 271
47 235
47 236
48 230
48 234
48 237
48 238
48 239
48 240
48 241
48 242
48 243
49 233
50 248
50 277
50 278
51 248
51 250
51 251
51 278
51 279
52 239
52 240
52 242
52 243
52 244
52 245
52 251
52 252
52 279
53 253
53 254
53 279
54 245
54 253
54 280
55 245
55 281
56 246
56 253
56 281
57 246
57 253
57 281
58 247
58 280
59 248
59 254
59 255
59 280
60 256
60 280
61 248
61 257
61 280
62 248
62 279
63 247
63 279
64 247
64 249
64 250
64 280
65 249
65 250
65 280
66 250
66 280
67 280
68 249
68 280
69 249
69 280
70 249
70 280
71 246
71 280
72 247
72 280
73 280
74 247
74 280
75 247
75 280
76 247
76 280
77 247
77 281
78 248
78 281
79 248
79 249
79 281
80 249
80 281
81 249
82 250
83 250
84 249
84 250
85 250
86 247
86 251
87 247
87 251
87 252
87 253
88 248
88 253
88 254
89 249
89 254
89 257
89 258
90 249
90 258
91 249
91 258
92 249
92 259
93 259
94 259
95 259
96 259
97 260
98 260
99 261
100 203
100 241
100 261
100 266
101 201
101 202
101 261
101 266
102 261
102 266
103 261
103 266
104 261
104 266
105 261
105 266
106 261
106 266
107 262
107 266
108 262
108 266
109 262
109 266
110 262
110 266
111 262
112 262
113 262
114 262
115 262
116 262
117 235
117 236
117 262
118 228
118 229
118 230
118 231
118 232
118 233
118 234
118 237
118 262
119 221
119 222
119 223
119 224
119 225
119 226
119 227
119 238
119 239
119 262
120 263
121 263
122 263
134 275
135 276
140 288
153 280
161 278
162 278
163 278
164 278
165 278
166 278
167 278
168 278
169 278
170 278
171 278
172 278
173 277
173 278
173 280
173 281
174 277
174 281
175 276
175 282
176 276
176 282
177 276
177 282
178 276
178 282
179 276
179 282
180 276
180 283
181 275
181 283
182 275
182 283
183 275
183 283
184 275
184 283
185 274
185 283
186 274
186 283
187 273
187 282
188 273
188 282
189 272
189 282
190 272
190 281
191 236
191 271
191 272
191 281
192 235
192 236
192 270
192 271
192 281
193 234
193 235
193 270
193 274
193 280
194 232
194 233
194 234
194 269
194 274
194 280
195 232
195 268
195 274
195 280
196 231
196 232
196 267
196 268
196 273
196 279
197 231
197 266
197 267
197 272
197 279
198 230
198 231
198 265
198 266
198 272
198 278
199 229
199 230
199 264
199 265
199 272
199 278
200 228
200 263
200 264
200 277
201 262
201 263
201 276
202 261
202 262
202 275
202 276
203 260
203 261
203 275
204 258
204 259
204 274
205 257
205 258
205 274
206 257
206 273
207 254
207 255
207 272
207 273
208 252
208 253
208 272
209 252
209 271
210 250
210 251
210 271
211 248
211 249
211 270
212 247
212 269
213 245
213 268
213 269
214 243
214 267
215 240
215 241
215 242
216 239
216 266
217 237
217 265
217 266
218 265
219 264
220 263
221 263
222 262
223 261
223 262
224 261
225 260
226 259
226 260
227 258
227 259
228 258
229 257
230 256
230 257
231 256
232 255
233 254
233 255
234 253
234 254
235 252
235 253
236 252
237 251
238 250
238 251
239 250
240 249
241 248
242 247
