413 81 61 180
431 73
431 74
432 75
433 258
434 77
434 258
435 80
435 258
436 258
437 83
437 258
438 84
438 258
439 85
440 87
440 88
441 88
441 89
441 258
442 90
442 258
443 92
444 257
445 95
445 257
446 93
446 96
446 257
447 97
447 100
447 101
448 98
448 99
448 102
448 257
449 103
449 257
449 260
450 104
450 105
450 106
450 107
450 260
451 107
451 108
452 108
452 109
452 256
453 109
453 255
453 256
454 114
454 115
454 116
454 254
454 255
454 261
455 113
455 117
455 253
455 254
455 261
456 252
456 260
457 119
457 243
457 244
457 245
457 246
457 247
457 248
457 251
457 259
458 120
458 121
458 122
458 123
458 124
458 125
458 241
458 242
458 250
459 126
459 127
459 128
459 231
459 232
459 233
459 234
459 238
459 239
459 240
459 249
460 129
460 230
460 235
460 236
460 237
460 238
460 248
461 217
461 218
461 219
461 222
461 223
461 224
461 229
461 247
462 111
462 220
462 221
462 225
462 228
462 229
462 246
462 247
463 111
463 226
463 228
463 246
464 111
464 229
464 245
465 88
465 111
465 209
465 244
466 115
466 207
466 243
467 110
467 115
467 242
468 115
468 148
468 207
468 229
468 242
469 109
469 115
469 148
469 207
469 224
469 229
469 242
470 109
470 115
470 208
470 224
470 229
470 233
470 241
470 242
471 109
471 170
471 171
471 172
471 224
471 229
471 233
471 241
472 82
472 108
472 147
472 223
472 224
472 228
472 233
473 108
473 147
473 173
473 174
473 223
473 227
473 228
473 233
474 113
474 223
474 228
474 233
475 113
475 223
475 232
475 238
476 113
476 222
476 232
476 235
476 237
477 113
477 232
478 232
479 112
479 231
480 112
480 231
481 231
482 231
483 230
483 231
484 230
485 230
486 229
487 228
487 229
488 228
