423 48 28 28
414 53
414 54
415 54
415 55
416 55
416 56
417 56
417 57
418 57
418 58
419 58
419 59
420 60
421 60
421 61
422 62
423 63
424 64
425 64
425 65
426 65
426 66
426 67
427 67
427 68
428 64
428 68
428 69
429 64
429 69
429 70
430 70
430 71
431 71
433 62
434 62
434 66
435 65
436 65
437 64
437 71
438 64
438 71
439 64
440 40
440 41
440 64
440 70
441 41
441 70
441 75
442 42
442 70
443 43
443 62
443 69
444 43
444 62
444 69
444 74
445 61
445 68
445 69
446 61
446 68
446 73
447 60
447 67
448 67
449 66
449 72
450 50
450 66
450 71
451 65
452 65
