194 83 149 114
152 151
153 151
154 151
155 151
156 151
157 152
158 152
159 152
160 152
161 152
162 152
163 152
164 152
165 153
166 153
167 153
168 153
169 153
170 154
171 154
172 154
173 154
174 154
175 154
176 154
177 154
178 154
178 155
179 155
180 155
181 155
182 155
183 156
184 156
185 156
186 157
187 157
188 157
189 158
190 158
191 159
192 159
192 160
193 160
194 161
195 161
195 162
196 162
196 163
196 172
197 163
197 164
197 172
197 173
198 164
198 173
199 165
199 173
200 166
200 173
201 167
201 173
201 177
201 178
201 179
201 180
201 181
202 168
202 174
202 177
203 169
203 175
203 176
203 177
204 169
204 170
204 175
205 170
206 174
207 174
208 168
208 174
209 167
209 168
209 169
209 170
209 171
209 172
209 174
210 166
210 167
210 174
211 164
211 165
211 166
211 174
211 175
212 163
212 164
213 163
213 170
213 177
214 161
214 163
214 177
214 178
215 159
215 161
215 168
215 179
215 180
216 180
217 182
218 183
218 184
219 155
219 162
219 185
220 153
220 154
220 160
220 161
220 186
221 151
221 152
221 160
221 186
223 148
224 146
224 147
225 144
225 145
225 188
226 143
226 144
226 152
227 143
228 142
229 142
229 190
230 142
230 190
231 142
231 190
232 140
232 142
233 138
233 143
234 137
234 143
235 136
235 143
236 135
236 144
236 154
237 144
237 154
237 155
238 144
238 155
238 156
238 186
239 145
239 157
239 158
240 145
240 159
240 160
240 161
241 146
241 161
241 162
241 163
242 164
242 184
243 147
243 166
243 181
243 182
244 122
244 146
244 166
244 167
244 168
244 179
244 180
245 168
245 178
245 179
246 176
246 177
247 170
247 171
247 174
247 175
247 176
248 152
248 153
248 173
249 154
249 155
249 156
249 172
250 157
250 158
250 159
250 160
250 172
251 161
251 162
251 163
252 101
252 102
252 164
252 171
253 100
253 101
253 171
254 99
255 97
255 98
256 96
256 97
256 173
257 94
257 95
257 173
258 93
258 94
259 91
259 92
260 90
260 91
260 179
261 89
261 90
261 180
262 88
262 89
262 180
263 87
263 88
264 86
264 87
264 182
264 188
265 85
265 86
266 85
267 84
278 89
278 92
279 91
279 92
280 92
280 136
281 88
281 136
281 180
282 136
283 135
284 135
284 178
285 76
285 91
285 135
286 76
286 92
286 93
286 94
286 95
286 101
286 135
286 176
286 185
287 75
287 96
287 102
287 103
287 135
287 175
287 184
288 97
288 104
288 136
288 183
289 97
289 105
289 136
289 182
290 97
290 136
290 181
290 182
291 136
291 180
291 181
292 136
292 179
292 180
293 136
293 178
293 179
294 136
294 168
294 177
294 178
295 73
295 136
295 167
295 177
296 103
296 136
296 176
297 74
297 102
297 136
297 165
297 175
298 75
298 101
298 102
298 137
298 181
299 75
299 101
299 137
299 179
299 180
299 181
300 100
300 138
301 99
301 138
301 139
302 88
302 89
302 90
302 91
302 92
302 139
302 140
303 141
303 142
303 194
303 195
304 142
304 143
311 188
311 189
314 183
314 184
314 185
315 183
324 154
324 163
325 153
325 163
326 152
326 153
326 163
327 151
327 152
329 149
329 154
330 149
330 154
330 161
331 148
331 154
331 160
332 155
332 159
336 162
337 143
338 142
338 156
339 141
339 154
339 155
340 153
341 138
341 150
341 151
342 137
342 149
343 89
343 135
343 136
343 137
343 138
343 147
345 84
345 139
345 140
345 142
345 143
