322 0 161 117
326 66
327 66
328 67
329 52
329 67
330 52
330 68
331 51
331 68
332 51
332 68
333 51
333 68
334 51
334 68
335 51
335 69
336 51
336 69
337 52
337 70
338 52
338 53
338 70
339 54
339 70
340 64
340 65
341 55
341 56
341 63
341 72
342 56
342 57
342 63
342 72
342 91
343 58
343 63
343 73
343 88
343 89
343 90
343 91
343 92
344 58
344 59
344 69
344 74
344 85
344 86
344 87
344 91
345 59
345 65
345 66
345 67
345 68
345 75
345 81
345 82
345 83
345 84
345 91
345 92
346 76
346 77
346 78
346 79
346 80
346 92
347 60
349 63
349 78
349 79
349 80
350 75
350 76
350 77
350 78
350 114
351 64
351 65
351 71
351 72
351 73
351 74
351 75
351 93
351 94
352 65
352 70
352 91
352 92
352 116
353 65
353 90
353 91
354 64
354 67
354 88
354 89
355 64
355 68
355 69
355 84
355 85
355 86
355 87
356 63
356 70
356 71
356 72
356 73
356 74
356 75
356 76
356 77
356 78
356 79
356 80
356 81
356 82
356 83
357 63
358 62
359 62
360 61
360 62
361 61
362 61
362 96
363 60
364 60
364 111
364 112
365 59
365 93
365 94
366 59
366 109
367 58
367 59
367 108
367 109
368 58
368 92
368 108
369 58
370 57
370 106
370 107
371 57
371 105
371 106
372 57
372 105
373 57
373 104
374 57
374 103
374 104
375 56
375 103
376 56
376 93
376 102
377 56
377 94
377 95
377 102
378 56
378 96
378 101
379 56
379 97
379 98
379 100
379 101
380 55
380 56
380 99
381 55
382 55
383 54
383 55
411 37
412 36
413 35
414 35
416 32
416 55
417 31
418 30
418 57
420 59
424 51
425 51
426 51
426 65
426 66
426 67
427 67
428 24
428 25
428 50
428 64
428 68
429 23
429 47
429 50
429 64
429 69
430 21
430 22
430 50
430 71
431 21
431 30
431 38
431 50
432 20
433 19
433 20
433 37
433 62
433 76
434 18
434 19
434 62
434 66
434 76
434 78
434 79
435 17
435 61
435 65
435 80
435 81
436 16
436 17
436 61
436 65
436 81
436 82
437 15
437 16
437 61
437 64
437 71
437 83
438 14
438 15
438 60
438 64
438 71
438 84
438 85
439 13
439 14
439 60
439 64
439 85
439 86
440 12
440 13
440 59
440 64
440 70
440 87
440 88
441 11
441 12
441 58
441 70
441 75
441 88
441 89
441 90
442 10
442 11
442 42
442 58
442 70
442 90
442 91
443 9
443 10
443 58
443 62
443 69
443 91
444 8
444 9
444 50
444 51
444 57
444 62
444 69
444 74
444 92
445 8
445 44
445 52
445 57
445 61
445 68
445 69
445 93
445 94
446 46
446 56
446 57
446 61
446 68
446 73
446 92
447 56
447 60
447 67
447 92
447 96
448 55
448 56
448 67
448 72
449 55
449 66
449 72
449 91
450 49
450 50
450 51
450 55
450 66
450 71
450 90
451 52
451 65
451 90
452 52
452 53
452 65
452 70
452 89
452 103
452 110
453 53
453 70
453 88
453 89
453 102
453 110
454 54
454 64
454 69
454 88
454 102
454 109
454 110
455 64
455 69
455 87
455 88
455 109
455 110
456 63
456 68
456 87
456 92
456 108
457 63
457 68
457 87
457 92
457 108
458 62
458 68
458 86
458 91
458 92
458 108
459 62
459 68
459 86
459 91
460 62
460 67
460 85
460 86
460 91
461 85
461 90
462 62
462 64
462 85
462 90
463 84
463 89
463 94
463 116
464 66
464 84
464 89
464 94
464 116
465 84
465 89
465 94
465 116
466 83
466 93
467 68
467 83
467 88
467 93
468 83
468 88
468 110
469 71
469 83
469 87
470 82
470 87
471 82
471 114
472 75
472 114
473 82
473 114
474 108
476 86
477 85
477 89
477 101
477 107
478 89
478 102
478 107
478 112
479 90
479 91
479 102
480 91
480 92
480 102
481 100
481 112
