88 130 407 165
62 279
63 279
64 280
65 280
66 280
67 280
68 280
69 280
70 280
71 280
72 280
73 280
74 280
75 280
76 280
77 281
78 281
79 128
79 281
80 128
80 281
81 128
81 281
82 128
82 281
83 129
83 130
83 281
84 131
84 132
84 281
85 132
85 281
86 132
86 281
87 133
87 134
87 253
87 281
88 135
88 145
88 253
88 254
88 281
89 135
89 145
89 249
89 254
89 257
89 258
89 281
90 135
90 144
90 249
90 258
90 281
91 135
91 144
91 249
91 258
91 281
92 136
92 145
92 249
92 259
92 281
93 136
93 145
93 259
93 282
94 136
94 144
94 259
94 282
95 136
95 144
95 259
95 282
96 136
96 144
96 259
96 282
97 136
97 144
97 260
97 283
98 136
98 144
98 260
98 283
99 136
99 144
99 261
99 283
100 137
100 144
100 241
100 261
100 266
100 283
101 137
101 145
101 261
101 266
101 283
102 137
102 145
102 261
102 266
102 283
103 137
103 145
103 261
103 266
103 283
103 284
104 138
104 145
104 261
104 266
104 284
105 138
105 145
105 261
105 266
105 285
106 138
106 145
106 261
106 266
106 276
106 285
106 286
107 138
107 146
107 262
107 266
107 274
107 275
107 286
108 138
108 146
108 262
108 266
108 274
108 286
109 138
109 146
109 151
109 229
109 231
109 262
109 266
109 274
109 287
110 138
110 146
110 150
110 218
110 219
110 220
110 221
110 222
110 223
110 224
110 225
110 226
110 227
110 262
110 266
110 273
111 138
111 146
111 149
111 178
111 179
111 213
111 215
111 217
111 262
111 273
112 138
112 148
112 149
112 211
112 212
112 262
112 273
113 147
113 148
113 182
113 262
113 272
114 139
114 147
114 149
114 262
114 272
115 145
115 262
115 272
116 145
116 154
116 155
116 206
116 262
116 272
117 145
117 153
117 154
117 185
117 205
117 235
117 236
117 262
117 272
118 145
118 153
118 205
118 228
118 229
118 230
118 231
118 232
118 233
118 234
118 237
118 262
118 272
119 145
119 153
119 220
119 221
119 222
119 223
119 224
119 225
119 226
119 227
119 262
119 272
120 145
120 153
120 171
120 173
120 175
120 217
120 218
120 219
120 263
120 272
121 146
121 153
121 165
121 166
121 167
121 168
121 169
121 170
121 178
121 187
121 208
121 215
121 216
121 217
121 263
121 272
122 146
122 153
122 183
122 213
122 214
122 215
122 263
122 264
122 272
122 273
123 146
123 153
123 183
123 188
123 264
123 265
123 273
124 146
124 153
124 163
124 174
124 183
124 265
124 273
125 153
125 154
125 161
125 162
125 163
125 174
125 183
125 266
125 267
125 273
126 149
126 153
126 154
126 161
126 162
126 174
126 175
126 183
126 184
126 189
126 267
126 268
126 272
127 149
127 153
127 162
127 172
127 189
127 269
127 272
128 149
128 162
128 170
128 171
128 189
128 269
128 273
129 149
129 168
129 169
129 183
129 189
129 273
130 149
130 166
130 167
130 189
130 273
130 274
131 149
131 182
131 188
131 274
132 150
132 160
132 161
132 188
132 274
133 150
133 159
133 160
133 182
133 188
133 274
134 150
134 159
134 182
134 187
135 150
135 182
135 275
136 142
136 151
136 187
136 276
137 142
137 151
137 187
138 143
138 151
138 180
138 187
139 143
139 151
139 180
139 186
140 143
140 144
140 151
140 180
140 186
141 144
141 180
141 185
142 145
142 181
142 185
143 145
143 151
143 185
144 146
144 152
144 185
144 213
145 146
145 152
145 179
145 184
145 213
146 147
146 152
146 177
146 178
146 213
147 148
147 183
147 213
148 176
148 183
148 213
149 176
149 182
149 212
150 175
150 182
150 212
151 175
151 182
152 175
152 183
152 287
153 176
153 197
153 281
153 285
153 286
154 176
154 184
154 195
154 196
154 282
154 283
154 284
155 177
155 194
155 200
156 177
156 185
156 186
156 192
156 193
156 199
156 200
156 201
156 202
156 203
156 207
156 208
156 209
156 223
156 224
156 225
157 178
157 187
157 188
157 189
157 190
157 191
157 204
157 205
157 206
157 210
157 223
158 178
158 211
158 215
158 216
158 217
158 218
158 219
158 222
158 228
159 178
159 212
159 214
159 220
159 222
160 190
160 191
160 222
161 191
161 192
161 230
162 193
162 194
162 226
162 227
162 229
163 228
164 226
164 227
165 226
167 170
168 170
168 212
168 217
168 218
168 220
169 169
169 202
170 169
171 168
172 168
172 169
172 191
172 192
172 193
173 169
173 170
174 170
174 171
176 201
176 202
176 203
176 204
176 205
176 206
176 207
177 193
177 194
177 195
177 196
178 191
178 192
181 205
182 205
184 205
185 205
186 205
188 206
189 206
190 158
190 206
191 159
191 207
191 236
192 160
192 236
192 271
193 160
194 161
194 232
194 233
194 234
195 161
195 162
195 232
196 162
196 163
196 172
196 207
196 231
196 232
196 267
196 268
197 163
197 164
197 173
197 207
197 266
197 267
198 164
198 173
198 230
198 265
198 266
199 165
199 173
199 229
199 230
199 264
199 265
200 166
200 173
200 228
200 263
200 264
201 167
201 173
201 177
201 178
201 179
201 180
201 181
201 229
201 262
201 263
202 168
202 174
202 177
202 229
202 261
202 262
203 168
203 169
203 176
203 177
203 229
203 260
203 261
204 169
204 170
204 175
204 229
204 258
204 259
205 170
205 226
205 229
205 230
205 231
205 257
205 258
206 174
206 225
206 226
206 229
206 255
206 256
206 257
207 174
207 225
207 226
207 254
207 255
208 174
208 225
208 226
208 252
208 253
209 172
209 174
209 225
209 251
209 252
210 174
210 224
210 249
210 250
210 251
210 257
210 258
211 174
211 175
211 223
211 248
211 249
212 163
212 176
212 222
212 246
212 247
213 177
213 222
213 244
213 245
214 161
214 177
214 178
214 220
214 221
214 242
214 268
215 159
215 161
215 179
215 180
215 220
215 267
216 165
216 180
216 219
216 238
217 182
217 204
217 205
217 206
217 207
217 208
217 234
217 235
217 236
218 183
218 184
218 193
218 194
218 203
218 206
218 209
218 225
218 226
218 227
219 155
219 162
219 185
219 191
219 192
219 195
219 196
219 210
220 153
220 154
220 186
220 190
220 197
220 198
220 199
220 200
220 201
220 202
220 211
220 213
220 214
220 215
220 216
220 217
220 218
220 219
220 220
220 232
220 233
221 151
221 152
221 186
221 212
221 230
221 231
222 229
223 148
223 227
224 146
224 147
224 223
224 226
225 144
225 145
225 151
225 188
225 221
225 222
225 239
226 144
226 152
226 219
226 220
226 236
226 238
227 217
227 237
227 238
228 215
228 216
229 190
229 214
229 215
230 190
230 213
230 214
231 190
231 212
231 213
232 191
232 210
232 236
233 138
233 191
233 209
233 236
234 137
234 191
234 208
235 136
235 191
235 207
236 135
236 154
236 191
236 206
237 144
237 154
237 155
237 186
237 187
237 205
237 206
238 144
238 155
238 156
238 187
238 204
239 157
239 158
239 185
239 186
239 191
240 159
240 160
240 161
240 185
240 191
241 146
241 161
241 162
241 163
241 184
241 185
241 191
241 202
242 146
242 164
242 184
242 190
242 202
243 165
243 166
243 182
243 190
243 201
243 202
244 122
244 146
244 166
244 167
244 168
244 179
244 180
244 191
244 201
244 290
245 168
245 178
245 192
245 201
245 285
245 286
245 287
245 288
245 289
246 169
246 176
246 192
246 193
246 200
246 283
246 284
247 170
247 171
247 192
247 200
247 282
247 283
248 152
248 153
248 172
248 186
248 187
248 192
248 201
248 271
248 272
248 280
248 281
249 107
249 108
249 109
249 154
249 155
249 156
249 187
249 188
249 191
249 192
249 202
249 269
249 270
249 279
249 280
250 105
250 106
250 107
250 157
250 158
250 159
250 160
250 187
250 191
250 202
250 269
250 277
250 278
250 279
251 103
251 104
251 161
251 162
251 163
251 164
251 171
251 191
251 202
251 275
251 277
252 101
252 102
252 164
252 165
252 166
252 190
252 201
252 266
252 267
252 273
252 274
253 100
253 101
253 190
253 201
254 99
254 171
254 190
254 201
254 264
254 270
255 97
255 98
255 171
255 172
255 190
255 197
255 201
256 96
256 97
256 172
256 173
256 190
256 197
256 201
256 262
257 94
257 95
257 173
257 189
257 196
257 201
258 93
258 94
258 174
258 189
258 201
258 258
258 259
258 260
258 261
259 91
259 92
259 175
259 176
259 177
259 178
259 189
259 196
259 201
260 90
260 91
260 179
260 189
260 195
260 201
260 231
260 256
260 262
261 89
261 90
261 179
261 189
261 195
261 200
261 230
261 255
262 88
262 89
262 189
262 194
262 195
262 200
262 229
262 253
262 254
262 263
263 88
263 180
263 181
263 188
263 194
263 199
263 229
263 253
264 86
264 87
264 181
264 193
264 198
264 252
264 263
265 182
265 183
265 193
265 250
265 251
265 263
266 183
266 188
266 198
266 249
266 250
266 251
266 262
267 184
267 188
267 248
267 261
267 262
268 184
268 185
268 188
268 198
268 246
268 247
268 248
268 259
268 260
269 185
269 188
269 244
269 245
269 256
269 257
269 258
270 185
270 186
270 188
270 243
270 244
270 254
270 255
271 188
271 195
271 241
271 242
271 253
271 254
272 185
272 189
272 240
272 251
272 252
273 184
273 185
273 189
273 190
273 238
273 249
273 250
273 251
274 184
274 191
274 236
274 237
274 246
274 247
274 248
274 249
275 183
275 184
275 192
275 234
275 235
275 243
275 245
276 183
276 192
276 221
276 234
276 240
276 241
276 242
276 243
277 182
277 183
277 191
277 240
278 182
278 191
278 220
278 240
279 181
279 182
279 190
279 220
279 234
279 235
279 236
279 237
279 239
279 240
280 181
280 189
280 216
280 217
280 218
280 234
280 238
280 239
281 189
281 214
281 215
281 234
282 179
282 180
282 189
282 214
282 228
282 234
283 179
283 188
283 189
283 225
283 226
283 228
283 233
283 234
284 176
284 187
284 211
284 212
284 225
284 226
284 227
284 232
284 233
285 176
285 186
285 187
285 210
285 211
285 231
286 186
286 206
286 207
286 208
286 209
287 176
287 205
287 219
287 220
287 221
287 222
287 223
288 136
288 173
288 174
288 175
288 202
288 203
288 219
289 172
289 173
289 201
289 202
289 218
289 219
290 171
290 199
290 200
290 218
290 228
291 170
291 197
291 198
291 217
291 218
291 286
291 287
292 169
292 195
292 196
292 227
293 168
293 169
293 193
293 194
293 226
293 289
294 167
294 168
294 191
294 192
294 225
295 166
295 167
295 188
295 189
295 190
295 225
296 165
296 166
296 186
296 187
296 224
296 225
297 165
297 184
297 185
297 224
298 137
298 164
298 165
298 174
298 175
298 181
298 182
298 183
298 223
299 137
299 163
299 164
299 173
299 174
299 179
299 180
299 181
299 222
299 223
300 138
300 160
300 161
300 162
300 163
300 172
300 173
300 178
300 221
301 138
301 139
301 153
301 154
301 155
301 156
301 157
301 158
301 159
301 172
301 196
301 219
301 221
302 139
302 140
302 152
302 153
302 171
303 141
303 142
303 151
303 170
303 171
303 194
303 195
303 216
303 217
304 142
304 143
304 144
304 145
304 146
304 147
304 148
304 149
304 150
304 170
305 170
305 220
306 169
306 214
307 168
307 169
307 205
307 212
308 168
308 205
308 223
309 167
309 205
309 222
310 167
310 204
310 221
310 222
311 166
311 188
311 189
311 204
311 220
311 221
312 166
312 205
312 206
312 221
313 165
313 221
314 164
314 165
314 183
314 184
314 185
314 220
315 164
315 182
315 183
315 203
315 207
315 208
315 220
316 180
316 181
316 182
316 204
316 220
317 180
317 220
318 220
319 179
319 220
320 172
320 173
320 178
320 220
320 221
321 174
321 176
321 178
321 221
322 221
323 173
324 154
324 163
324 173
325 153
325 163
325 170
325 172
326 152
326 153
326 163
326 169
326 170
327 151
327 152
327 169
327 221
328 150
328 168
328 221
329 149
329 154
329 167
329 168
329 220
330 149
330 154
330 161
330 167
330 219
331 148
331 154
331 160
331 167
331 219
332 155
332 159
332 166
333 165
333 166
334 164
335 162
335 163
335 216
336 160
336 161
336 162
337 143
337 157
337 159
337 160
338 142
338 156
338 157
339 141
339 154
339 155
339 212
340 152
340 153
340 154
341 138
341 150
341 151
341 152
341 204
342 137
342 148
342 149
342 150
342 201
342 203
343 135
343 136
343 137
343 138
343 147
343 148
343 199
343 200
344 146
344 198
344 199
345 139
345 140
345 142
345 143
345 197
345 207
346 196
346 197
347 195
347 196
347 204
347 205
348 194
348 195
348 202
348 203
349 129
349 193
349 194
349 200
349 201
350 130
350 192
350 193
350 200
351 192
351 199
351 200
352 191
353 191
354 190
355 190
356 190
357 190
358 191
360 196
361 195
361 196
362 194
363 193
364 192
365 192
366 194
367 193
367 194
368 191
368 192
368 193
368 194
369 191
373 232
373 240
373 241
374 231
374 232
375 232
375 233
375 244
376 233
376 234
378 263
379 263
379 264
380 260
380 261
381 256
425 267
426 267
427 266
428 266
429 265
430 264
431 264
432 263
433 258
433 263
434 258
434 259
434 262
435 258
435 259
435 262
436 258
436 259
436 262
437 258
438 258
438 262
438 284
438 285
439 257
439 262
439 286
439 287
439 288
439 289
440 257
440 261
440 279
440 280
440 281
441 258
441 261
441 279
442 258
442 277
442 278
443 275
443 276
443 277
444 257
445 257
445 272
445 273
446 257
446 269
446 270
446 271
447 257
447 268
448 257
449 257
449 260
449 263
449 264
449 265
449 266
450 257
450 260
450 261
450 262
450 263
451 257
451 261
452 256
452 257
452 267
452 268
453 255
453 256
453 265
453 266
453 267
454 254
454 255
454 261
454 265
455 253
455 254
455 261
455 265
456 252
456 260
457 243
457 244
457 245
457 246
457 247
457 248
457 251
457 259
458 241
458 250
459 231
459 232
459 233
459 234
459 238
459 240
459 249
460 235
460 238
461 247
462 228
462 229
462 246
462 247
463 226
463 228
463 229
463 246
464 229
464 245
465 209
465 229
465 244
466 148
466 150
466 207
466 208
466 243
467 148
467 149
467 242
468 148
468 207
468 229
469 148
469 207
469 224
469 229
469 242
470 148
470 208
470 224
470 229
470 233
470 241
470 242
471 148
471 170
471 171
471 172
471 224
471 229
471 233
471 241
472 147
472 223
472 224
472 228
472 233
473 147
473 173
473 174
473 204
473 223
473 227
473 228
473 233
474 204
474 223
474 228
474 233
475 146
475 204
475 223
475 232
475 238
476 146
476 172
476 203
476 209
476 222
476 227
476 232
476 235
476 237
477 146
477 172
477 203
477 209
477 212
477 227
477 232
478 145
478 150
478 172
478 203
478 208
478 212
478 227
478 232
479 145
479 149
479 171
479 202
479 208
479 212
479 226
479 231
480 144
480 149
480 171
480 202
480 207
480 211
480 221
480 226
480 231
481 144
481 148
481 170
481 202
481 207
481 211
481 221
481 226
481 231
482 143
482 170
482 202
482 207
482 221
482 226
482 231
483 112
483 143
483 170
483 201
483 221
483 226
483 230
483 231
484 111
484 142
484 169
484 201
484 221
484 226
484 230
485 142
485 201
485 221
485 225
485 230
486 142
486 200
486 209
486 221
486 229
487 142
487 201
487 209
487 221
487 228
487 229
488 201
488 202
488 222
488 228
489 143
489 148
489 149
489 164
489 165
489 200
489 201
489 208
489 222
490 149
490 150
490 173
490 200
490 220
491 161
491 171
491 172
491 176
491 177
491 205
