466 105 21 45
454 114
454 115
454 116
455 113
455 117
456 118
457 119
458 120
458 121
458 122
458 123
458 124
458 125
459 126
459 127
459 128
460 129
460 130
460 131
461 132
461 133
461 134
462 135
462 136
462 137
462 138
463 139
463 140
463 141
463 142
463 143
464 144
464 145
464 146
465 146
465 147
466 147
466 148
467 110
467 148
467 149
469 109
470 109
470 148
471 109
471 148
472 108
473 108
475 108
476 107
481 105
482 104
482 105
483 106
483 112
484 106
484 107
484 111
485 108
486 142
487 142
