198 51 133 100
160 53
161 53
162 53
163 53
164 53
165 53
166 53
167 53
168 53
169 53
170 53
171 53
172 53
173 53
174 53
175 53
176 53
177 54
178 54
179 54
180 54
181 54
182 54
183 54
184 54
185 53
186 53
186 65
187 53
187 65
188 53
188 66
189 53
189 65
190 53
190 65
191 53
191 65
192 53
192 65
193 54
193 65
194 54
194 65
195 54
195 66
196 54
196 66
197 54
197 66
198 54
198 66
199 54
199 66
200 54
200 66
201 54
201 66
202 54
202 66
203 55
203 66
204 55
204 66
205 55
205 66
206 55
206 66
207 55
207 66
208 55
208 66
209 55
209 66
210 55
210 66
211 55
211 66
212 55
212 66
213 55
213 66
214 56
214 66
215 56
215 66
216 56
216 66
217 56
217 66
218 56
218 65
219 56
219 66
220 66
221 67
222 67
222 150
223 67
223 148
223 149
224 67
224 146
224 147
225 67
225 144
225 145
226 67
226 143
226 144
227 66
227 143
228 142
229 142
230 66
230 142
231 66
231 142
232 56
232 138
232 140
232 142
233 138
233 139
233 143
234 137
234 138
234 143
235 56
235 136
235 138
235 143
236 56
236 135
236 136
236 144
237 135
237 144
238 56
238 144
239 56
239 145
240 145
241 146
242 56
243 56
243 147
244 122
244 146
244 149
246 67
247 57
250 135
250 136
250 137
250 138
250 139
250 140
252 101
252 102
252 132
253 100
253 101
253 132
254 99
254 133
255 97
255 98
255 133
256 96
256 97
256 133
257 133
258 93
258 94
258 133
259 91
259 92
259 133
260 90
260 91
260 132
261 89
261 90
261 132
262 88
262 89
262 132
263 87
263 88
263 133
264 86
264 87
264 133
265 85
265 86
265 133
266 85
266 134
267 84
267 134
268 134
269 135
270 135
271 135
272 135
273 135
274 135
275 135
276 135
277 135
278 89
278 92
278 135
279 91
279 92
279 135
280 92
280 136
281 88
281 136
282 136
283 135
284 135
285 76
285 91
285 135
286 76
286 92
286 93
286 94
286 95
286 101
286 135
287 75
287 96
287 102
287 103
287 135
288 97
288 104
289 97
289 105
289 136
290 53
290 97
290 98
290 105
290 136
291 51
291 52
291 53
291 98
291 105
291 136
292 99
292 104
292 105
292 136
293 99
293 100
293 104
293 136
294 99
294 100
294 103
294 104
294 136
295 73
295 103
295 136
296 103
296 136
297 74
297 102
297 136
298 75
298 87
298 102
299 75
299 87
299 101
300 76
300 87
301 86
301 87
301 88
301 139
302 88
302 89
302 90
302 91
302 92
307 76
308 75
308 76
309 74
309 75
310 73
310 74
311 72
311 73
312 71
312 72
313 70
313 71
314 70
315 69
316 67
316 68
317 66
317 67
318 65
319 64
320 63
321 62
321 63
322 61
322 62
323 60
323 61
324 59
324 60
325 58
326 56
326 57
327 54
327 55
