267 224 123 110
268 246
268 259
268 260
269 244
269 245
269 256
269 257
269 258
270 243
270 244
270 254
270 255
271 241
271 242
271 253
271 254
272 240
272 251
272 252
273 238
273 249
273 250
273 251
274 236
274 237
274 246
274 247
274 248
274 249
275 234
275 235
275 243
275 244
275 245
276 234
276 240
276 241
276 242
276 243
277 240
278 240
279 234
279 235
279 236
279 237
279 239
279 240
280 234
280 238
280 239
281 234
282 228
282 234
283 225
283 226
283 228
284 225
284 226
284 227
284 232
284 233
285 231
285 232
286 230
287 229
288 229
289 228
291 227
292 287
292 288
292 289
293 290
294 226
294 291
294 292
295 292
300 217
300 221
300 222
301 218
301 220
302 217
304 215
305 214
306 213
324 266
324 267
325 266
326 265
326 266
327 265
328 264
328 288
329 262
329 263
329 287
329 288
330 286
330 287
346 264
347 265
347 266
347 267
348 267
348 268
348 327
348 328
349 270
349 271
349 325
349 326
349 327
350 271
350 272
351 272
352 273
352 323
352 324
353 273
353 274
353 324
353 325
354 274
354 326
355 274
355 327
356 275
357 275
358 275
358 276
359 276
360 276
361 276
362 276
363 275
364 275
365 275
366 275
369 259
370 259
370 265
371 260
371 265
372 257
372 260
372 266
373 232
373 240
373 241
373 256
373 260
373 267
374 231
374 257
374 267
374 298
375 232
375 233
375 244
375 257
375 267
375 268
375 298
376 233
376 234
376 250
376 258
376 298
377 251
377 263
377 270
377 272
377 297
377 298
378 252
378 256
378 258
378 263
378 297
379 252
379 256
379 259
379 263
379 264
379 297
380 255
380 256
380 260
380 261
380 296
381 256
381 296
382 296
383 295
384 295
385 294
386 293
386 294
387 293
388 292
