1 60 20
2 63 20
3 431 21
4 493 23
5 290 17
6 449 5
7 493 18
8 62 39
9 420 29
10 292 48
11 498 24
12 439 38
13 393 47
14 438 36
15 432 38
16 426 41
17 53 45
18 60 42
19 450 50
20 419 41
21 437 41
22 410 49
23 427 44
24 54 48
25 406 46
26 419 50
27 360 62
28 413 51
29 289 54
30 445 52
31 159 53
32 431 50
33 107 53
34 341 55
35 426 51
36 456 56
37 16 56
38 219 56
39 318 65
40 431 71
41 383 54
42 446 57
43 38 59
44 264 58
45 353 66
46 458 60
47 434 62
48 110 63
49 321 63
50 444 62
51 136 63
52 355 64
53 472 75
54 185 65
55 340 65
56 455 64
57 109 73
58 429 64
59 434 66
60 244 68
61 344 69
62 442 70
63 306 77
64 339 70
65 351 94
66 453 70
67 428 69
68 467 68
69 438 71
70 446 73
71 265 86
72 345 75
73 446 93
74 441 75
75 350 78
76 110 109
77 343 89
78 481 97
79 349 80
80 449 91
81 473 82
82 69 96
83 245 143
84 286 89
85 300 87
86 301 99
87 263 87
88 285 91
89 468 88
90 280 92
91 465 89
92 458 92
93 346 92
94 358 99
95 379 97
96 443 91
97 293 100
98 447 92
99 465 94
100 452 108
101 347 127
102 84 100
103 107 98
104 362 114
105 480 102
106 294 100
107 292 105
108 83 105
109 478 101
110 452 103
111 485 108
112 355 109
113 475 108
114 455 109
115 455 110
116 468 110
117 111 120
118 487 142
119 465 111
120 467 149
121 465 116
122 352 116
123 354 122
124 353 125
125 343 138
126 44 141
127 104 138
128 350 130
129 178 134
130 299 137
131 236 136
132 250 140
133 85 141
134 232 140
135 147 148
136 301 158
137 301 139
138 331 167
139 28 152
140 326 153
141 58 150
142 222 150
143 244 149
144 336 143
145 477 146
146 491 167
147 111 146
148 244 146
149 69 152
150 124 146
151 110 150
152 469 148
153 471 148
154 168 149
155 174 150
156 478 150
157 140 151
158 58 151
159 471 170
160 108 175
161 147 152
162 202 168
163 209 168
164 225 154
165 252 166
166 63 161
167 19 177
168 126 154
169 305 170
170 60 156
171 114 169
172 245 168
173 330 161
174 222 158
175 59 161
176 131 163
177 293 169
178 219 163
179 125 163
180 62 171
181 197 164
182 326 163
183 127 173
184 314 165
185 213 170
186 320 167
187 324 173
188 58 169
189 120 173
190 175 172
191 205 170
192 209 170
193 491 176
194 162 177
195 243 181
196 287 176
197 478 172
198 114 173
199 285 187
200 210 172
201 257 173
202 466 207
203 57 177
204 201 173
205 320 179
206 473 174
207 51 190
208 126 175
209 170 202
210 219 184
211 269 185
212 114 177
213 122 181
214 126 184
215 160 178
216 203 177
217 122 188
218 16 197
219 201 181
220 488 202
221 273 185
222 299 181
223 309 193
224 154 184
225 238 187
226 285 211
227 125 183
228 153 197
229 218 183
230 144 185
231 234 191
232 270 186
233 138 187
234 249 188
235 130 189
236 268 188
237 276 192
238 283 189
239 368 194
240 220 199
241 246 193
242 46 193
243 162 194
244 177 196
245 341 207
246 48 205
247 241 191
248 348 194
249 361 196
250 259 196
251 303 195
252 12 197
253 103 198
254 298 206
255 106 199
256 250 198
257 268 198
258 11 200
259 15 202
260 101 199
261 251 202
262 159 212
263 348 202
264 107 206
265 220 202
266 229 215
267 475 204
268 96 237
269 489 202
270 14 214
271 24 223
272 168 212
273 175 211
274 220 215
275 315 208
276 345 207
277 312 206
278 489 221
279 122 209
280 195 208
281 48 216
282 103 231
283 470 208
284 477 209
285 310 215
286 328 221
287 465 209
288 148 213
289 487 209
290 110 226
291 463 226
292 276 222
293 479 212
294 288 229
295 119 220
296 172 220
297 304 216
298 156 226
299 164 227
300 230 214
301 16 233
302 220 234
303 48 240
304 220 219
305 287 223
306 208 226
307 305 220
308 218 227
309 308 223
310 119 239
311 171 223
312 484 221
313 487 221
314 489 226
315 493 223
316 256 233
317 472 224
318 22 227
319 283 228
320 478 227
321 43 232
322 161 230
323 19 230
324 113 235
325 159 229
326 474 233
327 192 236
328 460 238
329 471 229
330 205 232
331 465 229
332 223 242
333 280 239
334 19 247
335 383 251
336 103 236
337 239 239
338 241 249
339 472 233
340 196 268
341 273 238
342 235 236
343 473 240
344 100 241
345 457 248
346 52 245
347 268 246
348 268 260
349 376 248
350 460 248
351 48 243
352 62 248
353 42 249
354 87 252
355 31 256
356 92 249
357 186 283
358 263 253
359 21 254
360 53 254
361 66 250
362 70 249
363 452 257
364 379 252
365 381 257
366 89 254
367 61 257
368 260 262
369 452 256
370 49 276
371 376 258
372 124 265
373 210 262
374 436 259
375 449 257
376 379 264
377 373 260
378 455 261
379 451 261
380 253 271
381 439 262
382 449 266
383 247 273
384 324 267
385 425 268
386 379 263
387 359 276
388 452 268
389 110 266
390 128 269
391 180 276
392 375 267
393 440 283
394 378 272
395 106 276
396 132 274
397 195 274
398 244 290
399 151 278
400 362 276
401 57 281
402 153 279
403 108 286
404 153 280
405 183 283
406 152 287
407 333 287
408 436 294
409 179 311
410 299 293
411 324 291
412 149 289
413 74 294
414 252 309
415 73 293
416 232 302
417 345 304
418 311 297
419 78 296
420 303 305
421 340 296
422 433 301
423 279 313
424 173 299
425 229 310
426 176 304
427 294 309
428 420 334
429 222 314
430 286 314
431 226 317
432 189 347
433 275 315
434 278 320
435 219 325
436 213 348
437 274 324
438 355 331
439 348 328
440 217 340
441 271 329
442 339 328
443 417 345
444 411 341
445 217 348
446 262 349
447 408 351
448 189 351
449 214 351
450 485 229
